10.005 -5.01015 -8.52859 -9.79229 -5.78676 0.124841 3.3303 3.01713 1.41571 -0.253587 -1.96447 -0.502304 4.99335 9.3478 8.01854 2.83721 -1.31802 -4.99033 -8.70866 -10.6839 -7.46184 -1.67143 1.5041 1.77427
10.055 -3.83743 -7.17562 -10.2027 -7.75576 -1.69502 2.71224 3.5364 1.99458 0.298212 -1.05993 -1.37903 2.5344 8.46978 8.75126 4.70306 0.132941 -3.68067 -7.36757 -10.6767 -9.1083 -3.38965 0.869261 1.98513
10.105 -2.69101 -5.77789 -9.55493 -9.16368 -4.01216 1.44086 3.68765 2.73584 1.14855 -0.426751 -2.05451 0.389055 6.61333 9.54071 7.01318 1.41724 -2.52702 -6.12071 -9.856 -10.2916 -5.70442 -0.413543 1.97962
10.155 -1.58648 -4.40006 -8.39655 -10.0731 -6.28754 -0.184083 3.37646 3.445 1.84664 -0.0337922 -1.88768 -0.65419 4.70461 9.27383 8.10286 3.0279 -1.14059 -4.81339 -8.61431 -10.9074 -7.82313 -1.87917 1.58961
10.205 -0.562107 -3.11044 -7.02024 -10.2692 -8.16875 -2.13417 2.52311 3.74436 2.41411 0.659135 -0.869464 -1.51763 2.20723 8.29799 8.84367 4.94082 0.287291 -3.50802 -7.24454 -10.7711 -9.43403 -3.70574 0.785515
10.255 0.42793 -1.86132 -5.63341 -9.48053 -9.47036 -4.51666 1.10332 3.69052 3.09404 1.54534 -0.217713 -2.10281 0.153961 6.40825 9.60939 7.18536 1.57861 -2.3463 -5.96456 -9.85572 -10.6018 -6.07643 -0.630858
10.305 1.47049 -0.622547 -4.28102 -8.25037 -10.2409 -6.75298 -0.582226 3.20405 3.62005 2.18402 0.24477 -1.74027 -0.802116 4.42863 9.2362 8.20914 3.23319 -0.95134 -4.62423 -8.52468 -11.1594 -8.20717 -2.15165
10.355 2.54113 0.610529 -3.01338 -6.87331 -10.2366 -8.50742 -2.61955 2.19315 3.72802 2.67524 0.993053 -0.65291 -1.62448 1.91345 8.16029 8.98367 5.20629 0.448931 -3.32719 -7.12343 -10.8884 -9.79187 -4.06598
10.405 3.5885 1.88767 -1.79767 -5.51187 -9.35857 -9.70725 -5.02277 0.684892 3.50335 3.24614 1.84621 -0.00267987 -2.11985 -0.0532324 6.26388 9.71702 7.36243 1.76619 -2.14056 -5.79237 -9.86616 -10.9381 -6.462
10.455 4.68219 3.30937 -0.608317 -4.20725 -8.09845 -10.3659 -7.20145 -1.03252 2.8874 3.583 2.38121 0.500806 -1.58135 -0.974269 4.16699 9.27019 8.37201 3.47372 -0.73401 -4.40913 -8.43254 -11.4346 -8.62161
10.505 5.77846 4.88938 0.560695 -2.99531 -6.75746 -10.1918 -8.83824 -3.16296 1.74142 3.50965 2.76847 1.26626 -0.452585 -1.78672 1.57959 8.0992 9.23098 5.54427 0.649669 -3.1109 -6.98473 -11.0345 -10.2462
10.555 6.7065 6.44135 1.78136 -1.80735 -5.42601 -9.24618 -9.9411 -5.56023 0.179777 3.11302 3.17229 2.03985 0.196989 -2.22933 -0.363911 6.20193 9.9359 7.61837 2.02878 -1.86723 -5.57568 -9.90291 -11.4241
10.605 6.76854 7.58675 3.28274 -0.569436 -4.1323 -7.95665 -10.462 -7.6181 -1.5005 2.44534 3.32885 2.40123 0.649665 -1.51127 -1.23114 3.91731 9.42351 8.64302 3.7919 -0.45968 -4.17076 -8.40734 -11.9216
10.655 6.27385 8.69998 5.0605 0.653215 -2.92746 -6.64413 -10.1191 -9.11182 -3.67204 1.23675 3.14338 2.67999 1.34925 -0.438775 -2.0252 1.30764 8.1087 9.59203 5.94761 0.871725 -2.9183 -6.96887 -11.3789
10.705 5.43618 9.55972 6.79826 1.95866 -1.7096 -5.32596 -9.12088 -10.1048 -6.01516 -0.312526 2.66293 2.93975 1.98726 0.149651 -2.3483 -0.517811 6.16233 10.1093 7.78546 2.26087 -1.66313 -5.52619 -10.0784
10.755 4.26506 9.27209 7.99564 3.57639 -0.405674 -4.02337 -7.80344 -10.5063 -7.96423 -1.95275 1.98645 2.97395 2.20708 0.579824 -1.45038 -1.39665 3.6199 9.45785 8.76909 3.98896 -0.33535 -4.14651 -8.5262
10.805 2.47941 8.21312 9.14111 5.48982 0.84592 -2.82146 -6.51477 -10.0071 -9.32315 -4.15933 0.777184 2.7525 2.41557 1.24181 -0.458332 -2.19809 0.976063 7.97071 9.80527 6.19262 0.917411 -2.91272 -6.99529
10.855 0.418156 6.66513 9.88208 7.20755 2.21399 -1.56268 -5.20578 -8.96417 -10.194 -6.40264 -0.70894 2.28593 2.60816 1.7525 0.0235042 -2.40709 -0.655114 6.02396 10.1402 7.83199 2.37108 -1.59679 -5.45658
10.905 -0.368603 4.43957 9.48549 8.33839 3.89886 -0.217534 -3.90326 -7.64549 -10.4713 -8.21436 -2.33062 1.65955 2.64247 1.88702 0.39085 -1.44302 -1.52217 3.37476 9.45786 8.89024 4.15363 -0.260585 -4.03162
10.955 -1.04536 1.95849 8.21642 9.44136 5.93123 1.03146 -2.71764 -6.38309 -9.86297 -9.46825 -4.55487 0.497527 2.49436 2.09535 0.988133 -0.583101 -2.32163 0.782127 7.94572 10.0837 6.45145 1.0164 -2.77116
11.005 -1.53516 0.466866 6.46256 9.86941 7.47558 2.44525 -1.4264 -5.09404 -8.79364 -10.2303 -6.69361 -0.940333 2.10532 2.32577 1.40822 -0.213891 -2.44236 -0.672377 6.02346 10.3311 8.03998 2.59221 -1.3779
11.055 -1.07147 -0.261972 4.15318 9.27148 8.47226 4.15744 -0.0685201 -3.80511 -7.49675 -10.4024 -8.39288 -2.59518 1.5232 2.4412 1.5398 0.104024 -1.51472 -1.55135 3.37883 9.68914 9.26386 4.52536 0.0348472
11.105 -0.402912 -0.980829 1.77074 7.77683 9.50145 6.26939 1.1578 -2.6511 -6.27082 -9.72804 -9.58292 -4.8579 0.380927 2.39499 1.81311 0.658816 -0.795318 -2.3873 0.823475 8.24611 10.673 6.98453 1.44168
11.155 -0.264673 -1.20046 0.550824 5.97501 9.64544 7.61506 2.63068 -1.32283 -5.00175 -8.6426 -10.2641 -6.92222 -1.06172 2.05088 2.12164 1.05559 -0.513893 -2.50101 -0.571509 6.31588 10.9102 8.6142 3.13805
11.205 -0.312348 -0.587232 -0.156433 3.67376 8.90233 8.51308 4.3864 0.0533629 -3.72362 -7.37019 -10.3349 -8.54001 -2.80308 1.43791 2.3048 1.24163 -0.20483 -1.65545 -1.51993 3.65332 10.2447 9.96412 5.16705
11.255 -0.0898502 -0.057508 -0.862244 1.41747 7.27683 9.48602 6.55256 1.29118 -2.57658 -6.16621 -9.60809 -9.68882 -5.11195 0.249582 2.29801 1.59748 0.352307 -1.04696 -2.42617 1.05418 8.80622 11.4806 7.63434
11.305 0.0983635 -0.0428929 -0.93266 0.404976 5.45213 9.41987 7.75061 2.83552 -1.20471 -4.90284 -8.49827 -10.3012 -7.13292 -1.22315 1.95542 1.95518 0.757254 -0.795985 -2.53969 -0.408559 6.7402 11.6542 9.29613
11.355 0.0851718 -0.0275317 -0.261259 -0.265385 3.16507 8.54785 8.56867 4.64283 0.190526 -3.63 -7.24404 -10.2634 -8.68522 -3.06114 1.28879 2.17821 1.00711 -0.464601 -1.79343 -1.50645 3.9812 10.9644 10.8405
11.405 0.0867105 0.233555 0.171937 -0.933222 1.03339 6.82741 9.46895 6.8222 1.4582 -2.4707 -6.04958 -9.48877 -9.79588 -5.38952 0.0479607 2.17004 1.43491 0.112091 -1.28401 -2.54163 1.25697 9.54138 12.5112
11.455 0.159121 0.347359 0.13253 -0.852668 0.156401 4.9693 9.23938 7.90514 3.07224 -1.05835 -4.78366 -8.34905 -10.3442 -7.36821 -1.44593 1.81019 1.81547 0.529484 -1.05914 -2.6615 -0.292426 7.3432 12.7091
11.505 0.181423 0.303055 0.198465 -0.146699 -0.511115 2.6884 8.25595 8.67789 4.9507 0.360307 -3.50914 -7.10541 -10.19 -8.85303 -3.37219 1.0548 2.03659 0.837699 -0.715138 -2.02302 -1.36343 4.74527 11.9304
11.555 0.146841 0.335176 0.475373 0.196981 -1.15422 0.667733 6.47208 9.50463 7.11993 1.67902 -2.3155 -5.90487 -9.36106 -9.91016 -5.69366 -0.246184 1.97484 1.27313 -0.176036 -1.54139 -1.9439 2.53783 10.2138
11.605 0.14526 0.397065 0.530185 0.142862 -0.907727 -0.0971694 4.56073 9.11976 8.08721 3.34644 -0.872066 -4.63035 -8.18229 -10.3893 -7.62723 -1.74009 1.61339 1.62452 0.224998 -1.17824 -1.83649 0.968624 7.82592
11.655 0.104871 0.392966 0.478345 0.276969 -0.181066 -0.751873 2.30393 7.996 8.80834 5.2866 0.546712 -3.36428 -6.9502 -10.114 -9.04018 -3.73838 0.780014 1.8337 0.61453 -0.73917 -1.39888 -0.185516 5.4048
11.705 -0.134254 0.355115 0.561991 0.5631 0.0957747 -1.33323 0.413414 6.15894 9.5122 7.37128 1.91099 -2.13615 -5.74242 -9.23189 -10.0355 -6.02776 -0.557775 1.72869 1.09064 -0.192029 -1.09319 -0.859592 3.41701
11.755 -0.7124 0.202669 0.766115 0.605393 0.0547988 -0.958619 -0.312331 4.17761 9.01492 8.25852 3.62685 -0.672636 -4.45932 -8.01403 -10.4507 -7.91575 -2.05782 1.36265 1.45303 0.190756 -0.828502 -0.850897 2.03075
11.805 -1.65844 -0.242325 0.973225 0.670285 0.268271 -0.27234 -0.977136 1.95623 7.74082 8.95273 5.64307 0.731917 -3.21043 -6.79256 -10.0457 -9.25557 -4.13758 0.459753 1.66545 0.606528 -0.453158 -0.639019 1.03693
11.855 -2.87408 -1.07581 1.12379 0.987401 0.602928 -0.0636185 -1.48077 0.219266 5.87003 9.49096 7.57361 2.13923 -1.94657 -5.57359 -9.10563 -10.1809 -6.38572 -0.885486 1.53585 1.06485 0.0135985 -0.434202 0.426153
11.905 -4.16772 -2.28116 1.11391 1.44943 0.733605 -0.0468157 -0.979298 -0.521886 3.7608 8.90023 8.39764 3.89204 -0.47721 -4.28455 -7.85394 -10.5233 -8.22052 -2.39817 1.16201 1.41937 0.373491 -0.205639 0.150465
11.955 -5.52819 -3.8093 0.727281 1.87654 1.0012 0.29938 -0.362268 -1.24602 1.54099 7.45914 9.11431 6.02482 0.903258 -3.05669 -6.6331 -9.99341 -9.49862 -4.54696 0.174465 1.61047 0.812212 0.0983873 0.0448683
12.005 -6.82425 -5.47234 -0.166329 2.14474 1.57373 0.719447 -0.188853 -1.6859 -0.0687978 5.58021 9.47121 7.76014 2.37275 -1.74266 -5.38924 -8.97957 -10.3395 -6.74642 -1.18715 1.42654 1.23069 0.463907 0.0988663
12.055 -7.88215 -7.1323 -1.4771 2.10814 2.22741 0.993106 -0.0632091 -1.08195 -0.888861 3.30563 8.80077 8.55322 4.17757 -0.254065 -4.07619 -7.68437 -10.5695 -8.50878 -2.74208 0.995122 1.52756 0.73585 0.226922
12.105 -8.1725 -8.49721 -3.32498 1.44585 2.7322 1.50383 0.441904 -0.494669 -1.64637 1.04788 7.1653 9.32604 6.45934 1.08948 -2.87536 -6.45157 -9.92659 -9.73956 -4.94184 -0.0713312 1.65665 1.12207 0.473296
12.155 -7.83269 -9.52618 -5.37989 0.21111 2.92412 2.32822 0.991115 -0.31295 -1.90328 -0.310439 5.30368 9.42806 7.90709 2.6097 -1.52635 -5.19089 -8.84229 -10.4944 -7.0905 -1.44271 1.42689 1.48185 0.781962
12.205 -7.08452 -10.0875 -7.31892 -1.39732 2.62343 3.02011 1.47215 0.0248345 -1.15093 -1.1756 2.91367 8.66002 8.66296 4.4408 -0.0521852 -3.87617 -7.52302 -10.6128 -8.79053 -3.06178 0.916756 1.72929 1.02689
12.255 -6.12913 -9.60671 -8.76812 -3.53679 1.6208 3.39439 2.16572 0.738504 -0.542481 -1.91745 0.687981 6.88982 9.45644 6.77052 1.25204 -2.70618 -6.28704 -9.88251 -9.99462 -5.31325 -0.243684 1.7998 1.42547
12.305 -5.02497 -8.54454 -9.78238 -5.75908 0.14593 3.33403 3.00764 1.40736 -0.258872 -1.97097 -0.491682 5.01941 9.35494 8.00758 2.81491 -1.33667 -5.00736 -8.72589 -10.6793 -7.43756 -1.65322 1.50773 1.76879
12.355 -3.8521 -7.1929 -10.2057 -7.73537 -1.66786 2.72451 3.53219 1.98597 0.288306 -1.06995 -1.37032 2.56077 8.48741 8.74331 4.67712 0.114876 -3.6972 -7.38455 -10.6834 -9.09144 -3.36369 0.880537 1.9812
12.405 -2.70567 -5.79597 -9.56726 -9.14838 -3.98154 1.45973 3.6888 2.72465 1.13773 -0.432212 -2.05103 0.407468 6.63645 9.53662 6.99209 1.39875 -2.54366 -6.13727 -9.86922 -10.2797 -5.67563 -0.396817 1.98051
12.455 -1.59992 -4.41693 -8.41373 -10.0651 -6.25988 -0.161743 3.3836 3.43778 1.83848 -0.040786 -1.89744 -0.6442 4.73227 9.28224 8.09241 3.0051 -1.15941 -4.83073 -8.63196 -10.9034 -7.79899 -1.86063 1.59419
12.505 -0.574556 -3.12643 -7.03786 -10.2747 -8.14927 -2.10546 2.53818 3.74255 2.40604 0.647943 -0.880965 -1.50987 2.2341 8.31737 8.83532 4.91392 0.269782 -3.52403 -7.2613 -10.7802 -9.41775 -3.67783 0.799736
12.555 0.415027 -1.87743 -5.65139 -9.4939 -9.45664 -4.48618 1.12347 3.69369 3.08506 1.53488 -0.224164 -2.10202 0.169823 6.43119 9.60803 7.1672 1.55938 -2.36355 -5.98164 -9.87102 -10.5909 -6.04703 -0.612824
12.605 1.45661 -0.638495 -4.298 -8.26793 -10.2345 -6.72625 -0.559357 3.21279 3.61561 2.17679 0.236461 -1.75277 -0.791965 4.45866 9.24526 8.19842 3.20987 -0.969815 -4.64155 -8.54379 -11.1563 -8.18267 -2.13244
12.655 2.52801 0.594807 -3.02912 -6.89056 -10.244 -8.48927 -2.58966 2.2099 3.72845 2.66797 0.981106 -0.665397 -1.61676 1.94188 8.18108 8.97374 5.17772 0.432037 -3.34273 -7.14114 -10.8987 -9.77519 -4.03737
12.705 3.57492 1.87049 -1.81333 -5.5293 -9.37264 -9.69499 -4.9925 0.705976 3.50856 3.2392 1.83622 -0.00988685 -2.12037 -0.0378469 6.28726 9.71665 7.34518 1.74644 -2.15821 -5.8106 -9.88281 -10.9279 -6.43261
12.755 4.66741 3.28971 -0.623727 -4.22358 -8.11618 -10.3608 -7.17558 -1.00927 2.89745 3.58092 2.37536 0.492017 -1.59653 -0.963335 4.20068 9.27903 8.36027 3.44971 -0.752568 -4.42715 -8.45252 -11.4321 -8.59637
12.805 5.76431 4.86829 0.54609 -3.01011 -6.77423 -10.2009 -8.821 -3.13182 1.75972 3.51191 2.76211 1.25475 -0.463386 -1.77874 1.60842 8.12153 9.21813 5.51297 0.633066 -3.12638 -7.00295 -11.0453 -10.2282
12.855 6.70145 6.42572 1.7642 -1.82323 -5.44319 -9.26108 -9.93073 -5.53114 0.200227 3.11967 3.16785 2.03265 0.190921 -2.23326 -0.351906 6.22612 9.93852 7.60336 2.00782 -1.88585 -5.59492 -9.92061 -11.4138
12.905 6.77107 7.57215 3.2613 -0.58563 -4.14872 -7.97472 -10.4584 -7.59379 -1.47817 2.45588 3.32878 2.39813 0.641844 -1.53178 -1.22065 3.95743 9.43251 8.63053 3.7671 -0.477946 -4.18833 -8.42649 -11.9199
12.955 6.28352 8.684 5.03496 0.637805 -2.94225 -6.66093 -10.1287 -9.09537 -3.64119 1.2557 3.14722 2.67526 1.33806 -0.450718 -2.01613 1.34107 8.13349 9.57591 5.91361 0.856264 -2.93256 -6.98659 -11.3922
13.005 5.44814 9.55759 6.78141 1.93994 -1.72647 -5.3434 -9.13603 -10.0959 -5.98756 -0.292322 2.67007 2.93753 1.98164 0.143375 -2.35382 -0.505633 6.18883 10.1138 7.77116 2.24024 -1.68061 -5.54477 -10.098
13.055 4.28297 9.28005 7.9808 3.55378 -0.42267 -4.03998 -7.82063 -10.5054 -7.94269 -1.9291 1.99772 2.97528 2.20507 0.571637 -1.47098 -1.3855 3.66097 9.46915 8.75681 3.96465 -0.352246 -4.16354 -8.54658
13.105 2.51087 8.23115 9.1227 5.46072 0.830345 -2.83602 -6.53102 -10.018 -9.30802 -4.12831 0.796104 2.75707 2.41164 1.23049 -0.470811 -2.18711 1.01417 7.99789 9.78526 6.15568 0.902779 -2.92645 -7.01394
13.155 0.433157 6.68804 9.88282 7.192 2.194 -1.57992 -5.22257 -8.98003 -10.1871 -6.3766 -0.689244 2.29255 2.60628 1.748 0.018085 -2.41317 -0.64309 6.05167 10.1451 7.81716 2.35011 -1.61425 -5.47601
13.205 -0.361127 4.47359 9.49517 8.32506 3.87562 -0.23464 -3.91944 -7.66207 -10.4737 -8.19554 -2.30534 1.67095 2.6431 1.88465 0.383388 -1.45751 -1.51192 3.40858 9.47136 8.87733 4.12852 -0.277678 -4.0493
13.255 -1.03372 1.99526 8.23934 9.42231 5.89857 1.01661 -2.7313 -6.39899 -9.87442 -9.45398 -4.52399 0.515309 2.49771 2.09098 0.979252 -0.591437 -2.31327 0.811228 7.96759 10.0698 6.4236 0.998743 -2.78778
13.305 -1.53494 0.477445 6.4879 9.87295 7.46144 2.42494 -1.44346 -5.11045 -8.80968 -10.2245 -6.66886 -0.921134 2.11096 2.32298 1.40474 -0.21805 -2.44984 -0.661688 6.05187 10.3367 8.02429 2.56959 -1.39625
13.355 -1.08211 -0.253043 4.18624 9.28409 8.46064 4.13398 -0.0854905 -3.82119 -7.51308 -10.4063 -8.37508 -2.56935 1.53419 2.44036 1.5371 0.0972928 -1.5282 -1.54172 3.41174 9.70301 9.24897 4.49784 0.0165738
13.405 -0.411467 -0.969867 1.80363 7.80023 9.48563 6.23952 1.14227 -2.66543 -6.28648 -9.73931 -9.56949 -4.82808 0.398331 2.3973 1.80799 0.650422 -0.802771 -2.37854 0.852104 8.26699 10.6585 6.95661 1.42187
13.455 -0.264341 -1.20261 0.561537 6.00051 9.65019 7.60184 2.60972 -1.34069 -5.01832 -8.65828 -10.2587 -6.89833 -1.04229 2.05616 2.11805 1.05167 -0.517873 -2.50782 -0.559401 6.34566 10.9152 8.59666 3.11437
13.505 -0.313515 -0.594457 -0.14732 3.70155 8.9176 8.50292 4.36251 0.03639 -3.73944 -7.38553 -10.3411 -8.52369 -2.77516 1.45039 2.30352 1.23757 -0.211958 -1.66746 -1.5087 3.68739 10.2588 9.94669 5.13789
13.555 -0.0932866 -0.0597397 -0.854896 1.43853 7.29847 9.47847 6.53076 1.27359 -2.59281 -6.18181 -9.6205 -9.67718 -5.08285 0.2674 2.30045 1.59147 0.343961 -1.05323 -2.4171 1.08222 8.82753 11.4672 7.60803
13.605 0.0978524 -0.041531 -0.937789 0.413566 5.4783 9.42717 7.73925 2.81378 -1.22279 -4.91911 -8.51468 -10.2969 -7.10933 -1.20316 1.96065 1.95075 0.752876 -0.799953 -2.54615 -0.394303 6.77225 11.6585 9.27635
13.655 0.0861356 -0.0292304 -0.269192 -0.25769 3.19237 8.56551 8.55965 4.61797 0.173632 -3.64553 -7.25978 -10.2707 -8.66906 -3.03242 1.30156 2.17589 1.00179 -0.471645 -1.80177 -1.4944 4.01453 10.979 10.8197
13.705 0.0864887 0.23064 0.170324 -0.927507 1.05214 6.84967 9.46397 6.80197 1.43976 -2.48759 -6.06557 -9.5015 -9.78492 -5.36113 0.0662008 2.1728 1.42806 0.104075 -1.28842 -2.53301 1.2835 9.56358 12.4996
13.755 0.158695 0.347531 0.133306 -0.859162 0.165217 4.99654 9.24742 7.89404 3.04978 -1.07683 -4.8003 -8.36558 -10.3404 -7.34514 -1.42564 1.81574 1.81063 0.525046 -1.06274 -2.66888 -0.277516 7.37731 12.7139
13.805 0.182036 0.303748 0.1958 -0.154314 -0.502771 2.71628 8.2747 8.66812 4.92402 0.343133 -3.5249 -7.12123 -10.1977 -8.83706 -3.34325 1.06828 2.03426 0.832031 -0.721947 -2.03083 -1.35451 4.77452 11.9475
13.855 0.147679 0.334497 0.472533 0.196276 -1.14944 0.684658 6.49448 9.50156 7.10123 1.65967 -2.33337 -5.92108 -9.3739 -9.90007 -5.66601 -0.228171 1.97768 1.26738 -0.18346 -1.54786 -1.94101 2.56242 10.2411
13.905 0.145534 0.396846 0.530615 0.143307 -0.915467 -0.0880252 4.58916 9.12825 8.0765 3.32334 -0.891215 -4.6474 -8.19871 -10.3859 -7.60467 -1.72003 1.61882 1.62004 0.220127 -1.18365 -1.84359 0.986211 7.86042
13.955 0.106713 0.393267 0.478204 0.27401 -0.186175 -0.743559 2.32995 8.0168 8.79812 5.25818 0.529773 -3.37959 -6.96536 -10.1236 -9.0252 -3.70829 0.795244 1.83214 0.607573 -0.747099 -1.40441 -0.174049 5.43321
14.005 -0.129075 0.355916 0.560069 0.561972 0.096846 -1.33278 0.424921 6.18138 9.51413 7.35708 1.89046 -2.15486 -5.75879 -9.24638 -10.0272 -6.00074 -0.539374 1.73208 1.0847 -0.199099 -1.09775 -0.856455 3.43754
14.055 -0.702407 0.206329 0.763654 0.606202 0.0546077 -0.97005 -0.303683 4.20889 9.02508 8.24907 3.60317 -0.691715 -4.47623 -8.03151 -10.4483 -7.89352 -2.03747 1.36804 1.44801 0.185873 -0.83309 -0.855029 2.04565
14.105 -1.64395 -0.234112 0.971079 0.66837 0.263832 -0.278441 -0.968283 1.98464 7.76441 8.94132 5.61172 0.71554 -3.22506 -6.80827 -10.0556 -9.24052 -4.10737 0.475097 1.66361 0.599521 -0.460055 -0.642286 1.04647
14.155 -2.85781 -1.0626 1.1225 0.982303 0.600714 -0.0631662 -1.48108 0.23076 5.89321 9.49414 7.56006 2.11836 -1.96512 -5.59015 -9.12042 -10.1732 -6.35949 -0.867253 1.5392 1.05913 0.0073065 -0.438097 0.430586
14.205 -4.15033 -2.26324 1.11664 1.44408 0.73243 -0.0487751 -0.993662 -0.51158 3.79754 8.91025 8.3878 3.86783 -0.496233 -4.30142 -7.87052 -10.523 -8.20029 -2.37585 1.16904 1.41469 0.368164 -0.209545 0.151954
14.255 -5.50989 -3.78752 0.735911 1.87237 0.996064 0.292443 -0.368714 -1.23487 1.57354 7.48599 9.09977 5.98863 0.887493 -3.07077 -6.6486 -10.0035 -9.48363 -4.51673 0.190237 1.60909 0.805472 0.0927274 0.0443685
14.305 -6.8093 -5.45122 -0.151413 2.14316 1.5649 0.71548 -0.188794 -1.68591 -0.0563875 5.60393 9.47481 7.74685 2.35123 -1.76142 -5.4058 -8.99472 -10.3328 -6.72106 -1.16902 1.43018 1.22592 0.459078 0.0966096
14.355 -7.87126 -7.11215 -1.45696 2.11254 2.21981 0.988729 -0.067075 -1.0917 -0.877658 3.33655 8.81373 8.54444 4.15288 -0.273236 -4.09296 -7.70005 -10.5735 -8.49124 -2.71682 1.00532 1.52457 0.730981 0.223824
14.405 -8.17329 -8.48079 -3.2975 1.45879 2.72673 1.49514 0.434015 -0.498802 -1.63621 1.07615 7.19097 9.31392 6.42763 1.07309 -2.88985 -6.4667 -9.93843 -9.72584 -4.91136 -0.054508 1.65723 1.11559 0.468176
14.455 -7.84028 -9.51608 -5.35397 0.22923 2.92407 2.31798 0.985853 -0.314275 -1.90711 -0.300063 5.32851 9.43464 7.89619 2.58771 -1.54489 -5.20726 -8.85902 -10.4891 -7.06542 -1.42424 1.43103 1.47741 0.777748
14.505 -7.09566 -10.0862 -7.29713 -1.37366 2.63169 3.01394 1.46579 0.0177901 -1.16269 -1.16487 2.94496 8.67545 8.65514 4.41561 -0.0707269 -3.89264 -7.53976 -10.6186 -8.77322 -3.03581 0.927948 1.72644 1.02204
14.555 -6.14245 -9.61689 -8.75119 -3.50722 1.63756 3.39222 2.15523 0.728197 -0.547932 -1.90863 0.71415 6.91505 9.44698 6.74253 1.23514 -2.72117 -6.30289 -9.89501 -9.9814 -5.28322 -0.226357 1.80133 1.41912
14.605 -5.03983 -8.56044 -9.77243 -5.73155 0.166809 3.33777 2.99858 1.39997 -0.263008 -1.9765 -0.480615 5.04565 9.36226 7.99668 2.79274 -1.35506 -5.0242 -8.7431 -10.6744 -7.41279 -1.63433 1.51261 1.76477
14.655 -3.86676 -7.2101 -10.2087 -7.71509 -1.64071 2.73706 3.52863 1.97835 0.278958 -1.08134 -1.36017 2.59048 8.50454 8.73521 4.65128 0.096919 -3.71359 -7.40145 -10.69 -9.07426 -3.33707 0.892879 1.97861
14.705 -2.72033 -5.81402 -9.57956 -9.13282 -3.95062 1.47952 3.69113 2.71343 1.12621 -0.438052 -2.04392 0.430959 6.66096 9.52916 6.96719 1.38121 -2.55943 -6.15341 -9.88213 -10.2669 -5.64585 -0.378762 1.98313
14.755 -1.61333 -4.43376 -8.43092 -10.057 -6.23208 -0.138843 3.39129 3.43056 1.83052 -0.0466698 -1.9047 -0.632655 4.75977 9.28967 8.08119 2.98249 -1.17811 -4.84796 -8.64949 -10.8989 -7.77423 -1.84116 1.60026
14.805 -0.586935 -3.14236 -7.05548 -10.2804 -8.12985 -2.07637 2.55348 3.74074 2.39846 0.638109 -0.890365 -1.50098 2.26074 8.33625 8.82667 4.8872 0.25233 -3.53999 -7.27795 -10.7892 -9.40107 -3.64907 0.815209
14.855 0.402192 -1.89352 -5.66941 -9.50746 -9.443 -4.45549 1.14353 3.69688 3.07661 1.52576 -0.228926 -2.10024 0.185738 6.45383 9.60669 7.14932 1.54016 -2.38076 -5.99867 -9.88629 -10.5797 -6.01694 -0.593919
14.905 1.44273 -0.654288 -4.31488 -8.2857 -10.2282 -6.69944 -0.536588 3.22156 3.61167 2.17069 0.229632 -1.76398 -0.781437 4.48843 9.25429 8.18786 3.18663 -0.988238 -4.6588 -8.56287 -11.153 -8.15761 -2.11258
14.955 2.51475 0.579067 -3.04493 -6.90814 -10.2508 -8.47076 -2.5602 2.22634 3.72917 2.66175 0.970584 -0.676475 -1.6084 1.97016 8.2018 8.96406 5.14937 0.415156 -3.35826 -7.15884 -10.9091 -9.75816 -4.00812
15.005 3.56129 1.85335 -1.82899 -5.54686 -9.38637 -9.68253 -4.9625 0.726751 3.51395 3.23304 1.82754 -0.0157312 -2.11996 -0.0222416 6.3106 9.71636 7.32797 1.72671 -2.17583 -5.82884 -9.89948 -10.9173 -6.40268
15.055 4.65267 3.27012 -0.639235 -4.24009 -8.13364 -10.3555 -7.14985 -0.986227 2.90761 3.5794 2.37056 0.484495 -1.61045 -0.951952 4.23421 9.288 8.34859 3.42576 -0.770958 -4.44503 -8.47256 -11.4293 -8.57076
15.105 5.75026 4.84734 0.531467 -3.02498 -6.79078 -10.2099 -8.80394 -3.10071 1.77828 3.51483 2.75677 1.24406 -0.474244 -1.76974 1.63867 8.14363 9.20547 5.48193 0.616505 -3.14181 -7.02122 -11.0561 -10.21
15.155 6.69614 6.40992 1.74686 -1.83927 -5.46033 -9.27609 -9.92042 -5.50198 0.221357 3.12729 3.1637 2.02557 0.185727 -2.23392 -0.337169 6.25023 9.93863 7.58631 1.98735 -1.90412 -5.61398 -9.93811 -11.403
15.205 6.77355 7.55757 3.23984 -0.601898 -4.16511 -7.99289 -10.455 -7.56942 -1.45543 2.46685 3.32887 2.39563 0.635521 -1.54947 -1.20891 3.99667 9.4405 8.61721 3.74239 -0.496179 -4.2059 -8.44562 -11.918
15.255 6.29329 8.66833 5.00962 0.622422 -2.95698 -6.67777 -10.1386 -9.07902 -3.61 1.27487 3.15115 2.67121 1.32843 -0.46048 -2.00593 1.37407 8.15735 9.55949 5.87992 0.840732 -2.9469 -7.00432 -11.4055
15.305 5.46033 9.5558 6.76478 1.92128 -1.74328 -5.36088 -9.15138 -10.0871 -5.95976 -0.272115 2.67731 2.93592 1.97737 0.138901 -2.35803 -0.493245 6.21477 10.118 7.75686 2.21958 -1.69811 -5.56336 -10.1176
15.355 4.30113 9.28834 7.96611 3.53108 -0.43973 -4.05691 -7.83882 -10.5031 -7.91984 -1.90725 2.00769 2.97663 2.20448 0.565412 -1.48952 -1.37415 3.70064 9.48037 8.7447 3.9404 -0.369132 -4.18056 -8.56698
15.405 2.54218 8.24916 9.1045 5.43171 0.814672 -2.85074 -6.5476 -10.028 -9.29252 -4.09792 0.814412 2.76173 2.40884 1.22091 -0.481536 -2.17533 1.05185 8.02441 9.7653 6.11899 0.888056 -2.94027 -7.03271
15.455 0.448457 6.71098 9.88322 7.17625 2.17412 -1.5974 -5.23974 -8.99528 -10.1798 -6.35082 -0.669939 2.29924 2.60524 1.74489 0.014189 -2.41808 -0.630771 6.07913 10.1498 7.80216 2.32904 -1.63159 -5.49542
15.505 -0.353197 4.50731 9.50465 8.31159 3.85245 -0.251871 -3.93574 -7.6781 -10.4759 -8.17702 -2.28024 1.68256 2.64453 1.88357 0.377257 -1.47201 -1.50076 3.44415 9.48419 8.86407 4.10329 -0.294776 -4.06699
15.555 -1.02194 2.03166 8.26197 9.40348 5.86623 1.0016 -2.74514 -6.41457 -9.88584 -9.43989 -4.49327 0.533368 2.50191 2.08736 0.97085 -0.599708 -2.30206 0.845315 7.991 10.0512 6.39112 0.982175 -2.80335
15.605 -1.5346 0.487973 6.51313 9.8765 7.44738 2.40457 -1.46062 -5.12667 -8.82575 -10.2188 -6.64415 -0.901673 2.11715 2.3207 1.40205 -0.22075 -2.45483 -0.649601 6.07977 10.3405 8.00748 2.54716 -1.41453
15.655 -1.09255 -0.244211 4.21884 9.29688 8.44927 4.11062 -0.102472 -3.83711 -7.5294 -10.4106 -8.3574 -2.5432 1.5456 2.43994 1.53526 0.092129 -1.53942 -1.53101 3.44411 9.71577 9.23326 4.47034 -0.00173432
15.705 -0.419831 -0.959462 1.83575 7.8237 9.47056 6.21021 1.12672 -2.67971 -6.30219 -9.75082 -9.55619 -4.79812 0.415935 2.39992 1.80362 0.643588 -0.808272 -2.36881 0.880347 8.28696 10.6435 6.92868 1.40198
15.755 -0.264083 -1.20525 0.571966 6.0262 9.65535 7.58889 2.58883 -1.35836 -5.03481 -8.67416 -10.2535 -6.87434 -1.02274 2.06169 2.11514 1.04911 -0.520137 -2.51337 -0.54722 6.37468 10.9196 8.57901 3.09064
15.805 -0.314871 -0.601915 -0.138172 3.72939 8.93291 8.49273 4.33848 0.0192612 -3.75556 -7.40152 -10.346 -8.50649 -2.74843 1.46184 2.30241 1.23506 -0.217177 -1.67786 -1.49736 3.72049 10.2725 9.92923 5.10876
15.855 -0.0969743 -0.0623078 -0.847227 1.46034 7.32032 9.47034 6.50823 1.25604 -2.60904 -6.19765 -9.63187 -9.66495 -5.0542 0.284594 2.3029 1.58677 0.337246 -1.05803 -2.40721 1.1102 8.8483 11.4535 7.58161
15.905 0.0971143 -0.0402891 -0.94274 0.42229 5.50444 9.43436 7.72779 2.79204 -1.24116 -4.93569 -8.5303 -10.2922 -7.08599 -1.18359 1.96596 1.94734 0.749896 -0.802477 -2.5515 -0.379842 6.8039 11.6626 9.25651
15.955 0.0868674 -0.0310201 -0.276881 -0.249916 3.21942 8.58312 8.55069 4.59321 0.15658 -3.6612 -7.27486 -10.2778 -8.65316 -3.00387 1.31458 2.17448 0.997697 -0.477375 -1.80919 -1.48168 4.04798 10.9935 10.7989
16.005 0.0861033 0.227727 0.168775 -0.922112 1.07053 6.87197 9.45939 6.7821 1.42124 -2.50457 -6.08116 -9.51417 -9.77411 -5.33283 0.0846192 2.17624 1.42206 0.0971384 -1.2918 -2.52256 1.31171 9.58515 12.4858
16.055 0.158168 0.34765 0.133989 -0.865818 0.173948 5.02381 9.25568 7.88316 3.02733 -1.09535 -4.81667 -8.38211 -10.3366 -7.32207 -1.40519 1.82182 1.8065 0.521623 -1.06501 -2.67447 -0.26169 7.41094 12.7175
16.105 0.182565 0.30434 0.193031 -0.161968 -0.494588 2.74394 8.29368 8.65873 4.89756 0.325978 -3.54045 -7.13701 -10.2055 -8.82119 -3.31404 1.08227 2.03257 0.827302 -0.727423 -2.03702 -1.34463 4.8037 11.9636
16.155 0.14844 0.333761 0.469656 0.195384 -1.14515 0.701306 6.51712 9.49912 7.083 1.64033 -2.35109 -5.93729 -9.38694 -9.89004 -5.63821 -0.209831 1.98102 1.26242 -0.189589 -1.5528 -1.93708 2.58707 10.2676
16.205 0.145771 0.396589 0.530926 0.143452 -0.923493 -0.0789358 4.61775 9.13717 8.06612 3.30033 -0.910199 -4.6644 -8.21528 -10.3825 -7.58198 -1.69974 1.62465 1.61628 0.216421 -1.18766 -1.84941 1.00416 7.89436
16.255 0.108527 0.393516 0.477884 0.270821 -0.191282 -0.735104 2.35591 8.03755 8.78799 5.22977 0.512635 -3.39521 -6.98099 -10.1315 -9.00941 -3.67924 0.809502 1.83072 0.602085 -0.753314 -1.40853 -0.161894 5.46152
16.305 -0.123952 0.356641 0.558032 0.560696 0.0978219 -1.33243 0.436356 6.20388 9.51624 7.34297 1.86983 -2.17369 -5.77536 -9.25967 -10.0182 -5.97421 -0.521616 1.7353 1.0799 -0.204656 -1.10083 -0.852149 3.45838
16.355 -0.692461 0.209919 0.761089 0.606825 0.054253 -0.981388 -0.294997 4.24004 9.03544 8.23976 3.57951 -0.710998 -4.49333 -8.04807 -10.4454 -7.87153 -2.01752 1.37337 1.44386 0.182269 -0.836215 -0.857767 2.06116
16.405 -1.62949 -0.225975 0.968807 0.666291 0.259304 -0.284486 -0.959555 2.01277 7.78802 8.93034 5.58077 0.699029 -3.23983 -6.8233 -10.0654 -9.22567 -4.07735 0.490526 1.66247 0.593577 -0.465582 -0.644158 1.05693
16.455 -2.84155 -1.04947 1.12112 0.977103 0.598404 -0.0628942 -1.48167 0.242182 5.91663 9.49775 7.54686 2.09747 -1.98368 -5.60625 -9.1351 -10.1655 -6.33331 -0.848956 1.54308 1.05418 0.00222698 -0.440632 0.436088
16.505 -4.13294 -2.24537 1.11931 1.43863 0.731129 -0.0509318 -1.00844 -0.501187 3.83479 8.9205 8.37822 3.84372 -0.515238 -4.31794 -7.88698 -10.5229 -8.1801 -2.35335 1.17656 1.41071 0.36388 -0.21218 0.154598
16.555 -5.49161 -3.76582 0.744388 1.86806 0.990807 0.285316 -0.375393 -1.22389 1.60593 7.51288 9.08605 5.95318 0.871679 -3.08473 -6.66406 -10.0138 -9.46873 -4.48635 0.206399 1.60829 0.799641 0.0882448 0.0450395
16.605 -6.79422 -5.42991 -0.13702 2.14111 1.55639 0.711345 -0.189167 -1.68626 -0.0439006 5.62801 9.47901 7.73402 2.3298 -1.77999 -5.42231 -9.01002 -10.326 -6.69552 -1.15064 1.43428 1.22188 0.455304 0.0955147
16.655 -7.86035 -7.09197 -1.43719 2.11651 2.21227 0.984172 -0.0712727 -1.10144 -0.866317 3.36748 8.82703 8.53587 4.12819 -0.292438 -4.11002 -7.71645 -10.5759 -8.47256 -2.69289 1.01443 1.52187 0.727555 0.222079
16.705 -8.17392 -8.46425 -3.27026 1.47148 2.7212 1.48625 0.425948 -0.502913 -1.62616 1.10409 7.21664 9.30245 6.39647 1.05657 -2.90455 -6.48209 -9.94916 -9.71161 -4.88149 -0.0381794 1.65763 1.11054 0.46444
16.755 -7.84773 -9.50579 -5.32811 0.247275 2.92406 2.30741 0.980296 -0.3158 -1.91099 -0.289568 5.35359 9.4416 7.88553 2.56578 -1.5636 -5.22383 -8.87489 -10.4832 -7.04056 -1.40606 1.43505 1.47391 0.77477
16.805 -7.10665 -10.0849 -7.27532 -1.34994 2.64006 3.00749 1.45902 0.0105277 -1.17415 -1.15403 2.97602 8.69117 8.64756 4.39056 -0.0893224 -3.90913 -7.55577 -10.624 -8.75606 -3.01003 0.939191 1.72439 1.01825
16.855 -6.15572 -9.62708 -8.73429 -3.47761 1.65427 3.38986 2.14446 0.717808 -0.553351 -1.90007 0.739957 6.94035 9.43825 6.71519 1.21817 -2.73623 -6.31829 -9.90727 -9.96818 -5.25321 -0.209025 1.80338 1.41349
16.905 -5.05466 -8.57635 -9.76243 -5.70391 0.187699 3.34143 2.98925 1.39233 -0.267363 -1.98215 -0.469446 5.07217 9.37001 7.98611 2.77065 -1.37339 -5.04068 -8.76013 -10.6695 -7.38788 -1.61538 1.51789 1.76131
16.955 -3.88138 -7.22728 -10.2116 -7.6947 -1.61349 2.74968 3.52499 1.97052 0.269164 -1.09369 -1.34958 2.62151 8.52178 8.72736 4.62561 0.0790152 -3.72972 -7.41818 -10.6967 -9.05702 -3.31023 0.905679 1.97652
17.005 -2.73498 -5.8321 -9.59192 -9.11723 -3.91949 1.49918 3.69257 2.70257 1.11447 -0.44435 -2.03698 0.454517 6.68568 9.52259 6.94303 1.36368 -2.57506 -6.16948 -9.89514 -10.2542 -5.61587 -0.360471 1.98611
17.055 -1.62675 -4.45061 -8.44816 -10.0488 -6.20412 -0.116058 3.39847 3.42342 1.82224 -0.0530076 -1.91201 -0.620804 4.78764 9.29767 8.0704 2.96003 -1.19663 -4.86508 -8.66705 -10.8943 -7.74926 -1.8215 1.60666
17.105 -0.599298 -3.15828 -7.07308 -10.286 -8.11041 -2.04734 2.56853 3.73896 2.39052 0.627898 -0.899706 -1.49181 2.28761 8.35548 8.81837 4.86063 0.2349 -3.556 -7.29481 -10.7972 -9.38389 -3.62089 0.83024
17.155 0.389359 -1.90961 -5.68747 -9.52111 -9.42931 -4.42478 1.16339 3.70017 3.0678 1.51634 -0.233799 -2.09851 0.20171 6.47681 9.60593 7.13183 1.521 -2.39793 -6.01573 -9.90083 -10.5681 -5.98711 -0.575014
17.205 1.42881 -0.670043 -4.33177 -8.30357 -10.2218 -6.67256 -0.513897 3.23042 3.60742 2.16421 0.222538 -1.77514 -0.770709 4.51845 9.26378 8.17763 3.16355 -1.00666 -4.67607 -8.58136 -11.1493 -8.13255 -2.09268
17.255 2.50148 0.563373 -3.06071 -6.92575 -10.2579 -8.45228 -2.53067 2.24294 3.72969 2.65515 0.959834 -0.687408 -1.59999 1.99837 8.22285 8.95483 5.12134 0.398318 -3.37375 -7.17607 -10.9189 -9.74097 -3.97885
17.305 3.54768 1.83626 -1.84466 -5.5645 -9.40025 -9.67006 -4.93241 0.747539 3.51921 3.22658 1.81864 -0.0216703 -2.11968 -0.00661724 6.33426 9.7166 7.31114 1.70709 -2.19336 -5.84674 -9.91581 -10.9064 -6.37252
17.355 4.63789 3.25055 -0.654758 -4.25667 -8.15123 -10.3502 -7.12402 -0.963167 2.91771 3.57765 2.36545 0.476744 -1.62426 -0.940437 4.26783 9.29743 8.33725 3.40199 -0.789231 -4.46263 -8.49233 -11.4263 -8.54485
17.405 5.73625 4.82643 0.516852 -3.03988 -6.8074 -10.2193 -8.78696 -3.06942 1.79701 3.51781 2.75126 1.23281 -0.486263 -1.76031 1.67026 8.1658 9.19326 5.45127 0.600015 -3.15708 -7.03929 -11.0669 -10.1915
17.455 6.69095 6.39423 1.72956 -1.85533 -5.47755 -9.29131 -9.91015 -5.47263 0.242517 3.13462 3.15953 2.01804 0.17985 -2.23463 -0.321946 6.27475 9.93944 7.56979 1.96701 -1.9222 -5.63287 -9.95551 -11.392
17.505 6.77614 7.54313 3.21844 -0.618176 -4.18157 -8.01125 -10.4516 -7.54496 -1.43267 2.47758 3.32884 2.39271 0.628715 -1.56693 -1.19702 4.03576 9.44927 8.60451 3.71796 -0.514238 -4.22344 -8.46499 -11.9152
17.555 6.30316 8.6529 4.98443 0.607043 -2.97175 -6.69472 -10.1487 -9.06268 -3.57871 1.29403 3.155 2.66676 1.31841 -0.470281 -1.99574 1.40699 8.18157 9.54386 5.84677 0.825275 -2.96118 -7.022 -11.4181
17.605 5.47253 9.55379 6.74797 1.90268 -1.76009 -5.37844 -9.16688 -10.0783 -5.93179 -0.251927 2.68459 2.93399 1.97266 0.134086 -2.36236 -0.480664 6.24123 10.1228 7.74302 2.19909 -1.71556 -5.58194 -10.1368
17.655 4.31928 9.29644 7.95127 3.5084 -0.456728 -4.07382 -7.85717 -10.5008 -7.89688 -1.88542 2.01768 2.97772 2.20345 0.558834 -1.50782 -1.36273 3.74015 9.49234 8.73314 3.91643 -0.385898 -4.19749 -8.587
17.705 2.57315 8.26703 9.08644 5.4029 0.799029 -2.86547 -6.56428 -10.0383 -9.27704 -4.06743 0.832823 2.76619 2.40565 1.21102 -0.492277 -2.16358 1.08946 8.05114 9.74601 6.08291 0.873468 -2.95399 -7.05117
17.755 0.464533 6.73358 9.88239 7.1598 2.15443 -1.6148 -5.25693 -9.01064 -10.1724 -6.32479 -0.650484 2.30601 2.60398 1.74132 0.00990236 -2.42291 -0.617971 6.10709 10.155 7.78739 2.3081 -1.64884 -5.51465
17.805 -0.344634 4.54033 9.5133 8.29762 3.82932 -0.269109 -3.95207 -7.69415 -10.4781 -8.15849 -2.25486 1.69453 2.64614 1.88241 0.370611 -1.48926 -1.48859 3.48385 9.4964 8.85067 4.07816 -0.311785 -4.08452
17.855 -1.01015 2.06698 8.28389 9.38468 5.83424 0.986541 -2.75908 -6.43023 -9.8975 -9.42585 -4.46228 0.551563 2.50608 2.08369 0.961749 -0.609188 -2.29034 0.880883 8.01478 10.0329 6.35869 0.965784 -2.81873
17.905 -1.5344 0.497887 6.53785 9.87982 7.43338 2.3842 -1.4778 -5.14296 -8.84203 -10.213 -6.61923 -0.88211 2.12333 2.31827 1.39878 -0.224155 -2.4596 -0.636783 6.1081 10.3447 7.99096 2.52492 -1.43265
17.955 -1.10298 -0.235908 4.25052 9.30952 8.43803 4.08734 -0.119462 -3.85305 -7.5458 -10.415 -8.33972 -2.51683 1.5571 2.43941 1.53291 0.0864546 -1.55048 -1.51994 3.47675 9.72903 9.21798 4.4431 -0.0198924
18.005 -0.42815 -0.949537 1.86707 7.84666 9.45538 6.18102 1.11121 -2.69397 -6.31797 -9.76253 -9.54286 -4.76797 0.433658 2.40247 1.79876 0.636354 -0.813876 -2.35906 0.908733 8.3074 10.6293 6.90119 1.38222
18.055 -0.263845 -1.20847 0.581681 6.05163 9.66039 7.57584 2.56796 -1.37582 -5.05122 -8.69022 -10.2483 -6.85025 -1.00312 2.06719 2.11188 1.04617 -0.522649 -2.51899 -0.534904 6.40413 10.9246 8.56181 3.0671
18.105 -0.316056 -0.611167 -0.129763 3.75866 8.94767 8.48235 4.31448 0.00219449 -3.77161 -7.4176 -10.351 -8.48934 -2.72152 1.47336 2.30104 1.23217 -0.222663 -1.68823 -1.4861 3.75369 10.2868 9.91234 5.07994
18.155 -0.101556 -0.0673124 -0.837565 1.48762 7.34317 9.45784 6.48123 1.23943 -2.62437 -6.21329 -9.64329 -9.65226 -5.02482 0.302295 2.30545 1.5816 0.329841 -1.06335 -2.39658 1.13979 8.86941 11.4398 7.55523
18.205 0.0954382 -0.0395314 -0.946492 0.431673 5.52993 9.4401 7.71531 2.77041 -1.25952 -4.95232 -8.546 -10.2873 -7.06241 -1.16382 1.9714 1.94375 0.746468 -0.80531 -2.55645 -0.364675 6.83607 11.6672 9.2369
18.255 0.0867745 -0.0329884 -0.283688 -0.241955 3.24557 8.59974 8.54109 4.56849 0.139489 -3.67692 -7.28997 -10.2851 -8.63727 -2.975 1.32794 2.17319 0.993446 -0.48361 -1.81823 -1.46763 4.08379 11.0077 10.7782
18.305 0.0850669 0.224788 0.16776 -0.916981 1.08799 6.89349 9.45453 6.76238 1.40265 -2.52161 -6.09682 -9.52709 -9.76332 -5.30431 0.103188 2.17973 1.41583 0.0896667 -1.29602 -2.51126 1.34153 9.6069 12.4714
18.355 0.157158 0.347738 0.13495 -0.872655 0.181979 5.05034 9.26357 7.87226 3.00485 -1.11393 -4.8331 -8.39883 -10.3329 -7.29884 -1.38464 1.82793 1.80215 0.517751 -1.06771 -2.67956 -0.245083 7.44487 12.721
18.405 0.182707 0.304851 0.190447 -0.169622 -0.487159 2.77052 8.31235 8.64946 4.87124 0.308788 -3.55604 -7.1529 -10.2136 -8.80534 -3.28462 1.09638 2.03074 0.822195 -0.733198 -2.043 -1.33432 4.83326 11.9799
18.455 0.148876 0.332955 0.466968 0.194469 -1.14165 0.716969 6.53937 9.49668 7.06481 1.62098 -2.36883 -5.9536 -9.40021 -9.88003 -5.61024 -0.191406 1.98426 1.25708 -0.195971 -1.5577 -1.93288 2.61201 10.2943
18.505 0.145757 0.396286 0.531349 0.143462 -0.932165 -0.0706639 4.64588 9.14599 8.05568 3.27733 -0.929012 -4.68127 -8.23205 -10.3791 -7.55924 -1.67944 1.63038 1.61225 0.212498 -1.19169 -1.85498 1.02226 7.92841
18.555 0.11013 0.393812 0.477765 0.267358 -0.197668 -0.727311 2.3821 8.05798 8.77793 5.20152 0.495542 -3.41079 -6.99676 -10.1397 -8.99371 -3.65007 0.823757 1.82908 0.596366 -0.759589 -1.41252 -0.14971 5.48984
18.605 -0.118834 0.357551 0.555747 0.558197 0.0979561 -1.32964 0.450634 6.22622 9.51509 7.32588 1.84974 -2.19218 -5.79178 -9.27294 -10.0089 -5.94718 -0.503472 1.73885 1.07493 -0.210693 -1.10405 -0.846806 3.48054
18.655 -0.682563 0.213438 0.75809 0.606863 0.0541629 -0.991351 -0.286106 4.27006 9.04432 8.22932 3.55585 -0.730381 -4.51056 -8.06472 -10.4425 -7.84935 -1.99738 1.37895 1.43977 0.178525 -0.839358 -0.860796 2.07832
18.705 -1.6151 -0.218061 0.966055 0.663919 0.255228 -0.289608 -0.951106 2.03957 7.81043 8.91882 5.54998 0.68237 -3.25476 -6.83841 -10.0753 -9.21084 -4.04705 0.506229 1.66143 0.587557 -0.471245 -0.646183 1.06823
18.755 -2.82537 -1.03662 1.1193 0.971754 0.596521 -0.0620929 -1.48265 0.252612 5.93914 9.50085 7.5336 2.07645 -2.00237 -5.62245 -9.15001 -10.1579 -6.30693 -0.830527 1.5471 1.04915 -0.00296758 -0.443252 0.441991
18.805 -4.11564 -2.22773 1.12157 1.43303 0.730117 -0.0527059 -1.02307 -0.491679 3.87042 8.9304 8.3686 3.81955 -0.53436 -4.33454 -7.9036 -10.5229 -8.15987 -2.33065 1.18427 1.40672 0.3595 -0.214876 0.157471
18.855 -5.47345 -3.74433 0.752473 1.86355 0.985794 0.278597 -0.382003 -1.21378 1.63703 7.53892 9.0722 5.91799 0.85577 -3.09877 -6.67967 -10.0243 -9.45387 -4.45578 0.222729 1.6075 0.793725 0.083708 0.0458384
18.905 -6.77919 -5.40873 -0.123016 2.13881 1.54815 0.707573 -0.189621 -1.68754 -0.0324785 5.65163 9.48312 7.72114 2.3083 -1.79863 -5.43895 -9.02557 -10.3192 -6.66988 -1.13221 1.43839 1.21775 0.451477 0.0944891
18.955 -7.84948 -7.07189 -1.41769 2.12032 2.20493 0.979958 -0.0755658 -1.11266 -0.855805 3.39898 8.83977 8.52704 4.10342 -0.311583 -4.12706 -7.73316 -10.5781 -8.45371 -2.66919 1.02327 1.51901 0.724186 0.220427
19.005 -8.17409 -8.44694 -3.24259 1.48524 2.71626 1.4768 0.416358 -0.509327 -1.61465 1.13839 7.24712 9.28476 6.35628 1.04186 -2.91745 -6.49727 -9.95969 -9.69663 -4.85094 -0.0214245 1.65823 1.10533 0.460574
19.055 -7.85504 -9.49533 -5.30218 0.265949 2.92447 2.29638 0.974064 -0.317418 -1.91375 -0.278506 5.37799 9.4467 7.87335 2.544 -1.58237 -5.24053 -8.89064 -10.4771 -7.01555 -1.3877 1.43944 1.4706 0.771761
19.105 -7.11761 -10.0837 -7.25362 -1.32587 2.64851 3.00065 1.45206 0.00360127 -1.18478 -1.14358 3.00566 8.70583 8.63923 4.36549 -0.108069 -3.92578 -7.5717 -10.6295 -8.73896 -2.98397 0.950813 1.7226 1.01452
19.155 -6.16906 -9.63749 -8.71757 -3.44786 1.67073 3.3872 2.13374 0.707972 -0.558282 -1.89232 0.764255 6.96459 9.42931 6.68813 1.20097 -2.75151 -6.33373 -9.91976 -9.95506 -5.22304 -0.191594 1.80564 1.40789
19.205 -5.06956 -8.59244 -9.75255 -5.67621 0.2084 3.34489 2.97996 1.38509 -0.271494 -1.98834 -0.459257 5.09784 9.37727 7.97542 2.74843 -1.39187 -5.05722 -8.77736 -10.6645 -7.36287 -1.59639 1.52333 1.75794
19.255 -3.8963 -7.24497 -10.2129 -7.67323 -1.58711 2.76155 3.52117 1.96304 0.259547 -1.10615 -1.33973 2.65147 8.53853 8.71937 4.59987 0.060925 -3.74597 -7.43511 -10.7037 -9.03987 -3.28325 0.918767 1.97466
19.305 -2.7497 -5.85028 -9.60332 -9.10116 -3.88883 1.51824 3.69332 2.6923 1.10314 -0.450732 -2.03099 0.476866 6.70976 9.51613 6.91904 1.34591 -2.5909 -6.18582 -9.90853 -10.2416 -5.58585 -0.342105 1.98931
19.355 -1.64038 -4.46766 -8.46465 -10.0402 -6.17637 -0.0937108 3.40513 3.4165 1.81421 -0.0594755 -1.92005 -0.609851 4.81496 9.3055 8.05951 2.93743 -1.21508 -4.88224 -8.68497 -10.89 -7.72434 -1.80186 1.6132
19.405 -0.611728 -3.17422 -7.09008 -10.2913 -8.09111 -2.0186 2.58328 3.73729 2.38267 0.617555 -0.909531 -1.48343 2.31377 8.37436 8.80994 4.83398 0.217359 -3.57217 -7.31207 -10.805 -9.36667 -3.59318 0.844921
19.455 0.376393 -1.92574 -5.70518 -9.53444 -9.41539 -4.39398 1.18369 3.70407 3.05846 1.506 -0.239331 -2.09579 0.219364 6.50004 9.60247 7.11162 1.50231 -2.41475 -6.03276 -9.91502 -10.5561 -5.95727 -0.555994
19.505 1.41488 -0.685779 -4.3484 -8.32122 -10.2153 -6.64554 -0.490892 3.23954 3.60279 2.15738 0.215451 -1.78597 -0.760299 4.5476 9.27214 8.16654 3.14044 -1.02529 -4.6936 -8.59973 -11.1454 -8.10755 -2.07275
19.555 2.48831 0.54778 -3.07627 -6.94315 -10.2649 -8.43376 -2.50083 2.25968 3.72992 2.6484 0.94925 -0.698037 -1.59225 2.02532 8.24303 8.94511 5.09333 0.381269 -3.38947 -7.19324 -10.9289 -9.72394 -3.94949
19.605 3.53421 1.81928 -1.86015 -5.58199 -9.41416 -9.65752 -4.90207 0.768292 3.52432 3.22006 1.80993 -0.0275768 -2.1202 0.00792817 6.35718 9.71651 7.2943 1.68728 -2.21108 -5.86466 -9.93234 -10.8957 -6.34233
19.655 4.62325 3.23109 -0.67014 -4.27313 -8.16883 -10.3448 -7.09801 -0.940117 2.92776 3.5759 2.36043 0.468919 -1.63851 -0.929841 4.30044 9.30648 8.32581 3.3781 -0.807667 -4.4803 -8.51229 -11.4234 -8.51897
19.705 5.722 4.80529 0.502041 -3.05501 -6.82438 -10.2271 -8.76918 -3.03896 1.81495 3.52057 2.74607 1.22171 -0.498482 -1.75173 1.70079 8.18746 9.18106 5.42068 0.583317 -3.17251 -7.0576 -11.078 -10.1732
19.755 6.68566 6.37845 1.71221 -1.87143 -5.49485 -9.30545 -9.89925 -5.44363 0.263184 3.14128 3.15569 2.0107 0.173702 -2.23618 -0.30754 6.29884 9.94024 7.55326 1.94649 -1.94047 -5.65203 -9.97333 -11.3812
19.805 6.77876 7.52879 3.19714 -0.634534 -4.19811 -8.02876 -10.4476 -7.52065 -1.41023 2.48781 3.32888 2.38985 0.621701 -1.58471 -1.18604 4.07376 9.45808 8.59189 3.69345 -0.532369 -4.24125 -8.4852 -11.912
19.855 6.31306 8.6377 4.95944 0.591678 -2.9865 -6.71101 -10.1584 -9.04638 -3.54757 1.31296 3.15888 2.66225 1.30825 -0.480378 -1.98642 1.43883 8.2054 9.52843 5.81376 0.809602 -2.97576 -7.04009 -11.4304
19.905 5.48471 9.55183 6.73122 1.88406 -1.7769 -5.39558 -9.18213 -10.0693 -5.90377 -0.231665 2.69212 2.9318 1.96757 0.12907 -2.36658 -0.468214 6.26723 10.1265 7.72841 2.17868 -1.73329 -5.60094 -10.1558
19.955 4.33742 9.30465 7.93657 3.48579 -0.4737 -4.09046 -7.87535 -10.4984 -7.8738 -1.86349 2.02778 2.97859 2.20218 0.552178 -1.52581 -1.35187 3.7784 9.50372 8.72113 3.89242 -0.40293 -4.21476 -8.60698
