0 4.294200039e-08 1.951909109e-09 8.381888172e-17
1 4.294200039e-08 1.951909109e-09 8.381888172e-17
2 0.05330454765 0.002458778663 0.0001289996933
3 0.05330454765 0.002446224492 0.0001290470967
4 0.09427838864 0.006731528146 0.0005111025617
5 0.1327390532 0.01296164161 0.00124554371
6 0.4115241131 0.02859143768 0.008284837836
7 0.4115241131 0.02151995691 0.007759564569
8 0.4115241131 0.02549276176 0.007771701319
9 0.4456273864 0.0616810314 0.01801235128
10 0.4456273864 0.03734982696 0.01100135205
11 0.4456273864 0.04573788552 0.01190873263
12 0.4456273864 0.05034415105 0.0159458573
13 0.4456273864 0.04463664 0.01173240869
14 0.4456273864 0.06336519779 0.01648912491
15 0.4456273864 0.02698439595 0.009413893255
16 0.4456273864 0.02567949647 0.009378499175
17 0.5559062811 0.0641374088 0.02488446039
18 0.5559062811 0.09080573836 0.03666454013
19 0.6875310728 0.1289211172 0.04317452058
20 0.6875310728 0.1029653508 0.02847498151
21 0.6875310728 0.1189800346 0.04210772794
22 0.6875310728 0.1036403379 0.03414058318
23 0.6875310728 0.04895202034 0.02368121299
24 0.9119217307 0.09787109378 0.06024558883
25 0.9119217307 0.08199316193 0.04364519052
26 0.9119217307 0.0716428314 0.04039675897
27 0.9119217307 0.06604589544 0.04393180011
28 0.9119217307 0.1024970418 0.0643262936
29 0.9119217307 0.06565368752 0.03997147162
30 0.9119217307 0.09146779497 0.04461320045
31 0.9119217307 0.04372614162 0.03770765522
32 0.9119217307 0.06038936068 0.03988872073
33 0.9119217307 0.06883534562 0.04224929271
34 0.9119217307 0.0971276767 0.06700367496
35 0.9119217307 0.06286980668 0.03914982171
36 0.9119217307 0.05435172936 0.03771053175
37 0.9119217307 0.08504910541 0.07166831665
38 0.9119217307 0.06647634939 0.03936781219
39 0.9119217307 0.07408092374 0.03884064761
40 0.9119217307 0.08621796314 0.04236053778
41 0.9156723901 0.1234437188 0.0863849611
42 0.9156723901 0.09800181287 0.06908827176
43 0.9156723901 0.09678590257 0.06287322585
44 0.9156723901 0.09806042338 0.06120994692
45 0.9156723901 0.06102201598 0.04356899617
46 0.9156723901 0.05609283 0.03860163893
47 0.9156723901 0.09659983199 0.07268286849
48 0.9156723901 0.1427362419 0.09342611634
49 0.9287804005 0.1459431039 0.08167187054
50 0.9287804005 0.1370196426 0.07755216448
51 0.9287804005 0.1090219319 0.07015626526
52 0.9287804005 0.0897226481 0.07223005066
53 0.9287804005 0.06762264223 0.04514858295
54 0.9287804005 0.09983681089 0.06864734502
55 0.9287804005 0.08130756426 0.06031603869
56 0.9287804005 0.07980655824 0.06147078446
57 0.9287804005 0.08690585674 0.05319541553
58 0.9287804005 0.08847814961 0.0553899206
59 0.9287804005 0.1103668567 0.06810711782
60 0.9287804005 0.08248206373 0.06433617576
61 0.9287804005 0.08249533965 0.06196916883
62 0.9287804005 0.05073557782 0.03922396593
63 0.9287804005 0.04399671748 0.03907372271
64 0.9287804005 0.04966788933 0.03956438923
65 0.9287804005 0.04838134504 0.03897919124
66 0.9287804005 0.08466561601 0.0666317026
67 0.9287804005 0.04358466388 0.03910873189
68 0.9287804005 0.04257742775 0.03918133294
69 0.9287804005 0.04911167066 0.03952214899
70 0.9287804005 0.04924900668 0.03914881325
71 0.9287804005 0.05362125085 0.03928115089
72 0.9287804005 0.05019044525 0.03980259038
73 0.9287804005 0.08140150835 0.04745593567
74 0.9287804005 0.07738390848 0.04800266326
75 0.9287804005 0.1068680442 0.06213263754
76 0.9287804005 0.1297966311 0.07093280594
77 0.9287804005 0.1433723452 0.07172301081
78 0.9287804005 0.09011809198 0.06714558449
79 0.9287804005 0.1506012208 0.09192124931
80 0.9287804005 0.103045158 0.06730689283
81 0.9287804005 0.05281712655 0.03880987256
82 0.9287804005 0.05318760249 0.03883542816
83 0.9287804005 0.1322831267 0.08916503348
84 0.9527768539 0.1275359492 0.0988441064
85 0.9527768539 0.05184844378 0.0410332008
86 0.9527768539 0.07122374847 0.04137534617
87 0.9527768539 0.08328593379 0.04522522159
88 0.9527768539 0.06841188617 0.04223206846
89 0.9527768539 0.1029422878 0.05240850063
90 0.9527768539 0.1078335483 0.06448880769
91 0.9527768539 0.1097268551 0.07805056986
92 0.9527768539 0.08419402219 0.04524102164
93 0.9527768539 0.08300315177 0.05253826255
94 0.9527768539 0.05087379247 0.04084792356
95 0.9527768539 0.05811393394 0.04070022031
96 0.9527768539 0.1086285436 0.07902690773
97 0.9527768539 0.0723119534 0.04076737358
98 0.9527768539 0.09077556898 0.05416409618
99 0.9527768539 0.1035167215 0.05657655341
100 0.9527768539 0.1737322111 0.1198737211
