10.005 0.821354 0.976834 0.984609 0.843503 0.574855 0.219285 -0.169442 -0.53255 -0.815132 -0.974459 -0.986443 -0.84927 -0.583678 -0.229833 0.158764 0.523356 0.808816 0.971971 0.988162 0.854936 0.592433 0.24035 -0.148062 -0.514105 0.914793 0.691561 0.363759 -0.0190435 -0.398967 -0.718565 -0.929511 -0.999907 -0.919112 -0.699339 -0.373822 0.00822855 0.389016 0.710993 0.92546 0.999996 0.92332 0.707036 0.383845 0.00260676 -0.379026 -0.70335 -0.921309 -0.999968
10.055 0.736057 0.93861 0.999235 0.908769 0.680892 0.35006 -0.0337041 -0.412373 -0.728689 -0.934819 -0.9996 -0.913235 -0.68878 -0.360178 0.0228843 0.402487 0.721235 0.930919 0.999847 0.917592 0.696586 0.370251 -0.0120558 -0.392558 0.961263 0.783452 0.487176 0.117238 -0.270428 -0.617203 -0.870655 -0.992455 -0.96419 -0.790132 -0.496602 -0.127972 0.259989 0.608649 0.865274 0.99107 0.967003 0.796721 0.505973 0.138711 -0.249526 -0.600036 -0.859802 -0.989568
10.105 0.637057 0.882911 0.995258 0.957116 0.774252 0.474317 0.102661 -0.284519 -0.628678 -0.877774 -0.994146 -0.960197 -0.781057 -0.483818 -0.113422 0.274124 0.620225 0.872536 0.992918 0.963165 0.787771 0.493259 0.124175 -0.263703 0.989836 0.860756 0.601523 0.251337 -0.136854 -0.504351 -0.795589 -0.966525 -0.991318 -0.866215 -0.610136 -0.26179 0.126121 0.494973 0.788978 0.963692 0.992682 0.871574 0.618681 0.272232 -0.11538 -0.485551 -0.782287 -0.960745
10.155 0.526197 0.810774 0.972751 0.987643 0.853198 0.589743 0.237115 -0.151368 -0.516963 -0.804387 -0.970184 -0.989283 -0.858793 -0.59845 -0.247616 0.140658 0.507669 0.797908 0.967503 0.990805 0.864288 0.607083 0.258095 -0.129937 0.999981 0.922036 0.704671 0.380756 -0.000731626 -0.382109 -0.705711 -0.922601 -0.999989 -0.926172 -0.712311 -0.390735 -0.0100944 0.372082 0.697993 0.918372 0.99988 0.9302 0.71987 0.400686 0.0209132 -0.362026 -0.690208 -0.914034
10.205 0.40554 0.723543 0.932134 0.999783 0.916259 0.694189 0.367154 -0.0153989 -0.395624 -0.716024 -0.92816 -0.99995 -0.920541 -0.70194 -0.377201 0.00457326 0.385661 0.708425 0.924075 1 0.924715 0.709605 0.387209 0.00624688 0.991509 0.966149 0.794699 0.503087 0.135404 -0.252754 -0.602694 -0.8615 -0.990043 -0.968884 -0.801224 -0.512404 -0.146122 0.242263 0.594013 0.855954 0.988462 0.971507 0.807657 0.521679 0.156818 -0.231761 -0.585278 -0.850307
10.255 0.277332 0.62284 0.874163 0.99331 0.962261 0.785712 0.490358 0.120857 -0.266918 -0.614331 -0.868855 -0.992001 -0.96515 -0.792361 -0.499763 -0.131597 0.256473 0.605752 0.863443 0.990576 0.967926 0.798916 0.509114 0.142315 0.964577 0.992274 0.869932 0.616051 0.269019 -0.118692 -0.488457 -0.78436 -0.961664 -0.993559 -0.87522 -0.624534 -0.27943 0.107935 0.478974 0.777601 0.958642 0.994727 0.880408 0.63296 0.289802 -0.0971814 -0.469452 -0.770749
10.305 0.143961 0.510542 0.799917 0.968343 0.990348 0.862606 0.604433 0.254863 -0.133244 -0.5012 -0.793374 -0.965583 -0.99179 -0.868031 -0.61302 -0.265317 0.122511 0.491802 0.786736 0.96271 0.993116 0.873352 0.621541 0.275733 0.919687 0.999926 0.928969 0.717546 0.397625 0.0175795 -0.365126 -0.692617 -0.915382 -0.999736 -0.932922 -0.725037 -0.407535 -0.0284037 0.355017 0.68477 0.910974 0.999428 0.936767 0.732457 0.417392 0.0392077 -0.344886 -0.676841
10.355 0.00791058 0.388739 0.710778 0.925348 0.999997 0.92344 0.707254 0.384124 0.00291153 -0.378737 -0.703122 -0.921188 -0.999965 -0.92754 -0.714864 -0.394097 -0.0137333 0.368696 0.695382 0.916921 0.999817 0.931529 0.722396 0.404018 0.857674 0.988961 0.97071 0.805681 0.518828 0.153524 -0.234997 -0.587979 -0.852057 -0.9873 -0.973254 -0.812041 -0.528053 -0.164213 0.224451 0.57919 0.846345 0.985522 0.975685 0.818317 0.53721 0.174867 -0.213899 -0.570332
10.405 -0.128288 0.259698 0.608406 0.865124 0.991028 0.967083 0.796908 0.506233 0.139013 -0.249224 -0.59978 -0.859643 -0.989524 -0.96978 -0.8034 -0.51554 -0.149721 0.238725 0.591081 0.854061 0.987903 0.972363 0.809801 0.524781 0.779694 0.959585 0.994379 0.878817 0.630372 0.286609 -0.100492 -0.472395 -0.772869 -0.956482 -0.995467 -0.883926 -0.638739 -0.296965 0.089706 0.462828 0.76596 0.953268 0.996439 0.888941 0.647027 0.30727 -0.0789298 -0.453205
10.455 -0.262097 0.125822 0.494707 0.788795 0.963609 0.99272 0.871725 0.618918 0.272526 -0.115071 -0.485271 -0.782093 -0.960659 -0.993965 -0.876978 -0.627385 -0.282922 0.10431 0.475775 0.7753 0.957597 0.995094 0.88213 0.635774 0.687197 0.912343 0.999536 0.935591 0.73018 0.414359 0.0358827 -0.348015 -0.679292 -0.907858 -0.999147 -0.939355 -0.737534 -0.424189 -0.046709 0.337848 0.671314 0.903265 0.998641 0.943016 0.744798 0.433953 0.057509 -0.32764
10.505 -0.391027 -0.0103957 0.371798 0.69778 0.91825 0.999875 0.930313 0.72008 0.400965 0.0212249 -0.361728 -0.689982 -0.91391 -0.999645 -0.934228 -0.72755 -0.410855 -0.0320472 0.351612 0.682105 0.909462 0.999299 0.938036 0.73493 0.581906 0.848115 0.986083 0.974947 0.816393 0.534395 0.17159 -0.217156 -0.573068 -0.842331 -0.984225 -0.977296 -0.822597 -0.543515 -0.182254 0.206579 0.56417 0.836447 0.982251 0.979534 0.828702 0.552557 0.192877 -0.195975
10.555 -0.512677 -0.14642 0.241967 0.593773 0.855795 0.988415 0.97158 0.807835 0.521939 0.157125 -0.23145 -0.585025 -0.850145 -0.986714 -0.974085 -0.814169 -0.531139 -0.167808 0.220903 0.576211 0.844396 0.984898 0.976478 0.820403 0.465782 0.768097 0.954271 0.996152 0.887407 0.644481 0.304102 -0.0822544 -0.456175 -0.761121 -0.950979 -0.997041 -0.892346 -0.652722 -0.314407 0.0714632 0.446522 0.754055 0.947574 0.997816 0.897178 0.660873 0.324654 -0.0606617
10.605 -0.624783 -0.279719 0.107631 0.478712 0.777407 0.958552 0.994759 0.880551 0.633196 0.290101 -0.0968631 -0.469177 -0.770553 -0.955412 -0.995807 -0.88563 -0.641535 -0.300444 0.0860804 0.459589 0.763609 0.952162 0.99674 0.890603 0.340986 0.673779 0.904693 0.99881 0.9419 0.742568 0.430953 0.0541788 -0.330789 -0.665742 -0.900027 -0.998224 -0.945481 -0.749776 -0.440705 -0.0649827 0.320561 0.657625 0.895255 0.99752 0.94895 0.756886 0.450387 0.075781
10.655 -0.725256 -0.40781 -0.0287094 0.354739 0.684545 0.910844 0.999418 0.936872 0.732664 0.417675 0.0395272 -0.344594 -0.676614 -0.906323 -0.99899 -0.940603 -0.739987 -0.427487 -0.0503444 0.33441 0.668605 0.901698 0.998445 0.944221 0.209841 0.566917 0.838272 0.982873 0.978857 0.826831 0.54978 0.189603 -0.199244 -0.557967 -0.83232 -0.980822 -0.981014 -0.832872 -0.558799 -0.200219 0.188632 0.548951 0.826268 0.978653 0.983055 0.838806 0.567735 0.210813
10.705 -0.812226 -0.528308 -0.164515 0.224161 0.578939 0.846178 0.98547 0.975751 0.818492 0.537473 0.175182 -0.213595 -0.570079 -0.84036 -0.983573 -0.978064 -0.824661 -0.546571 -0.185832 0.203006 0.561153 0.834446 0.981561 0.98026 0.0747897 0.4495 0.756244 0.948637 0.997589 0.8957 0.658372 0.321498 -0.0639899 -0.439805 -0.749116 -0.94516 -0.998282 -0.900462 -0.666489 -0.331727 0.0531911 0.430057 0.741898 0.941565 0.998858 0.905111 0.674513 0.34192
10.755 -0.884075 -0.638971 -0.297257 0.0894097 0.462554 0.765758 0.953174 0.996464 0.889081 0.647265 0.307575 -0.078619 -0.45293 -0.758752 -0.949845 -0.997316 -0.893983 -0.655479 -0.31786 0.0678219 0.443254 0.75166 0.946403 0.998049 -0.0616541 0.323715 0.660136 0.896739 0.997749 0.947893 0.754707 0.447407 0.0724556 -0.313455 -0.651966 -0.8919 -0.996965 -0.951287 -0.761771 -0.45706 -0.0832401 0.303156 0.643716 0.886948 0.996064 0.954564 0.768733 0.466661
10.805 -0.939465 -0.737737 -0.424466 -0.0470062 0.337558 0.671081 0.903133 0.998625 0.943118 0.745006 0.434241 0.0578203 -0.327349 -0.663017 -0.898433 -0.998 -0.94666 -0.752183 -0.44397 -0.0686247 0.317102 0.654879 0.893625 0.997257 -0.19695 0.191903 0.551739 0.828147 0.979333 0.982438 0.83699 0.564986 0.207552 -0.181268 -0.542677 -0.822036 -0.977086 -0.984401 -0.842871 -0.573883 -0.218122 0.170612 0.533549 0.815818 0.974726 0.986245 0.848641 0.582714
10.855 -0.977363 -0.822769 -0.543771 -0.182547 0.206277 0.563911 0.836278 0.982194 0.979596 0.828876 0.552823 0.193183 -0.195673 -0.554939 -0.830294 -0.980103 -0.981713 -0.834884 -0.561814 -0.203794 0.185047 0.545905 0.824209 0.977898 -0.328579 0.0565175 0.433069 0.744136 0.942684 0.998693 0.903691 0.672047 0.338785 -0.0457075 -0.423286 -0.736867 -0.939017 -0.999188 -0.908278 -0.680022 -0.348942 0.0348905 0.413449 0.729499 0.935241 0.999565 0.912749 0.687919
10.905 -0.997066 -0.892482 -0.652953 -0.314689 0.0711553 0.446241 0.753853 0.947477 0.997836 0.897315 0.661113 0.324949 -0.0603545 -0.436529 -0.746697 -0.943959 -0.998489 -0.902041 -0.669198 -0.335169 0.0495467 0.426768 0.739449 0.940333 -0.454091 -0.0799199 0.306337 0.646271 0.888485 0.996354 0.953567 0.766595 0.46371 0.0907045 -0.296013 -0.63798 -0.883465 -0.995372 -0.956774 -0.7735 -0.473266 -0.10148 0.285651 0.629598 0.878344 0.994275 0.959864 0.780316
10.955 -0.998205 -0.945579 -0.749979 -0.440972 -0.0652909 0.320264 0.657393 0.89512 0.997498 0.949048 0.757094 0.450666 0.0760879 -0.309991 -0.649198 -0.890241 -0.996675 -0.952404 -0.764124 -0.460303 -0.0868761 0.299686 0.640922 0.885261 -0.571148 -0.214869 0.173901 0.536374 0.817744 0.975466 0.98569 0.846872 0.580001 0.225428 -0.163229 -0.527215 -0.811464 -0.973025 -0.987458 -0.852578 -0.588779 -0.235962 0.152535 0.517976 0.805094 0.970474 0.989108 0.858185
11.005 -0.98076 -0.981072 -0.833041 -0.559046 -0.200521 0.188324 0.548693 0.826098 0.97859 0.983112 0.83898 0.567992 0.211114 -0.177683 -0.539612 -0.819949 -0.976305 -0.985036 -0.844823 -0.576869 -0.221681 0.167024 0.530463 0.813707 -0.677573 -0.345818 0.0382273 0.416491 0.731778 0.936416 0.999461 0.911381 0.685495 0.355954 -0.027407 -0.406634 -0.724357 -0.932562 -0.999758 -0.915782 -0.69333 -0.36605 0.0165794 0.39671 0.716855 0.928605 0.999938 0.920077
11.055 -0.945056 -0.9983 -0.900595 -0.666711 -0.332019 0.0528778 0.429779 0.741696 0.941462 0.998873 0.905247 0.674743 0.342209 -0.0420658 -0.41998 -0.734391 -0.937759 -0.999328 -0.909794 -0.682694 -0.35236 0.031253 0.410127 0.727004 -0.771382 -0.470329 -0.0981579 0.288854 0.632188 0.879933 0.994625 0.958923 0.778226 0.479853 0.108926 -0.278482 -0.623763 -0.874737 -0.993445 -0.961937 -0.784973 -0.489323 -0.119685 0.268059 0.61527 0.869448 0.99215 0.964839
11.105 -0.891756 -0.996941 -0.951381 -0.761964 -0.457335 -0.0835528 0.302863 0.643485 0.886807 0.996036 0.954659 0.768932 0.466933 0.0943341 -0.292529 -0.63516 -0.881754 -0.995015 -0.957827 -0.775808 -0.476478 -0.1051 0.282156 0.626766 -0.85083 -0.586083 -0.232716 0.155839 0.520829 0.807067 0.971271 0.988612 0.856468 0.594819 0.243231 -0.145146 -0.511557 -0.800627 -0.968636 -0.990182 -0.862002 -0.603487 -0.253721 0.134417 0.50223 0.794103 0.965892 0.991638
11.155 -0.821855 -0.977022 -0.984455 -0.84303 -0.574136 -0.218428 0.170308 0.533294 0.815641 0.974656 0.986298 0.848805 0.582965 0.228978 -0.159632 -0.524105 -0.809332 -0.972178 -0.988026 -0.85448 -0.591725 -0.239497 0.148932 0.514859 -0.914437 -0.690926 -0.362941 0.0199223 0.399773 0.719176 0.929835 0.999895 0.918765 0.69871 0.373007 -0.00910807 -0.389826 -0.711611 -0.925793 -0.999993 -0.922982 -0.706414 -0.383034 -0.0017278 0.379839 0.703974 0.921651 0.999975
11.205 -0.736652 -0.938913 -0.9992 -0.908402 -0.680248 -0.349236 0.0345825 0.413174 0.72929 0.935131 0.999574 0.912876 0.688142 0.359358 -0.023763 -0.403291 -0.721843 -0.93124 -0.999832 -0.917242 -0.695955 -0.369434 0.0129347 0.393366 -0.96102 -0.782905 -0.486409 -0.116365 0.271274 0.617895 0.871087 0.992562 0.963957 0.789593 0.495839 0.1271 -0.260838 -0.609346 -0.865714 -0.991186 -0.966778 -0.79619 -0.505215 -0.13784 0.250377 0.600739 0.86025 0.989694
11.255 -0.637735 -0.883324 -0.995343 -0.956861 -0.773696 -0.473543 -0.101787 0.285362 0.629361 0.878195 0.994241 0.959951 0.780508 0.483048 0.112549 -0.274969 -0.620915 -0.872965 -0.993022 -0.962928 -0.787229 -0.492494 -0.123303 0.26455 -0.989711 -0.860309 -0.600821 -0.250486 0.137724 0.50511 0.796121 0.96675 0.991202 0.865776 0.609439 0.260941 -0.126993 -0.495736 -0.789517 -0.963926 -0.992575 -0.871143 -0.61799 -0.271387 0.116254 0.486319 0.782834 0.960988
11.305 -0.526944 -0.811289 -0.972954 -0.987505 -0.852739 -0.589033 -0.236261 0.152237 0.517715 0.804909 0.970397 0.989154 0.858343 0.597745 0.246765 -0.141528 -0.508426 -0.798438 -0.967725 -0.990686 -0.863846 -0.606384 -0.257245 0.130809 -0.999975 -0.921695 -0.704047 -0.379943 0.00161059 0.382922 0.706334 0.92294 0.999993 0.92584 0.711694 0.389925 0.00921548 -0.372897 -0.698622 -0.918719 -0.999893 -0.929877 -0.71926 -0.39988 -0.0200345 0.362845 0.690843 0.914391
11.355 -0.406343 -0.724149 -0.932452 -0.999765 -0.915906 -0.693556 -0.366337 0.0162777 0.396431 0.716637 0.928487 0.999941 0.920197 0.701313 0.376387 -0.00545221 -0.386472 -0.709045 -0.924411 -1 -0.92438 -0.708985 -0.386398 -0.00536793 -0.991623 -0.965921 -0.794165 -0.502327 -0.134533 0.253604 0.603396 0.861946 0.990166 0.968666 0.800698 0.511649 0.145253 -0.243116 -0.594719 -0.856408 -0.988595 -0.971299 -0.807139 -0.520929 -0.155949 0.232616 0.585991 0.850769
11.405 -0.278177 -0.623528 -0.874589 -0.993411 -0.962021 -0.785168 -0.489592 -0.119985 0.267765 0.615024 0.86929 0.992112 0.964919 0.791825 0.499001 0.130725 -0.257323 -0.606451 -0.863886 -0.990696 -0.967705 -0.798387 -0.508357 -0.141445 -0.964808 -0.992165 -0.869498 -0.615358 -0.268172 0.119565 0.489224 0.784905 0.961905 0.993459 0.874795 0.623847 0.278586 -0.108808 -0.479745 -0.778153 -0.958892 -0.994637 -0.87999 -0.632279 -0.288961 0.0980561 0.470228 0.771309
11.455 -0.144831 -0.511298 -0.800444 -0.968562 -0.990226 -0.862161 -0.603732 -0.254013 0.134115 0.50196 0.793909 0.965811 0.991677 0.867594 0.612325 0.264469 -0.123383 -0.492567 -0.787278 -0.962948 -0.993013 -0.872924 -0.620852 -0.274888 -0.920031 -0.999936 -0.928643 -0.716933 -0.396818 -0.0167006 0.365944 0.693251 0.915735 0.999756 0.932605 0.724431 0.406732 0.0275251 -0.355838 -0.68541 -0.911336 -0.999458 -0.936459 -0.731858 -0.416593 -0.0383294 0.345711 0.677488
11.505 -0.00878952 -0.389549 -0.711396 -0.925681 -0.999994 -0.923103 -0.706632 -0.383312 -0.00203256 0.379551 0.703747 0.92153 0.999972 0.927211 0.71425 0.393289 0.0128544 -0.369513 -0.696013 -0.917272 -0.999833 -0.931209 -0.721788 -0.403214 -0.858126 -0.989091 -0.970499 -0.80516 -0.518076 -0.152655 0.235851 0.58869 0.852517 0.987439 0.973052 0.811527 0.527306 0.163346 -0.225307 -0.579907 -0.846813 -0.985671 -0.975492 -0.817811 -0.536469 -0.174001 0.214758 0.571054
11.555 0.127416 -0.260547 -0.609103 -0.865565 -0.991145 -0.966859 -0.796376 -0.505475 -0.138142 0.250075 0.600483 0.860091 0.98965 0.969565 0.802876 0.514787 0.148852 -0.239579 -0.59179 -0.854518 -0.988039 -0.972158 -0.809285 -0.524033 -0.780244 -0.959832 -0.994286 -0.878397 -0.629689 -0.285767 0.101367 0.473169 0.773426 0.956738 0.995383 0.883515 0.638063 0.296126 -0.0905808 -0.463607 -0.766524 -0.953533 -0.996364 -0.888539 -0.646356 -0.306434 0.079806 0.453988
11.605 0.261249 -0.126695 -0.495471 -0.789335 -0.963844 -0.992614 -0.871294 -0.618227 -0.27168 0.115944 0.48604 0.78264 0.960903 0.993869 0.876555 0.6267 0.282079 -0.105184 -0.476548 -0.775855 -0.95785 -0.995007 -0.881716 -0.635095 -0.687835 -0.912702 -0.999562 -0.935281 -0.729579 -0.413559 -0.0350043 0.348839 0.679937 0.908226 0.999183 0.939053 0.73694 0.423393 0.0458316 -0.338675 -0.671965 -0.903642 -0.998687 -0.942723 -0.744211 -0.433161 -0.0566315 0.32847
11.655 0.390218 0.00951616 -0.372614 -0.698409 -0.918597 -0.999888 -0.92999 -0.719469 -0.400159 -0.0203462 0.362547 0.690618 0.914266 0.999668 0.933914 0.726946 0.410054 0.0311687 -0.352435 -0.682748 -0.909827 -0.999331 -0.937731 -0.734334 -0.582621 -0.84858 -0.986228 -0.974751 -0.815885 -0.533652 -0.170724 0.218014 0.573788 0.842804 0.98438 0.977109 0.822097 0.542777 0.181391 -0.207439 -0.564895 -0.836928 -0.982416 -0.979357 -0.82821 -0.551824 -0.192015 0.196837
11.705 0.511923 0.14555 -0.242819 -0.594481 -0.856249 -0.988548 -0.971372 -0.807317 -0.521189 -0.156257 0.232305 0.585738 0.850608 0.986856 0.973886 0.813658 0.530394 0.166941 -0.22176 -0.576929 -0.844866 -0.98505 -0.976288 -0.819901 -0.466559 -0.76866 -0.954533 -0.996074 -0.887002 -0.643809 -0.303265 0.0831303 0.456957 0.761691 0.95125 0.996973 0.891949 0.652056 0.313573 -0.0723399 -0.447308 -0.754632 -0.947854 -0.997757 -0.896789 -0.660213 -0.323823 0.0615391
11.755 0.624096 0.278874 -0.108504 -0.479484 -0.777959 -0.958803 -0.994669 -0.880134 -0.632515 -0.289259 0.0977379 0.469953 0.771113 0.955672 0.995727 0.885221 0.64086 0.299606 -0.086956 -0.460369 -0.764176 -0.95243 -0.996668 -0.890203 -0.341812 -0.674429 -0.905067 -0.998852 -0.941605 -0.741979 -0.43016 -0.0533011 0.331618 0.666397 0.90041 0.998276 0.945195 0.749195 0.439917 0.0641056 -0.321394 -0.658286 -0.895646 -0.997581 -0.948672 -0.756311 -0.449602 -0.0749046
11.805 0.72465 0.407007 0.0278308 -0.355561 -0.685185 -0.911207 -0.999447 -0.936565 -0.732066 -0.416876 -0.0386489 0.345419 0.677261 0.906694 0.999029 0.940304 0.739395 0.426692 0.0494666 -0.335239 -0.669258 -0.902077 -0.998493 -0.943931 -0.2107 -0.567641 -0.838751 -0.983034 -0.978677 -0.826336 -0.549046 -0.18874 0.200105 0.558697 0.832807 0.980993 0.980843 0.832385 0.558071 0.199358 -0.189495 -0.549685 -0.826763 -0.978833 -0.982893 -0.838328 -0.567011 -0.209954
11.855 0.811713 0.527561 0.163648 -0.225018 -0.579655 -0.846646 -0.985619 -0.975559 -0.817986 -0.536732 -0.174316 0.214453 0.570801 0.840836 0.983732 0.97788 0.824164 0.545835 0.184968 -0.203867 -0.56188 -0.83493 -0.981728 -0.980086 -0.0756662 -0.450285 -0.756819 -0.948914 -0.997528 -0.895309 -0.65771 -0.320665 0.0648667 0.440594 0.749698 0.945446 0.99823 0.900079 0.665834 0.330898 -0.0540688 -0.43085 -0.742487 -0.941861 -0.998815 -0.904737 -0.673864 -0.341094
11.905 0.883664 0.638294 0.296418 -0.0902854 -0.463333 -0.766323 -0.95344 -0.99639 -0.888678 -0.646594 -0.306738 0.0794952 0.453714 0.759324 0.95012 0.997251 0.893589 0.654815 0.317026 -0.0686989 -0.444042 -0.752239 -0.946686 -0.997994 0.0607767 -0.324546 -0.660796 -0.897128 -0.997808 -0.947612 -0.75413 -0.446621 -0.0715792 0.314289 0.652632 0.892298 0.997033 0.951015 0.761202 0.456278 0.0823642 -0.303993 -0.644388 -0.887353 -0.996142 -0.954302 -0.76817 -0.465884
11.955 0.939163 0.737143 0.42367 0.0461279 -0.338385 -0.671733 -0.90351 -0.998671 -0.942825 -0.744419 -0.433449 -0.0569427 0.32818 0.663675 0.898818 0.998055 0.946377 0.751604 0.443182 0.0677478 -0.317936 -0.655543 -0.894019 -0.997322 0.196088 -0.192765 -0.552472 -0.828639 -0.979511 -0.982274 -0.836509 -0.564261 -0.206693 0.182133 0.543415 0.822537 0.977273 0.984246 0.842398 0.573163 0.217264 -0.171477 -0.534292 -0.816326 -0.974922 -0.9861 -0.848175 -0.582
12.005 0.977177 0.822268 0.543033 0.181682 -0.207137 -0.564636 -0.836759 -0.982359 -0.979419 -0.828384 -0.552091 -0.192321 0.196535 0.55567 0.830783 0.980277 0.981546 0.8344 0.561087 0.202933 -0.185911 -0.546641 -0.824707 -0.978081 0.327749 -0.057395 -0.433861 -0.744723 -0.942977 -0.998648 -0.903314 -0.671396 -0.337958 0.0465855 0.424082 0.737462 0.939318 0.999152 0.90791 0.679377 0.348118 -0.0357683 -0.414249 -0.7301 -0.935552 -0.999539 -0.912389 -0.687281
12.055 0.996998 0.892085 0.652287 0.313854 -0.072032 -0.447028 -0.75443 -0.947758 -0.997778 -0.896927 -0.660453 -0.324118 0.0612319 0.437319 0.747281 0.944249 0.99844 0.901661 0.668545 0.33434 -0.0504246 -0.427563 -0.740041 -0.940631 0.453308 0.0790437 -0.307173 -0.646941 -0.888888 -0.996429 -0.953302 -0.766031 -0.462931 -0.0898292 0.296852 0.638657 0.883876 0.995456 0.956519 0.772943 0.472492 0.100606 -0.286493 -0.630281 -0.878764 -0.994369 -0.959617 -0.779766
12.105 0.998257 0.945293 0.749397 0.440183 0.0644137 -0.321096 -0.658055 -0.895512 -0.99756 -0.948771 -0.75652 -0.449881 -0.0752115 0.310827 0.649866 0.890641 0.996746 0.952136 0.763557 0.459523 0.0860004 -0.300525 -0.641596 -0.885669 0.570427 0.214011 -0.174766 -0.537115 -0.818249 -0.975659 -0.985541 -0.846404 -0.579285 -0.224571 0.164097 0.527962 0.811978 0.973227 0.987319 0.852118 0.588068 0.235108 -0.153404 -0.518728 -0.805615 -0.970686 -0.988978 -0.857733
12.155 0.980931 0.980902 0.832555 0.558317 0.19966 -0.189187 -0.549428 -0.826593 -0.97877 -0.982951 -0.838502 -0.567268 -0.210255 0.178547 0.540352 0.820452 0.976495 0.984884 0.844353 0.57615 0.220824 -0.167891 -0.531207 -0.814218 0.676926 0.344993 -0.0391056 -0.41729 -0.732377 -0.936724 -0.999432 -0.911019 -0.684855 -0.355133 0.0282856 0.407437 0.724963 0.932879 0.999739 0.915429 0.692697 0.365232 -0.0174583 -0.397517 -0.717467 -0.928931 -0.999927 -0.919732
12.205 0.945343 0.998248 0.900212 0.666056 0.331189 -0.0537555 -0.430572 -0.742285 -0.941758 -0.99883 -0.904873 -0.674094 -0.341383 0.042944 0.420778 0.734987 0.938064 0.999295 0.909429 0.682051 0.351537 -0.0321315 -0.410929 -0.727607 0.770822 0.469553 0.0972831 -0.289695 -0.632869 -0.88035 -0.994716 -0.958673 -0.777674 -0.479082 -0.108052 0.279327 0.62445 0.875163 0.993545 0.961696 0.784429 0.488557 0.118812 -0.268906 -0.615962 -0.869882 -0.99226 -0.964607
12.255 0.892154 0.99701 0.95111 0.761394 0.456553 0.0826769 -0.3037 -0.644157 -0.887213 -0.996114 -0.954397 -0.76837 -0.466156 -0.093459 0.29337 0.635839 0.882168 0.995102 0.957574 0.775254 0.475705 0.104226 -0.282999 -0.627451 0.850368 0.585371 0.231861 -0.156707 -0.521579 -0.807586 -0.97148 -0.988479 -0.856014 -0.594112 -0.242378 0.146017 0.512312 0.801153 0.968854 0.990059 0.861556 0.602786 0.252871 -0.135288 -0.50299 -0.794637 -0.966119 -0.991524
12.305 0.822355 0.977209 0.9843 0.842557 0.573416 0.21757 -0.171174 -0.534037 -0.81615 -0.974853 -0.986153 -0.84834 -0.58225 -0.228122 0.1605 0.524853 0.809848 0.972383 0.987891 0.854023 0.591016 0.238643 -0.149801 -0.515612 0.914081 0.69029 0.362121 -0.0208011 -0.400578 -0.719786 -0.930158 -0.999882 -0.918418 -0.698081 -0.372191 0.0099876 0.390635 0.712228 0.926125 0.99999 0.922643 0.705792 0.382222 0.00084884 -0.380652 -0.704598 -0.921991 -0.99998
12.355 0.737246 0.939215 0.999164 0.908034 0.679604 0.348412 -0.035461 -0.413974 -0.729891 -0.935442 -0.999548 -0.912517 -0.687504 -0.358538 0.0246417 0.404095 0.722451 0.93156 0.999815 0.916892 0.695324 0.368617 -0.0138136 -0.394174 0.960777 0.782358 0.48564 0.115492 -0.27212 -0.618586 -0.871518 -0.992669 -0.963723 -0.789054 -0.495075 -0.126227 0.261686 0.610042 0.866153 0.991302 0.966553 0.795658 0.504456 0.13697 -0.251228 -0.601441 -0.860698 -0.98982
12.405 0.638411 0.883736 0.995427 0.956605 0.773139 0.472768 0.100912 -0.286204 -0.630044 -0.878615 -0.994335 -0.959704 -0.779958 -0.482279 -0.111675 0.275814 0.621603 0.873394 0.993125 0.96269 0.786687 0.491729 0.122431 -0.265398 0.989585 0.85986 0.600118 0.249635 -0.138595 -0.505869 -0.796653 -0.966975 -0.991085 -0.865336 -0.608742 -0.260092 0.127865 0.496499 0.790056 0.964159 0.992468 0.870711 0.617299 0.27054 -0.117126 -0.487087 -0.783381 -0.961231
12.455 0.527691 0.811803 0.973157 0.987366 0.852279 0.588322 0.235407 -0.153106 -0.518467 -0.80543 -0.970609 -0.989024 -0.857891 -0.59704 -0.245913 0.142398 0.509183 0.798966 0.967946 0.990566 0.863403 0.605685 0.256396 -0.13168 0.999969 0.921354 0.703422 0.37913 -0.00248955 -0.383733 -0.706955 -0.923278 -0.999996 -0.925507 -0.711076 -0.389115 -0.00833655 0.373713 0.69925 0.919066 0.999906 0.929553 0.718649 0.399074 0.0191557 -0.363664 -0.691479 -0.914746
12.505 0.407146 0.724756 0.932769 0.999745 0.915553 0.692923 0.365519 -0.0171566 -0.397238 -0.71725 -0.928813 -0.999931 -0.919853 -0.700687 -0.375572 0.00633116 0.387283 0.709664 0.924746 1 0.924045 0.708365 0.385587 0.00448898 0.991736 0.965694 0.793631 0.501566 0.133662 -0.254454 -0.604096 -0.862391 -0.990289 -0.968448 -0.800171 -0.510893 -0.144383 0.243968 0.595425 0.856862 0.988727 0.971089 0.806619 0.520178 0.155081 -0.233471 -0.586703 -0.851231
12.555 0.279021 0.624215 0.875015 0.993511 0.961781 0.784623 0.488825 0.119112 -0.268612 -0.615717 -0.869724 -0.992221 -0.964688 -0.791288 -0.498239 -0.129854 0.258172 0.60715 0.864329 0.990815 0.967483 0.797857 0.5076 0.140575 0.965039 0.992055 0.869064 0.614665 0.267325 -0.120437 -0.48999 -0.785449 -0.962145 -0.993358 -0.874368 -0.623159 -0.277741 0.109682 0.480515 0.778705 0.959141 0.994546 0.879573 0.631598 0.288119 -0.0989308 -0.471004 -0.771868
12.605 0.145701 0.512054 0.80097 0.96878 0.990103 0.861715 0.603031 0.253163 -0.134986 -0.50272 -0.794443 -0.966039 -0.991564 -0.867157 -0.61163 -0.263621 0.124255 0.493332 0.78782 0.963185 0.992909 0.872495 0.620162 0.274043 0.920376 0.999946 0.928317 0.71632 0.396011 0.0158218 -0.366762 -0.693884 -0.916088 -0.999775 -0.932287 -0.723824 -0.405929 -0.0266465 0.356659 0.68605 0.911697 0.999486 0.93615 0.731259 0.415794 0.0374511 -0.346536 -0.678134
12.655 0.00966844 0.390359 0.712013 0.926013 0.999991 0.922764 0.70601 0.3825 0.0011536 -0.380364 -0.704371 -0.921871 -0.999978 -0.926882 -0.713634 -0.392481 -0.0119755 0.370329 0.696644 0.917621 0.999849 0.930889 0.721179 0.402409 0.858577 0.98922 0.970286 0.804639 0.517324 0.151786 -0.236705 -0.5894 -0.852976 -0.987577 -0.972849 -0.811013 -0.526559 -0.162479 0.226163 0.580623 0.84728 0.985818 0.975299 0.817305 0.535727 0.173136 -0.215616 -0.571775
12.705 -0.126544 0.261397 0.6098 0.866005 0.991262 0.966634 0.795844 0.504717 0.137272 -0.250926 -0.601186 -0.860539 -0.989776 -0.96935 -0.802352 -0.514033 -0.147983 0.240432 0.592498 0.854974 0.988174 0.971951 0.808769 0.523284 0.780793 0.960078 0.994192 0.877977 0.629006 0.284925 -0.102241 -0.473943 -0.773983 -0.956994 -0.995299 -0.883102 -0.637386 -0.295286 0.0914555 0.464385 0.767089 0.953797 0.996289 0.888135 0.645685 0.305597 -0.0806821 -0.454771
12.755 -0.2604 0.127567 0.496234 0.789874 0.964078 0.992507 0.870862 0.617536 0.270834 -0.116817 -0.486808 -0.783187 -0.961146 -0.993771 -0.876131 -0.626015 -0.281236 0.106058 0.477321 0.77641 0.958102 0.994919 0.881301 0.634416 0.688473 0.913061 0.999588 0.934969 0.728978 0.412759 0.0341258 -0.349663 -0.680581 -0.908593 -0.999218 -0.938751 -0.736346 -0.422596 -0.0449541 0.339502 0.672616 0.904018 0.998731 0.94243 0.743623 0.432369 0.0557539 -0.3293
12.805 -0.389409 -0.00863663 0.373429 0.699038 0.918944 0.999901 0.929667 0.718859 0.399354 0.0194674 -0.363366 -0.691253 -0.914622 -0.999691 -0.9336 -0.726342 -0.409252 -0.0302902 0.353257 0.68339 0.910192 0.999363 0.937425 0.733737 0.583335 0.849045 0.986373 0.974555 0.815377 0.532908 0.169858 -0.218872 -0.574507 -0.843277 -0.984534 -0.976922 -0.821597 -0.542038 -0.180527 0.208298 0.56562 0.837408 0.982579 0.979179 0.827717 0.551091 0.191152 -0.197699
12.855 -0.511167 -0.14468 0.243672 0.595187 0.856703 0.98868 0.971162 0.806798 0.520439 0.155389 -0.23316 -0.58645 -0.851069 -0.986998 -0.973686 -0.813147 -0.529649 -0.166075 0.222617 0.577647 0.845336 0.985201 0.976097 0.819397 0.467337 0.769222 0.954795 0.995996 0.886596 0.643136 0.302427 -0.0840062 -0.457738 -0.76226 -0.951521 -0.996904 -0.891551 -0.651389 -0.312739 0.0732166 0.448094 0.755208 0.948134 0.997698 0.8964 0.659553 0.322991 -0.0624163
12.905 -0.623409 -0.27803 0.109378 0.480256 0.778511 0.959052 0.994578 0.879716 0.631834 0.288418 -0.0986126 -0.470729 -0.771672 -0.95593 -0.995645 -0.884812 -0.640185 -0.298767 0.0878316 0.46115 0.764742 0.952697 0.996596 0.889802 0.342638 0.675077 0.905441 0.998894 0.941308 0.74139 0.429366 0.0524234 -0.332447 -0.667052 -0.900792 -0.998327 -0.944907 -0.748612 -0.439128 -0.0632284 0.322226 0.658947 0.896037 0.997642 0.948394 0.755735 0.448817 0.0740281
12.955 -0.724044 -0.406203 -0.0269521 0.356382 0.685825 0.911568 0.999476 0.936256 0.731467 0.416077 0.0377706 -0.346243 -0.677908 -0.907065 -0.999067 -0.940005 -0.738803 -0.425897 -0.0485887 0.336067 0.669911 0.902456 0.998541 0.943641 0.211559 0.568364 0.839229 0.983195 0.978496 0.825841 0.548311 0.187877 -0.200966 -0.559425 -0.833293 -0.981163 -0.980671 -0.831898 -0.557342 -0.198496 0.190358 0.550419 0.827257 0.979012 0.982731 0.837848 0.566287 0.209094
13.005 -0.8112 -0.526814 -0.162781 0.225874 0.580371 0.847113 0.985767 0.975365 0.817481 0.53599 0.173451 -0.215312 -0.571523 -0.841312 -0.983889 -0.977696 -0.823666 -0.545098 -0.184104 0.204727 0.562607 0.835414 0.981895 0.979911 0.0765426 0.45107 0.757393 0.949191 0.997466 0.894917 0.657048 0.319833 -0.0657435 -0.441383 -0.75028 -0.945733 -0.998178 -0.899696 -0.665179 -0.330069 0.0549464 0.431642 0.743076 0.942156 0.998772 0.904362 0.673214 0.340268
13.055 -0.883252 -0.637617 -0.295578 0.091161 0.464112 0.766887 0.953704 0.996315 0.888275 0.645924 0.305901 -0.0803714 -0.454497 -0.759896 -0.950393 -0.997185 -0.893194 -0.65415 -0.316192 0.0695757 0.444829 0.752818 0.946969 0.997938 -0.0598994 0.325378 0.661456 0.897516 0.997866 0.947331 0.753552 0.445834 0.0707028 -0.315124 -0.653298 -0.892695 -0.9971 -0.950743 -0.760632 -0.455496 -0.0814882 0.30483 0.64506 0.887758 0.996218 0.954039 0.767607 0.465106
13.105 -0.938861 -0.736548 -0.422873 -0.0452495 0.339212 0.672384 0.903886 0.998716 0.942532 0.743832 0.432657 0.0560652 -0.32901 -0.664332 -0.899203 -0.998109 -0.946092 -0.751024 -0.442394 -0.0668709 0.318769 0.656206 0.894412 0.997386 -0.195226 0.193628 0.553204 0.829131 0.979687 0.982109 0.836027 0.563535 0.205833 -0.182997 -0.544153 -0.823036 -0.977459 -0.98409 -0.841924 -0.572443 -0.216406 0.172342 0.535035 0.816833 0.975117 0.985953 0.847709 0.581285
13.155 -0.97699 -0.821768 -0.542295 -0.180818 0.207996 0.565361 0.83724 0.982523 0.979241 0.827892 0.551358 0.191458 -0.197397 -0.5564 -0.831272 -0.98045 -0.981377 -0.833915 -0.560359 -0.202072 0.186774 0.547377 0.825203 0.978264 -0.326918 0.0582725 0.434653 0.745309 0.943269 0.998601 0.902937 0.670744 0.337131 -0.0474635 -0.424878 -0.738055 -0.93962 -0.999115 -0.907541 -0.678732 -0.347294 0.0366461 0.415049 0.7307 0.935862 0.999512 0.912029 0.686642
13.205 -0.99693 -0.891687 -0.651621 -0.313019 0.0729086 0.447814 0.755006 0.948038 0.997719 0.896538 0.659793 0.323286 -0.0621092 -0.438109 -0.747865 -0.944538 -0.998391 -0.901281 -0.667891 -0.333512 0.0513024 0.428357 0.740631 0.940929 -0.452524 -0.0781674 0.308009 0.647611 0.88929 0.996503 0.953036 0.765465 0.462152 0.0889537 -0.297692 -0.639333 -0.884287 -0.995539 -0.956262 -0.772385 -0.471717 -0.0997324 0.287335 0.630963 0.879183 0.994461 0.959369 0.779215
13.255 -0.998309 -0.945005 -0.748815 -0.439393 -0.0635366 0.321929 0.658716 0.895902 0.997621 0.948493 0.755945 0.449096 0.074335 -0.311662 -0.650534 -0.891041 -0.996817 -0.951867 -0.762989 -0.458742 -0.0851247 0.301363 0.64227 0.886077 -0.569705 -0.213152 0.175632 0.537857 0.818754 0.975851 0.985392 0.845935 0.578569 0.223715 -0.164964 -0.528709 -0.812491 -0.973429 -0.98718 -0.851658 -0.587357 -0.234254 0.154272 0.519479 0.806135 0.970897 0.988848 0.857281
13.305 -0.981102 -0.98073 -0.832068 -0.557587 -0.198799 0.19005 0.550162 0.827087 0.97895 0.982789 0.838023 0.566544 0.209395 -0.179412 -0.541091 -0.820954 -0.976684 -0.984731 -0.843882 -0.575432 -0.219967 0.168757 0.531952 0.814728 -0.676279 -0.344168 0.0399839 0.418088 0.732975 0.937032 0.999402 0.910656 0.684214 0.354311 -0.0291642 -0.40824 -0.725568 -0.933195 -0.999718 -0.915075 -0.692063 -0.364415 0.0183371 0.398324 0.718079 0.929256 0.999916 0.919387
13.355 -0.945629 -0.998196 -0.899829 -0.665399 -0.33036 0.0546331 0.431365 0.742874 0.942054 0.998788 0.904498 0.673444 0.340557 -0.0438221 -0.421575 -0.735583 -0.938368 -0.999262 -0.909063 -0.681408 -0.350714 0.03301 0.41173 0.72821 -0.770262 -0.468777 -0.0964083 0.290536 0.63355 0.880767 0.994806 0.958423 0.777121 0.47831 0.107178 -0.280172 -0.625136 -0.875588 -0.993644 -0.961455 -0.783883 -0.48779 -0.11794 0.269752 0.616655 0.870315 0.992369 0.964375
13.405 -0.89255 -0.997077 -0.950838 -0.760824 -0.455771 -0.0818009 0.304538 0.64483 0.887618 0.996191 0.954134 0.767807 0.465378 0.0925838 -0.29421 -0.636517 -0.882582 -0.995189 -0.95732 -0.774698 -0.474931 -0.103352 0.283842 0.628135 -0.849905 -0.584658 -0.231006 0.157575 0.522329 0.808104 0.971688 0.988346 0.85556 0.593405 0.241525 -0.146887 -0.513066 -0.801679 -0.969071 -0.989935 -0.86111 -0.602085 -0.25202 0.136159 0.503749 0.79517 0.966346 0.991409
13.455 -0.822855 -0.977396 -0.984144 -0.842083 -0.572696 -0.216712 0.17204 0.53478 0.816657 0.975048 0.986006 0.847875 0.581535 0.227266 -0.161367 -0.525601 -0.810364 -0.972588 -0.987754 -0.853565 -0.590307 -0.23779 0.15067 0.516365 -0.913724 -0.689654 -0.361302 0.0216798 0.401383 0.720396 0.93048 0.999868 0.91807 0.697452 0.371375 -0.0108671 -0.391444 -0.712845 -0.926455 -0.999985 -0.922304 -0.70517 -0.381409 3.01227e-05 0.381465 0.705222 0.922331 0.999986
13.505 -0.73784 -0.939517 -0.999128 -0.907665 -0.678959 -0.347588 0.0363394 0.414774 0.730492 0.935752 0.999521 0.912157 0.686866 0.357717 -0.0255204 -0.404899 -0.723059 -0.931879 -0.999798 -0.916541 -0.694692 -0.3678 0.0146924 0.394982 -0.960532 -0.78181 -0.484872 -0.114619 0.272965 0.619276 0.871949 0.992775 0.963488 0.788513 0.494312 0.125355 -0.262534 -0.610739 -0.866592 -0.991418 -0.966328 -0.795126 -0.503697 -0.136099 0.252079 0.602143 0.861145 0.989944
13.555 -0.639088 -0.884147 -0.995511 -0.956348 -0.772581 -0.471994 -0.100038 0.287046 0.630727 0.879034 0.994428 0.959457 0.779408 0.481508 0.110802 -0.276659 -0.622292 -0.873821 -0.993228 -0.962452 -0.786144 -0.490963 -0.121558 0.266245 -0.989458 -0.859411 -0.599414 -0.248783 0.139465 0.506627 0.797184 0.967198 0.990968 0.864895 0.608045 0.259243 -0.128737 -0.497262 -0.790594 -0.964392 -0.99236 -0.870279 -0.616607 -0.269694 0.117999 0.487854 0.783927 0.961473
13.605 -0.528437 -0.812316 -0.973359 -0.987227 -0.851819 -0.587611 -0.234552 0.153974 0.519219 0.805951 0.97082 0.988894 0.85744 0.596335 0.245061 -0.143268 -0.509939 -0.799495 -0.968166 -0.990445 -0.862959 -0.604986 -0.255546 0.132551 -0.999961 -0.921012 -0.702797 -0.378316 0.00336851 0.384545 0.707577 0.923615 0.999998 0.925174 0.710458 0.388304 0.00745761 -0.374528 -0.699877 -0.919412 -0.999917 -0.929229 -0.718037 -0.398268 -0.0182769 0.364483 0.692113 0.915101
13.655 -0.407948 -0.725361 -0.933085 -0.999725 -0.915199 -0.692289 -0.3647 0.0180354 0.398044 0.717862 0.929138 0.99992 0.919508 0.700059 0.374757 -0.0072101 -0.388093 -0.710283 -0.92508 -0.999998 -0.923708 -0.707745 -0.384776 -0.00361002 -0.991848 -0.965465 -0.793096 -0.500806 -0.132791 0.255304 0.604797 0.862836 0.990411 0.968228 0.799643 0.510137 0.143513 -0.244821 -0.596131 -0.857315 -0.988858 -0.970879 -0.8061 -0.519428 -0.154213 0.234325 0.587414 0.851692
13.705 -0.279865 -0.624902 -0.87544 -0.993611 -0.96154 -0.784078 -0.488058 -0.118239 0.269459 0.616409 0.870157 0.99233 0.964456 0.79075 0.497477 0.128982 -0.259021 -0.607848 -0.864771 -0.990934 -0.96726 -0.797327 -0.506843 -0.139704 -0.965269 -0.991944 -0.868629 -0.613972 -0.266478 0.12131 0.490756 0.785993 0.962384 0.993257 0.873942 0.622471 0.276897 -0.110556 -0.481285 -0.779256 -0.959389 -0.994454 -0.879154 -0.630916 -0.287278 0.0998055 0.471779 0.772426
13.755 -0.14657 -0.512809 -0.801496 -0.968998 -0.989979 -0.861269 -0.60233 -0.252312 0.135857 0.50348 0.794976 0.966265 0.991449 0.866719 0.610935 0.262773 -0.125127 -0.494096 -0.788361 -0.963421 -0.992804 -0.872065 -0.619473 -0.273198 -0.920719 -0.999955 -0.92799 -0.715706 -0.395204 -0.0149429 0.367579 0.694517 0.91644 0.999793 0.931969 0.723217 0.405125 0.0257678 -0.357479 -0.686689 -0.912058 -0.999514 -0.935841 -0.730659 -0.414994 -0.0365727 0.34736 0.67878
13.805 -0.0105474 -0.391169 -0.71263 -0.926344 -0.999987 -0.922425 -0.705387 -0.381688 -0.00027464 0.381177 0.704995 0.922211 0.999984 0.926551 0.713018 0.391672 0.0110966 -0.371146 -0.697274 -0.91797 -0.999864 -0.930567 -0.72057 -0.401605 -0.859027 -0.989349 -0.970073 -0.804117 -0.516572 -0.150917 0.237559 0.59011 0.853434 0.987715 0.972645 0.810498 0.525811 0.161612 -0.227018 -0.581338 -0.847747 -0.985965 -0.975104 -0.816798 -0.534984 -0.17227 0.216474 0.572496
13.855 0.125672 -0.262245 -0.610497 -0.866444 -0.991377 -0.966408 -0.795312 -0.503958 -0.136401 0.251777 0.601888 0.860987 0.989901 0.969133 0.801827 0.513279 0.147114 -0.241285 -0.593206 -0.85543 -0.988308 -0.971744 -0.808251 -0.522535 -0.781342 -0.960323 -0.994097 -0.877556 -0.628323 -0.284082 0.103116 0.474717 0.774539 0.957248 0.995213 0.882689 0.636708 0.294446 -0.0923302 -0.465164 -0.767652 -0.95406 -0.996213 -0.887731 -0.645014 -0.30476 0.0815582 0.455554
13.905 0.259552 -0.12844 -0.496997 -0.790413 -0.964311 -0.992399 -0.87043 -0.616845 -0.269988 0.11769 0.487575 0.783733 0.961388 0.993673 0.875707 0.625329 0.280392 -0.106932 -0.478093 -0.776963 -0.958353 -0.99483 -0.880885 -0.633736 -0.68911 -0.913419 -0.999612 -0.934657 -0.728376 -0.411958 -0.0332474 0.350486 0.681224 0.90896 0.999252 0.938447 0.735751 0.421799 0.0440766 -0.340329 -0.673266 -0.904393 -0.998775 -0.942136 -0.743035 -0.431576 -0.0548763 0.33013
13.955 0.388599 0.0077571 -0.374244 -0.699667 -0.919291 -0.999913 -0.929342 -0.718247 -0.398548 -0.0185886 0.364185 0.691888 0.914977 0.999712 0.933284 0.725738 0.40845 0.0294116 -0.354079 -0.684031 -0.910556 -0.999394 -0.937119 -0.733139 -0.584049 -0.849509 -0.986518 -0.974357 -0.814868 -0.532164 -0.168991 0.219729 0.575226 0.843749 0.984688 0.976733 0.821095 0.541299 0.179663 -0.209158 -0.566345 -0.837888 -0.982742 -0.979 -0.827223 -0.550357 -0.190289 0.19856
14.005 0.510412 0.14381 -0.244524 -0.595894 -0.857156 -0.988811 -0.970953 -0.806278 -0.519688 -0.154521 0.234015 0.587162 0.85153 0.987139 0.973486 0.812635 0.528903 0.165208 -0.223474 -0.578364 -0.845806 -0.985351 -0.975906 -0.818893 -0.468114 -0.769783 -0.955056 -0.995917 -0.886189 -0.642462 -0.301589 0.084882 0.458519 0.762829 0.951791 0.996835 0.891153 0.650722 0.311904 -0.0740931 -0.44888 -0.755783 -0.948413 -0.997638 -0.89601 -0.658892 -0.322159 0.0632936
14.055 0.622722 0.277185 -0.110252 -0.481027 -0.779062 -0.9593 -0.994486 -0.879298 -0.631153 -0.287576 0.0994873 0.471504 0.772231 0.956188 0.995563 0.884402 0.63951 0.297928 -0.0887072 -0.461929 -0.765309 -0.952964 -0.996523 -0.889401 -0.343463 -0.675725 -0.905813 -0.998935 -0.941011 -0.7408 -0.428572 -0.0515456 0.333275 0.667707 0.901174 0.998378 0.944619 0.748029 0.438339 0.0623512 -0.323058 -0.659608 -0.896426 -0.997702 -0.948115 -0.75516 -0.448031 -0.0731515
14.105 0.723438 0.405399 0.0260735 -0.357204 -0.686465 -0.911929 -0.999504 -0.935947 -0.730867 -0.415278 -0.0368923 0.347068 0.678554 0.907434 0.999105 0.939704 0.73821 0.425102 0.0477107 -0.336894 -0.670563 -0.902835 -0.998588 -0.94335 -0.212418 -0.569087 -0.839707 -0.983355 -0.978314 -0.825345 -0.547576 -0.187014 0.201826 0.560154 0.833779 0.981333 0.980499 0.83141 0.556612 0.197635 -0.191221 -0.551152 -0.82775 -0.979191 -0.982568 -0.837368 -0.565562 -0.208235
14.155 0.810685 0.526066 0.161913 -0.226731 -0.581087 -0.84758 -0.985914 -0.975171 -0.816974 -0.535248 -0.172585 0.21617 0.572244 0.841787 0.984046 0.977511 0.823167 0.544361 0.18324 -0.205587 -0.563334 -0.835897 -0.982061 -0.979736 -0.0774189 -0.451854 -0.757967 -0.949468 -0.997403 -0.894524 -0.656385 -0.319 0.0666202 0.442172 0.75086 0.946018 0.998124 0.899312 0.664523 0.329239 -0.0558241 -0.432434 -0.743664 -0.94245 -0.998728 -0.903986 -0.672564 -0.339441
14.205 0.88284 0.636939 0.294739 -0.0920366 -0.46489 -0.767451 -0.953968 -0.996239 -0.887871 -0.645252 -0.305065 0.0812475 0.45528 0.760467 0.950666 0.997119 0.892798 0.653485 0.315358 -0.0704525 -0.445616 -0.753396 -0.947251 -0.997881 0.059022 -0.326209 -0.662115 -0.897903 -0.997923 -0.947049 -0.752974 -0.445047 -0.0698263 0.315958 0.653963 0.893091 0.997167 0.95047 0.760061 0.454713 0.0806121 -0.305666 -0.645732 -0.888163 -0.996294 -0.953775 -0.767044 -0.464328
14.255 0.938558 0.735953 0.422077 0.0443712 -0.340039 -0.673034 -0.904262 -0.99876 -0.942238 -0.743244 -0.431864 -0.0551876 0.32984 0.664989 0.899588 0.998163 0.945807 0.750443 0.441605 0.0659938 -0.319602 -0.656869 -0.894805 -0.997449 0.194364 -0.19449 -0.553936 -0.829622 -0.979863 -0.981943 -0.835544 -0.562808 -0.204973 0.183861 0.54489 0.823536 0.977644 0.983933 0.84145 0.571722 0.215547 -0.173207 -0.535777 -0.81734 -0.975312 -0.985806 -0.847243 -0.58057
14.305 0.976802 0.821266 0.541556 0.179953 -0.208856 -0.566086 -0.837721 -0.982686 -0.979062 -0.827398 -0.550624 -0.190595 0.198259 0.55713 0.831761 0.980623 0.981208 0.83343 0.559631 0.201212 -0.187638 -0.548113 -0.8257 -0.978446 0.326087 -0.0591499 -0.435444 -0.745895 -0.943561 -0.998555 -0.902559 -0.670092 -0.336303 0.0483414 0.425673 0.738649 0.93992 0.999078 0.907172 0.678086 0.34647 -0.0375238 -0.415848 -0.7313 -0.936171 -0.999484 -0.911668 -0.686003
14.355 0.99686 0.891289 0.650954 0.312184 -0.0737852 -0.448599 -0.755583 -0.948317 -0.997659 -0.896148 -0.659132 -0.322454 0.0629864 0.438899 0.748448 0.944826 0.99834 0.9009 0.667237 0.332683 -0.0521802 -0.429152 -0.741222 -0.941227 0.45174 0.0772911 -0.308846 -0.648281 -0.889692 -0.996576 -0.952769 -0.764899 -0.461372 -0.0880782 0.298531 0.640009 0.884697 0.995622 0.956005 0.771826 0.470942 0.0988584 -0.288177 -0.631645 -0.879601 -0.994553 -0.959121 -0.778664
14.405 0.998359 0.944717 0.748232 0.438603 0.0626594 -0.322761 -0.659377 -0.896293 -0.997681 -0.948214 -0.755369 -0.44831 -0.0734584 0.312497 0.651201 0.891439 0.996886 0.951597 0.76242 0.457961 0.0842489 -0.302201 -0.642944 -0.886484 0.568982 0.212293 -0.176497 -0.538597 -0.819259 -0.976043 -0.985242 -0.845466 -0.577852 -0.222858 0.16583 0.529455 0.813003 0.97363 0.987039 0.851197 0.586646 0.2334 -0.155141 -0.52023 -0.806655 -0.971107 -0.988716 -0.856828
14.455 0.981271 0.980558 0.83158 0.556857 0.197937 -0.190913 -0.550896 -0.827581 -0.979129 -0.982626 -0.837543 -0.565819 -0.208536 0.180277 0.54183 0.821455 0.976873 0.984578 0.84341 0.574713 0.219109 -0.169624 -0.532696 -0.815237 0.675631 0.343343 -0.0408621 -0.418887 -0.733573 -0.937338 -0.999371 -0.910293 -0.683573 -0.353489 0.0300428 0.409043 0.726172 0.933511 0.999697 0.91472 0.691428 0.363596 -0.0192159 -0.39913 -0.718691 -0.92958 -0.999905 -0.91904
14.505 0.945914 0.998143 0.899445 0.664743 0.32953 -0.0555108 -0.432158 -0.743462 -0.942348 -0.998744 -0.904123 -0.672794 -0.33973 0.0447002 0.422372 0.736178 0.938671 0.999228 0.908697 0.680764 0.349891 -0.0338884 -0.412531 -0.728812 0.769701 0.468 0.0955334 -0.291377 -0.634229 -0.881183 -0.994895 -0.958172 -0.776568 -0.477538 -0.106304 0.281016 0.625822 0.876012 0.993743 0.961213 0.783337 0.487024 0.117067 -0.270598 -0.617346 -0.870747 -0.992477 -0.964142
14.555 0.892946 0.997144 0.950565 0.760253 0.454988 0.0809249 -0.305375 -0.645501 -0.888023 -0.996268 -0.953871 -0.767244 -0.4646 -0.0917086 0.29505 0.637195 0.882995 0.995275 0.957066 0.774142 0.474158 0.102478 -0.284685 -0.628819 0.849441 0.583945 0.23015 -0.158443 -0.523078 -0.808621 -0.971896 -0.988211 -0.855105 -0.592697 -0.240672 0.147757 0.513821 0.802204 0.969287 0.98981 0.860662 0.601383 0.25117 -0.137029 -0.504508 -0.795703 -0.966571 -0.991294
14.605 0.823354 0.977581 0.983988 0.841609 0.571975 0.215854 -0.172906 -0.535523 -0.817164 -0.975243 -0.98586 -0.847408 -0.58082 -0.22641 0.162235 0.526348 0.810878 0.972792 0.987616 0.853107 0.589597 0.236936 -0.151539 -0.517118 0.913367 0.689017 0.360482 -0.0225586 -0.402188 -0.721005 -0.930802 -0.999853 -0.917721 -0.696822 -0.370559 0.0117466 0.392253 0.713461 0.926786 0.99998 0.921964 0.704547 0.380596 -0.000909086 -0.382277 -0.705845 -0.922671 -0.99999
14.655 0.738433 0.939818 0.999091 0.907296 0.678313 0.346764 -0.0372177 -0.415574 -0.731092 -0.936062 -0.999494 -0.911796 -0.686226 -0.356896 0.0263991 0.405703 0.723665 0.932198 0.99978 0.916189 0.694059 0.366983 -0.0155713 -0.395789 0.960288 0.781262 0.484103 0.113746 -0.273811 -0.619966 -0.872379 -0.99288 -0.963252 -0.787973 -0.493547 -0.124482 0.263382 0.611434 0.86703 0.991532 0.966101 0.794593 0.502937 0.135228 -0.252929 -0.602845 -0.861592 -0.990068
14.705 0.639763 0.884557 0.995593 0.956091 0.772022 0.471218 0.0991632 -0.287888 -0.631408 -0.879453 -0.99452 -0.959209 -0.778857 -0.480738 -0.109928 0.277504 0.62298 0.874248 0.99333 0.962213 0.7856 0.490197 0.120686 -0.267092 0.98933 0.858961 0.598711 0.247932 -0.140335 -0.507384 -0.797714 -0.967421 -0.990849 -0.864453 -0.607347 -0.258393 0.129608 0.498025 0.791132 0.964624 0.992251 0.869846 0.615915 0.268848 -0.118872 -0.488622 -0.784472 -0.961714
14.755 0.529183 0.812829 0.97356 0.987086 0.851359 0.5869 0.233698 -0.154843 -0.51997 -0.806471 -0.97103 -0.988763 -0.856987 -0.595629 -0.244209 0.144138 0.510695 0.800022 0.968386 0.990324 0.862515 0.604286 0.254696 -0.133423 0.999953 0.920669 0.702172 0.377503 -0.00424746 -0.385356 -0.708198 -0.923952 -0.999999 -0.92484 -0.709839 -0.387494 -0.00657867 0.375343 0.700505 0.919757 0.999928 0.928904 0.717425 0.397462 0.017398 -0.365301 -0.692747 -0.915455
14.805 0.408751 0.725967 0.933401 0.999704 0.914844 0.691654 0.363882 -0.0189142 -0.39885 -0.718474 -0.929462 -0.999909 -0.919162 -0.699431 -0.373942 0.00808904 0.388903 0.710902 0.925413 0.999996 0.923371 0.707123 0.383965 0.00273107 0.99196 0.965236 0.79256 0.500045 0.13192 -0.256154 -0.605496 -0.86328 -0.990532 -0.968008 -0.799115 -0.50938 -0.142643 0.245673 0.596836 0.857767 0.988989 0.970668 0.805579 0.518676 0.153344 -0.23518 -0.588125 -0.852152
14.855 0.280708 0.625589 0.875865 0.99371 0.961298 0.783532 0.487291 0.117366 -0.270305 -0.617101 -0.87059 -0.992439 -0.964224 -0.790212 -0.496714 -0.128111 0.25987 0.608546 0.865212 0.991052 0.967037 0.796796 0.506085 0.138834 0.965498 0.991832 0.868193 0.613277 0.265631 -0.122182 -0.491522 -0.786536 -0.962622 -0.993154 -0.873514 -0.621783 -0.276052 0.111429 0.482055 0.779806 0.959637 0.994361 0.878735 0.630234 0.286436 -0.10068 -0.472554 -0.772984
14.905 0.14744 0.513564 0.802021 0.969215 0.989854 0.860822 0.601628 0.251462 -0.136727 -0.504239 -0.795509 -0.966491 -0.991334 -0.86628 -0.610239 -0.261925 0.125999 0.49486 0.788902 0.963656 0.992698 0.871635 0.618783 0.272352 0.921062 0.999963 0.927662 0.715092 0.394396 0.0140641 -0.368397 -0.695149 -0.916791 -0.99981 -0.93165 -0.722609 -0.404322 -0.0248891 0.358299 0.687328 0.912418 0.999541 0.93553 0.730058 0.414194 0.0356943 -0.348184 -0.679425
14.955 0.0114263 0.391978 0.713246 0.926675 0.999982 0.922086 0.704764 0.380875 -0.000604323 -0.381989 -0.705618 -0.92255 -0.999988 -0.92622 -0.712402 -0.390863 -0.0102177 0.371962 0.697904 0.918319 0.999878 0.930245 0.71996 0.4008 0.859477 0.989476 0.96986 0.803594 0.515819 0.150048 -0.238413 -0.59082 -0.853892 -0.987852 -0.972441 -0.809983 -0.525064 -0.160744 0.227873 0.582053 0.848213 0.986112 0.974909 0.816291 0.534241 0.171404 -0.217332 -0.573216
15.005 -0.1248 0.263094 0.611192 0.866883 0.991492 0.966182 0.794779 0.503198 0.13553 -0.252627 -0.60259 -0.861433 -0.990025 -0.968916 -0.801301 -0.512524 -0.146244 0.242138 0.593913 0.855885 0.988442 0.971536 0.807733 0.521785 0.78189 0.960568 0.994001 0.877134 0.627639 0.283239 -0.10399 -0.475491 -0.775095 -0.957502 -0.995127 -0.882276 -0.63603 -0.293606 0.0932048 0.465941 0.768215 0.954323 0.996136 0.887326 0.644342 0.303923 -0.0824342 -0.456336
15.055 -0.258703 0.129312 0.497759 0.790952 0.964543 0.99229 0.869997 0.616153 0.269141 -0.118563 -0.488343 -0.784279 -0.96163 -0.993574 -0.875283 -0.624643 -0.279548 0.107806 0.478865 0.777516 0.958604 0.99474 0.880469 0.633056 0.689747 0.913776 0.999637 0.934344 0.727773 0.411157 0.0323689 -0.351309 -0.681867 -0.909326 -0.999286 -0.938143 -0.735155 -0.421002 -0.0431991 0.341155 0.673916 0.904767 0.998818 0.941841 0.742447 0.430783 0.0539986 -0.33096
15.105 -0.387789 -0.00687756 0.375059 0.700295 0.919636 0.999924 0.929017 0.717636 0.397742 0.0177098 -0.365004 -0.692523 -0.915331 -0.999733 -0.932968 -0.725133 -0.407647 -0.028533 0.354901 0.684672 0.910919 0.999424 0.936812 0.732541 0.584762 0.849972 0.986661 0.974159 0.814358 0.53142 0.168125 -0.220587 -0.575945 -0.84422 -0.984841 -0.976544 -0.820593 -0.54056 -0.178799 0.210017 0.567069 0.838367 0.982904 0.978821 0.826729 0.549623 0.189426 -0.199422
15.155 -0.509656 -0.142939 0.245377 0.5966 0.857608 0.988942 0.970742 0.805758 0.518937 0.153652 -0.234869 -0.587873 -0.851991 -0.987279 -0.973284 -0.812122 -0.528157 -0.164341 0.22433 0.579081 0.846274 0.985501 0.975714 0.818388 0.46889 0.770344 0.955316 0.995837 0.885781 0.641789 0.300751 -0.0857578 -0.4593 -0.763397 -0.95206 -0.996765 -0.890754 -0.650054 -0.311069 0.0749696 0.449665 0.756358 0.948691 0.997577 0.895619 0.65823 0.321327 -0.0641707
15.205 -0.622034 -0.276339 0.111125 0.481797 0.779613 0.959548 0.994393 0.878879 0.630471 0.286734 -0.100362 -0.472279 -0.772789 -0.956445 -0.99548 -0.883992 -0.638834 -0.297089 0.0895826 0.462709 0.765874 0.95323 0.99645 0.888998 0.344289 0.676373 0.906185 0.998975 0.940713 0.740209 0.427778 0.0506678 -0.334103 -0.668361 -0.901554 -0.998427 -0.944331 -0.747445 -0.437549 -0.0614739 0.323889 0.660268 0.896816 0.997761 0.947835 0.754583 0.447245 0.0722748
15.255 -0.722831 -0.404595 -0.0251948 0.358025 0.687104 0.91229 0.999532 0.935637 0.730267 0.414478 0.0360139 -0.347892 -0.679199 -0.907803 -0.999142 -0.939403 -0.737617 -0.424306 -0.0468327 0.337722 0.671215 0.903212 0.998635 0.943058 0.213277 0.56981 0.840184 0.983515 0.978132 0.824848 0.54684 0.18615 -0.202687 -0.560882 -0.834264 -0.981502 -0.980326 -0.830921 -0.555882 -0.196773 0.192084 0.551884 0.828243 0.979369 0.982404 0.836887 0.564837 0.207375
15.305 -0.81017 -0.525318 -0.161046 0.227587 0.581802 0.848046 0.986061 0.974976 0.816467 0.534505 0.171719 -0.217028 -0.572964 -0.842261 -0.984202 -0.977325 -0.822668 -0.543623 -0.182376 0.206447 0.56406 0.836379 0.982227 0.979559 0.0782952 0.452638 0.75854 0.949743 0.997339 0.894131 0.655722 0.318167 -0.0674969 -0.44296 -0.751441 -0.946303 -0.99807 -0.898927 -0.663866 -0.328409 0.0567016 0.433226 0.744251 0.942744 0.998684 0.90361 0.671913 0.338614
15.355 -0.882427 -0.636261 -0.293899 0.0929121 0.465668 0.768014 0.954232 0.996163 0.887466 0.644581 0.304227 -0.0821235 -0.456062 -0.761037 -0.950939 -0.997052 -0.892402 -0.65282 -0.314524 0.0713293 0.446403 0.753974 0.947532 0.997824 -0.0581445 0.327039 0.662773 0.89829 0.997979 0.946767 0.752395 0.44426 0.0689498 -0.316791 -0.654628 -0.893486 -0.997232 -0.950197 -0.75949 -0.45393 -0.079736 0.306503 0.646402 0.888566 0.99637 0.95351 0.766479 0.463549
15.405 -0.938254 -0.735358 -0.42128 -0.0434927 0.340865 0.673684 0.904637 0.998804 0.941943 0.742656 0.431072 0.0543099 -0.330669 -0.665645 -0.899971 -0.998216 -0.945522 -0.749862 -0.440817 -0.0651168 0.320435 0.657532 0.895197 0.997511 -0.193502 0.195352 0.554668 0.830112 0.980038 0.981776 0.835061 0.562082 0.204113 -0.184725 -0.545627 -0.824034 -0.977829 -0.983776 -0.840975 -0.571 -0.214689 0.174072 0.536519 0.817846 0.975506 0.985658 0.846776 0.579854
15.455 -0.976613 -0.820764 -0.540817 -0.179088 0.209716 0.566811 0.8382 0.982849 0.978883 0.826904 0.54989 0.189732 -0.19912 -0.55786 -0.832248 -0.980795 -0.981038 -0.832944 -0.558902 -0.20035 0.188501 0.548848 0.826195 0.978627 -0.325256 0.0600273 0.436235 0.74648 0.943852 0.998507 0.90218 0.669439 0.335476 -0.0492194 -0.426468 -0.739241 -0.94022 -0.99904 -0.906802 -0.67744 -0.345645 0.0384016 0.416647 0.731899 0.93648 0.999455 0.911307 0.685363
15.505 -0.99679 -0.890889 -0.650286 -0.311349 0.0746617 0.449385 0.756158 0.948596 0.997598 0.895758 0.658471 0.321622 -0.0638636 -0.439689 -0.749031 -0.945114 -0.998289 -0.900518 -0.666582 -0.331854 0.053058 0.429945 0.741811 0.941523 -0.450956 -0.0764148 0.309681 0.64895 0.890093 0.996648 0.952502 0.764333 0.460593 0.0872026 -0.29937 -0.640685 -0.885106 -0.995704 -0.955747 -0.771267 -0.470166 -0.0979843 0.289019 0.632326 0.880019 0.994645 0.958872 0.778112
15.555 -0.998409 -0.944429 -0.747649 -0.437813 -0.0617821 0.323593 0.660038 0.896682 0.997741 0.947934 0.754793 0.447524 0.0725818 -0.313332 -0.651868 -0.891837 -0.996955 -0.951326 -0.761851 -0.457179 -0.083373 0.303038 0.643617 0.88689 -0.568259 -0.211434 0.177362 0.539338 0.819762 0.976234 0.985091 0.844997 0.577135 0.222001 -0.166697 -0.530201 -0.813514 -0.97383 -0.986898 -0.850735 -0.585934 -0.232546 0.156009 0.52098 0.807174 0.971316 0.988584 0.856375
15.605 -0.98144 -0.980385 -0.831091 -0.556126 -0.197076 0.191776 0.551629 0.828074 0.979308 0.982463 0.837062 0.565094 0.207676 -0.181141 -0.542569 -0.821956 -0.97706 -0.984424 -0.842937 -0.573993 -0.218252 0.17049 0.53344 0.815746 -0.674983 -0.342517 0.0417403 0.419685 0.73417 0.937644 0.99934 0.909929 0.682932 0.352666 -0.0309213 -0.409846 -0.726776 -0.933826 -0.999675 -0.914364 -0.690793 -0.362778 0.0200947 0.399935 0.719302 0.929904 0.999892 0.918694
15.655 -0.946199 -0.998089 -0.899061 -0.664086 -0.3287 0.0563884 0.432951 0.744049 0.942642 0.9987 0.903747 0.672144 0.338904 -0.0455783 -0.423168 -0.736773 -0.938974 -0.999193 -0.908329 -0.68012 -0.349067 0.0347669 0.413331 0.729414 -0.76914 -0.467223 -0.0946584 0.292218 0.634909 0.881598 0.994983 0.95792 0.776014 0.476766 0.10543 -0.28186 -0.626507 -0.876436 -0.99384 -0.96097 -0.78279 -0.486256 -0.116194 0.271445 0.618038 0.871179 0.992584 0.963909
15.705 -0.893342 -0.99721 -0.950292 -0.759681 -0.454205 -0.0800487 0.306212 0.646172 0.888426 0.996343 0.953606 0.76668 0.463822 0.0908333 -0.29589 -0.637872 -0.883407 -0.99536 -0.95681 -0.773585 -0.473384 -0.101603 0.285527 0.629502 -0.848977 -0.583231 -0.229295 0.159311 0.523827 0.809138 0.972102 0.988076 0.854649 0.591989 0.239819 -0.148626 -0.514574 -0.802729 -0.969503 -0.989685 -0.860214 -0.600681 -0.250319 0.1379 0.505267 0.796235 0.966796 0.991178
15.755 -0.823853 -0.977766 -0.983831 -0.841134 -0.571254 -0.214996 0.173771 0.536265 0.81767 0.975437 0.985712 0.846941 0.580104 0.225554 -0.163102 -0.527096 -0.811392 -0.972995 -0.987478 -0.852648 -0.588887 -0.236082 0.152407 0.51787 -0.913009 -0.68838 -0.359662 0.0234373 0.402993 0.721614 0.931123 0.999838 0.917372 0.696191 0.369743 -0.0126261 -0.393061 -0.714076 -0.927115 -0.999974 -0.921623 -0.703923 -0.379784 0.00178805 0.383089 0.706467 0.923009 0.999993
15.805 -0.739025 -0.940118 -0.999053 -0.906926 -0.677667 -0.34594 0.0380961 0.416373 0.731691 0.93637 0.999466 0.911435 0.685587 0.356075 -0.0272777 -0.406506 -0.724272 -0.932516 -0.999761 -0.915836 -0.693426 -0.366165 0.0164502 0.396596 -0.960042 -0.780713 -0.483334 -0.112872 0.274656 0.620655 0.872808 0.992984 0.963016 0.787431 0.492783 0.123609 -0.26423 -0.61213 -0.867467 -0.991646 -0.965874 -0.794059 -0.502178 -0.134357 0.253779 0.603546 0.862038 0.990192
15.855 -0.640439 -0.884967 -0.995675 -0.955833 -0.771464 -0.470443 -0.0982885 0.28873 0.63209 0.879871 0.994612 0.95896 0.778305 0.479967 0.109054 -0.278348 -0.623667 -0.874675 -0.993431 -0.961973 -0.785056 -0.489431 -0.119813 0.267939 -0.989202 -0.858511 -0.598006 -0.24708 0.141206 0.508141 0.798244 0.967643 0.99073 0.864011 0.606648 0.257543 -0.13048 -0.498787 -0.791669 -0.964856 -0.992142 -0.869412 -0.615222 -0.268001 0.119745 0.489388 0.785017 0.961955
15.905 -0.529929 -0.813341 -0.97376 -0.986945 -0.850897 -0.586188 -0.232843 0.155711 0.52072 0.80699 0.97124 0.988631 0.856534 0.594923 0.243356 -0.145008 -0.511451 -0.800549 -0.968605 -0.990201 -0.86207 -0.603585 -0.253846 0.134294 -0.999944 -0.920325 -0.701546 -0.376689 0.00512642 0.386167 0.708818 0.924287 1 0.924505 0.709219 0.386683 0.00569972 -0.376157 -0.701131 -0.920102 -0.999938 -0.928578 -0.716813 -0.396655 -0.0165192 0.366119 0.693381 0.915808
15.955 -0.409553 -0.726571 -0.933716 -0.999682 -0.914489 -0.691019 -0.363063 0.019793 0.399656 0.719085 0.929786 0.999897 0.918815 0.698803 0.373127 -0.00896797 -0.389713 -0.71152 -0.925746 -0.999994 -0.923033 -0.706502 -0.383153 -0.00185211 -0.992071 -0.965005 -0.792024 -0.499283 -0.131048 0.257003 0.606196 0.863723 0.990652 0.967787 0.798587 0.508623 0.141773 -0.246525 -0.59754 -0.858218 -0.989118 -0.970457 -0.805058 -0.517925 -0.152476 0.236034 0.588836 0.852612
16.005 -0.281552 -0.626275 -0.876288 -0.993808 -0.961055 -0.782986 -0.486523 -0.116493 0.271151 0.617792 0.871022 0.992546 0.96399 0.789673 0.495951 0.127239 -0.260719 -0.609243 -0.865652 -0.991169 -0.966812 -0.796265 -0.505326 -0.137963 -0.965727 -0.991719 -0.867756 -0.612583 -0.264783 0.123055 0.492287 0.787079 0.96286 0.993051 0.873086 0.621094 0.275207 -0.112303 -0.482824 -0.780356 -0.959883 -0.994267 -0.878315 -0.629551 -0.285593 0.101554 0.473328 0.773542
16.055 -0.148309 -0.514319 -0.802546 -0.969431 -0.989729 -0.860374 -0.600926 -0.250611 0.137598 0.504998 0.796042 0.966717 0.991218 0.865841 0.609542 0.261077 -0.126871 -0.495624 -0.789441 -0.96389 -0.992592 -0.871203 -0.618092 -0.271506 -0.921403 -0.99997 -0.927333 -0.714478 -0.393588 -0.0131852 0.369214 0.695781 0.917142 0.999827 0.93133 0.722001 0.403518 0.0240104 -0.359119 -0.687966 -0.912777 -0.999567 -0.93522 -0.729458 -0.413394 -0.0348159 0.349008 0.68007
16.105 -0.0123052 -0.392787 -0.713862 -0.927005 -0.999976 -0.921745 -0.70414 -0.380063 0.00148329 0.382801 0.706241 0.922889 0.999992 0.925889 0.711784 0.390054 0.00933877 -0.372777 -0.698533 -0.918666 -0.999891 -0.929922 -0.71935 -0.399994 -0.859926 -0.989603 -0.969645 -0.80307 -0.515066 -0.149179 0.239266 0.591529 0.854349 0.987988 0.972235 0.809466 0.524315 0.159876 -0.228729 -0.582767 -0.848678 -0.986257 -0.974713 -0.815783 -0.533498 -0.170538 0.21819 0.573937
16.155 0.123928 -0.263943 -0.611888 -0.867321 -0.991606 -0.965955 -0.794245 -0.502438 -0.134659 0.253478 0.603291 0.86188 0.990149 0.968699 0.800775 0.511769 0.145375 -0.242991 -0.59462 -0.856339 -0.988575 -0.971328 -0.807215 -0.521035 -0.782438 -0.960812 -0.993905 -0.876712 -0.626954 -0.282396 0.104864 0.476264 0.77565 0.957755 0.99504 0.881861 0.635351 0.292766 -0.0940793 -0.466719 -0.768778 -0.954585 -0.996059 -0.88692 -0.64367 -0.303085 0.0833101 0.457118
16.205 0.257854 -0.130184 -0.498522 -0.791489 -0.964775 -0.992181 -0.869563 -0.61546 -0.268295 0.119435 0.489109 0.784824 0.96187 0.993474 0.874857 0.623957 0.278704 -0.10868 -0.479636 -0.778069 -0.958854 -0.99465 -0.880052 -0.632376 -0.690383 -0.914133 -0.99966 -0.934031 -0.72717 -0.410356 -0.0314904 0.352132 0.68251 0.909691 0.999319 0.937838 0.734559 0.420205 0.0423216 -0.341981 -0.674565 -0.905141 -0.998861 -0.941545 -0.741858 -0.42999 -0.0531209 0.331789
16.255 0.386979 0.00599802 -0.375874 -0.700922 -0.919981 -0.999935 -0.928692 -0.717023 -0.396935 -0.0168309 0.365822 0.693156 0.915685 0.999753 0.932652 0.724527 0.406845 0.0276544 -0.355723 -0.685313 -0.911281 -0.999453 -0.936504 -0.731943 -0.585475 -0.850435 -0.986804 -0.97396 -0.813847 -0.530675 -0.167258 0.221444 0.576663 0.844691 0.984993 0.976355 0.82009 0.53982 0.177934 -0.210877 -0.567793 -0.838845 -0.983066 -0.97864 -0.826234 -0.548889 -0.188563 0.200283
16.305 0.508899 0.142069 -0.246229 -0.597305 -0.85806 -0.989072 -0.97053 -0.805237 -0.518185 -0.152784 0.235723 0.588584 0.852451 0.987418 0.973082 0.811609 0.527411 0.163474 -0.225187 -0.579797 -0.846742 -0.98565 -0.975521 -0.817883 -0.469666 -0.770904 -0.955576 -0.995757 -0.885373 -0.641114 -0.299913 0.0866335 0.46008 0.763964 0.952329 0.996693 0.890354 0.649386 0.310235 -0.0758461 -0.45045 -0.756932 -0.948969 -0.997516 -0.895228 -0.657569 -0.320495 0.0650479
16.355 0.621345 0.275494 -0.111999 -0.482568 -0.780163 -0.959795 -0.9943 -0.878459 -0.629788 -0.285892 0.101236 0.473053 0.773346 0.956701 0.995396 0.883581 0.638157 0.296249 -0.090458 -0.463488 -0.766439 -0.953495 -0.996376 -0.888596 -0.345114 -0.67702 -0.906557 -0.999015 -0.940415 -0.739618 -0.426983 -0.04979 0.334931 0.669015 0.901934 0.998476 0.944041 0.746861 0.436759 0.0605966 -0.324721 -0.660927 -0.897204 -0.99782 -0.947554 -0.754006 -0.446459 -0.0713982
16.405 0.722223 0.40379 0.0243161 -0.358846 -0.687742 -0.912649 -0.999558 -0.935326 -0.729666 -0.413678 -0.0351355 0.348716 0.679844 0.908172 0.999178 0.939102 0.737023 0.42351 0.0459547 -0.338549 -0.671866 -0.903589 -0.99868 -0.942765 -0.214136 -0.570532 -0.84066 -0.983673 -0.977948 -0.824351 -0.546104 -0.185286 0.203547 0.561609 0.834748 0.98167 0.980152 0.830432 0.555152 0.195911 -0.192946 -0.552617 -0.828735 -0.979546 -0.98224 -0.836406 -0.564112 -0.206515
16.455 0.809655 0.524569 0.160178 -0.228443 -0.582517 -0.848512 -0.986207 -0.97478 -0.815959 -0.533762 -0.170853 0.217886 0.573684 0.842734 0.984357 0.977139 0.822168 0.542885 0.181512 -0.207307 -0.564785 -0.83686 -0.982391 -0.979382 -0.0791715 -0.453422 -0.759112 -0.950018 -0.997275 -0.893737 -0.655058 -0.317333 0.0683735 0.443748 0.75202 0.946587 0.998015 0.898541 0.663209 0.327578 -0.0575791 -0.434018 -0.744838 -0.943036 -0.998638 -0.903233 -0.671262 -0.337787
16.505 0.882013 0.635582 0.293058 -0.0937875 -0.466446 -0.768577 -0.954494 -0.996086 -0.887061 -0.643908 -0.30339 0.0829995 0.456844 0.761607 0.95121 0.996984 0.892005 0.652154 0.31369 -0.072206 -0.447189 -0.754551 -0.947813 -0.997765 0.057267 -0.32787 -0.663431 -0.898676 -0.998034 -0.946483 -0.751816 -0.443472 -0.0680732 0.317625 0.655292 0.893881 0.997297 0.949922 0.758919 0.453147 0.0788598 -0.307339 -0.647073 -0.888969 -0.996444 -0.953245 -0.765915 -0.46277
16.555 0.93795 0.734761 0.420482 0.0426143 -0.341691 -0.674333 -0.905011 -0.998846 -0.941647 -0.742067 -0.430278 -0.0534323 0.331499 0.666301 0.900354 0.998268 0.945235 0.74928 0.440027 0.0642396 -0.321267 -0.658194 -0.895588 -0.997573 0.192639 -0.196214 -0.555399 -0.830602 -0.980213 -0.981609 -0.834577 -0.561355 -0.203253 0.185589 0.546364 0.824532 0.978012 0.983618 0.840499 0.570278 0.213831 -0.174937 -0.537261 -0.818351 -0.975699 -0.985509 -0.846308 -0.579137
16.605 0.976424 0.820261 0.540078 0.178223 -0.210575 -0.567535 -0.838679 -0.983011 -0.978703 -0.82641 -0.549156 -0.188869 0.199981 0.558589 0.832735 0.980966 0.980867 0.832457 0.558173 0.199489 -0.189364 -0.549582 -0.82669 -0.978807 0.324425 -0.0609047 -0.437026 -0.747064 -0.944142 -0.998459 -0.9018 -0.668786 -0.334648 0.0500972 0.427263 0.739833 0.940519 0.999001 0.906431 0.676793 0.34482 -0.0392793 -0.417446 -0.732498 -0.936788 -0.999426 -0.910945 -0.684722
16.655 0.99672 0.89049 0.649618 0.310513 -0.0755382 -0.45017 -0.756733 -0.948874 -0.997537 -0.895367 -0.657809 -0.32079 0.0647407 0.440478 0.749613 0.945401 0.998238 0.900135 0.665926 0.331025 -0.0539357 -0.430739 -0.742401 -0.941819 0.450171 0.0755383 -0.310517 -0.649618 -0.890493 -0.996719 -0.952234 -0.763766 -0.459813 -0.086327 0.300208 0.64136 0.885515 0.995785 0.955488 0.770707 0.46939 0.0971101 -0.28986 -0.633007 -0.880436 -0.994735 -0.958622 -0.77756
16.705 0.998459 0.944139 0.747065 0.437022 0.0609048 -0.324424 -0.660698 -0.897071 -0.997799 -0.947654 -0.754216 -0.446738 -0.0717051 0.314167 0.652534 0.892234 0.997023 0.951055 0.761282 0.456398 0.082497 -0.303876 -0.644289 -0.887296 0.567535 0.210575 -0.178227 -0.540078 -0.820265 -0.976424 -0.984939 -0.844526 -0.576417 -0.221144 0.167564 0.530946 0.814025 0.974029 0.986756 0.850273 0.585221 0.231692 -0.156877 -0.52173 -0.807693 -0.971525 -0.988452 -0.85592
16.755 0.981609 0.980211 0.830602 0.555395 0.196214 -0.192638 -0.552362 -0.828567 -0.979485 -0.982298 -0.836581 -0.564369 -0.206816 0.182006 0.543307 0.822457 0.977247 0.984269 0.842464 0.573273 0.217394 -0.171356 -0.534183 -0.816254 0.674334 0.341691 -0.0426185 -0.420482 -0.734766 -0.937949 -0.999307 -0.909564 -0.68229 -0.351844 0.0317998 0.410648 0.72738 0.93414 0.999652 0.914008 0.690157 0.361959 -0.0209735 -0.400741 -0.719912 -0.930227 -0.999879 -0.918346
16.805 0.946483 0.998034 0.898676 0.663428 0.32787 -0.0572659 -0.433743 -0.744636 -0.942935 -0.998654 -0.903371 -0.671493 -0.338076 0.0464563 0.423965 0.737367 0.939276 0.999157 0.907961 0.679476 0.348243 -0.0356453 -0.414131 -0.730015 0.768578 0.466446 0.0937833 -0.293058 -0.635588 -0.882012 -0.995071 -0.957667 -0.77546 -0.475993 -0.104556 0.282704 0.627192 0.876859 0.993937 0.960727 0.782243 0.485488 0.115321 -0.27229 -0.618728 -0.87161 -0.992691 -0.963674
16.855 0.893736 0.997275 0.950018 0.759109 0.453422 0.0791726 -0.307048 -0.646843 -0.888829 -0.996418 -0.953341 -0.766115 -0.463043 -0.0899579 0.296729 0.638549 0.883818 0.995444 0.956555 0.773028 0.472609 0.100729 -0.286369 -0.630184 0.848512 0.582517 0.228439 -0.160178 -0.524576 -0.809654 -0.972308 -0.987941 -0.854192 -0.59128 -0.238965 0.149496 0.515328 0.803252 0.969718 0.989559 0.859766 0.599979 0.249468 -0.13877 -0.506025 -0.796767 -0.967021 -0.991061
16.905 0.82435 0.97795 0.983673 0.840658 0.570532 0.214137 -0.174637 -0.537006 -0.818176 -0.97563 -0.985563 -0.846474 -0.579388 -0.224697 0.163969 0.527842 0.811906 0.973198 0.987339 0.852188 0.588176 0.235228 -0.153276 -0.518622 0.91265 0.687742 0.358842 -0.024316 -0.403797 -0.722222 -0.931443 -0.999821 -0.917022 -0.69556 -0.368926 0.0135056 0.393869 0.714691 0.927444 0.999967 0.921282 0.703299 0.37897 -0.00266701 -0.383901 -0.707089 -0.923347 -0.999996
16.955 0.739617 0.940418 0.999015 0.906555 0.67702 0.345115 -0.0389744 -0.417172 -0.73229 -0.936679 -0.999436 -0.911073 -0.684947 -0.355254 0.0281563 0.407309 0.724878 0.932833 0.999741 0.915483 0.692793 0.365347 -0.017329 -0.397403 0.959796 0.780163 0.482564 0.111999 -0.275501 -0.621344 -0.873237 -0.993088 -0.962779 -0.786889 -0.492018 -0.122736 0.265078 0.612825 0.867904 0.991759 0.965646 0.793525 0.501417 0.133486 -0.254629 -0.604246 -0.862483 -0.990314
17.005 0.641113 0.885377 0.995757 0.955574 0.770904 0.469667 0.0974138 -0.289571 -0.632771 -0.880288 -0.994702 -0.95871 -0.777753 -0.479196 -0.108181 0.279192 0.624354 0.8751 0.993531 0.961733 0.784511 0.488664 0.118941 -0.268786 0.989072 0.85806 0.597302 0.246229 -0.142076 -0.508898 -0.798773 -0.967865 -0.990611 -0.863568 -0.605949 -0.256693 0.131351 0.499548 0.792205 0.965086 0.992031 0.868978 0.614529 0.267154 -0.120617 -0.490155 -0.785561 -0.962194
17.055 0.530674 0.813852 0.97396 0.986803 0.850435 0.585476 0.231988 -0.156579 -0.52147 -0.807509 -0.971449 -0.988499 -0.85608 -0.594216 -0.242503 0.145877 0.512206 0.801076 0.968823 0.990078 0.861624 0.602884 0.252996 -0.135165 0.999935 0.919981 0.700919 0.375874 -0.00600537 -0.386978 -0.709438 -0.924623 -1 -0.92417 -0.7086 -0.385871 -0.00482077 0.376972 0.701757 0.920446 0.999948 0.928252 0.7162 0.395848 0.0156404 -0.366937 -0.694014 -0.916161
17.105 0.410354 0.727175 0.934031 0.99966 0.914133 0.690384 0.362244 -0.0206718 -0.400462 -0.719696 -0.93011 -0.999884 -0.918468 -0.698174 -0.372311 0.00984689 0.390522 0.712137 0.926078 0.99999 0.922695 0.705879 0.382341 0.000973143 0.992181 0.964775 0.791487 0.498522 0.130177 -0.257853 -0.606894 -0.864166 -0.990771 -0.967566 -0.798057 -0.507865 -0.140903 0.247377 0.598244 0.858669 0.989247 0.970245 0.804536 0.517173 0.151607 -0.236888 -0.589546 -0.853071
17.155 0.282395 0.62696 0.876712 0.993905 0.960812 0.782439 0.485755 0.11562 -0.271997 -0.618483 -0.871454 -0.992653 -0.963756 -0.789133 -0.495188 -0.126367 0.261567 0.60994 0.866092 0.991285 0.966588 0.795733 0.504568 0.137093 0.965955 0.991606 0.867319 0.611888 0.263936 -0.123927 -0.493052 -0.787621 -0.963097 -0.992948 -0.872657 -0.620404 -0.274362 0.113176 0.483593 0.780906 0.960129 0.994173 0.877894 0.628868 0.284751 -0.102429 -0.474102 -0.774098
17.205 0.149178 0.515073 0.80307 0.969646 0.989603 0.859926 0.600223 0.24976 -0.138469 -0.505756 -0.796573 -0.966941 -0.991102 -0.8654 -0.608845 -0.260228 0.127743 0.496387 0.789981 0.964124 0.992485 0.870772 0.617401 0.27066 0.921745 0.999976 0.927004 0.713862 0.39278 0.0123063 -0.37003 -0.696412 -0.917492 -0.999843 -0.93101 -0.721392 -0.402713 -0.0231317 0.359939 0.688604 0.913136 0.999593 0.934908 0.728856 0.412593 0.0339375 -0.349832 -0.680714
17.255 0.0131841 0.393596 0.714478 0.927335 0.99997 0.921404 0.703516 0.379249 -0.00236225 -0.383613 -0.706863 -0.923227 -0.999995 -0.925556 -0.711167 -0.389244 -0.00845985 0.373593 0.699162 0.919013 0.999904 0.929599 0.718739 0.399188 0.860374 0.989729 0.96943 0.802546 0.514312 0.14831 -0.240119 -0.592237 -0.854805 -0.988124 -0.972029 -0.80895 -0.523567 -0.159009 0.229584 0.583482 0.849142 0.986402 0.974516 0.815274 0.532754 0.169672 -0.219048 -0.574656
17.305 -0.123056 0.264791 0.612583 0.867758 0.991719 0.965727 0.793711 0.501678 0.133788 -0.254328 -0.603992 -0.862325 -0.990271 -0.96848 -0.800248 -0.511014 -0.144505 0.243843 0.595326 0.856793 0.988707 0.971119 0.806696 0.520285 0.782985 0.961055 0.993807 0.876288 0.626269 0.281553 -0.105738 -0.477036 -0.776204 -0.958008 -0.994952 -0.881446 -0.634672 -0.291925 0.0949537 0.467496 0.76934 0.954847 0.99598 0.886514 0.642997 0.302247 -0.084186 -0.4579
17.355 -0.257004 0.131056 0.499283 0.792026 0.965005 0.992071 0.869129 0.614767 0.267448 -0.120308 -0.489876 -0.785368 -0.962111 -0.993373 -0.874431 -0.62327 -0.27786 0.109553 0.480407 0.778621 0.959103 0.994559 0.879634 0.631694 0.691019 0.914489 0.999682 0.933716 0.726566 0.409554 0.0306118 -0.352954 -0.683152 -0.910056 -0.999351 -0.937533 -0.733962 -0.419407 -0.041444 0.342807 0.675213 0.905514 0.998902 0.941248 0.741268 0.429196 0.0522432 -0.332618
17.405 -0.386168 -0.00511847 0.376688 0.701549 0.920325 0.999944 0.928366 0.71641 0.396128 0.0159521 -0.36664 -0.69379 -0.916038 -0.999772 -0.932334 -0.723921 -0.406042 -0.0267757 0.356544 0.685952 0.911642 0.999482 0.936195 0.731344 0.586187 0.850897 0.986946 0.97376 0.813336 0.52993 0.166392 -0.222301 -0.57738 -0.845161 -0.985144 -0.976164 -0.819587 -0.53908 -0.17707 0.211736 0.568516 0.839323 0.983227 0.978459 0.825739 0.548154 0.1877 -0.201144
17.455 -0.508142 -0.141198 0.24708 0.59801 0.858511 0.989201 0.970318 0.804716 0.517433 0.151915 -0.236577 -0.589294 -0.85291 -0.987557 -0.972879 -0.811095 -0.526664 -0.162606 0.226043 0.580513 0.847209 0.985798 0.975327 0.817377 0.470442 0.771463 0.955834 0.995675 0.884964 0.64044 0.299074 -0.0875091 -0.46086 -0.764531 -0.952596 -0.996622 -0.889953 -0.648717 -0.309399 0.0767225 0.451235 0.757506 0.949246 0.997453 0.894836 0.656906 0.319662 -0.0659249
17.505 -0.620656 -0.274648 0.112872 0.483337 0.780713 0.960042 0.994206 0.878039 0.629105 0.28505 -0.102111 -0.473828 -0.773903 -0.956956 -0.995311 -0.883169 -0.637481 -0.29541 0.0913334 0.464266 0.767003 0.95376 0.9963 0.888192 0.345939 0.677667 0.906927 0.999053 0.940116 0.739026 0.426188 0.0489121 -0.335759 -0.669668 -0.902313 -0.998524 -0.943751 -0.746276 -0.435969 -0.0597192 0.325552 0.661586 0.897592 0.997877 0.947273 0.753428 0.445672 0.0705214
17.555 -0.721615 -0.402986 -0.0234374 0.359666 0.68838 0.913008 0.999584 0.935015 0.729065 0.412877 0.034257 -0.349539 -0.680488 -0.908539 -0.999213 -0.938799 -0.736429 -0.422713 -0.0450767 0.339376 0.672517 0.903965 0.998725 0.942471 0.214994 0.571254 0.841136 0.983831 0.977765 0.823853 0.545368 0.184423 -0.204407 -0.562336 -0.835231 -0.981837 -0.979977 -0.829942 -0.554421 -0.195049 0.193808 0.553348 0.829227 0.979723 0.982074 0.835924 0.563386 0.205655
17.605 -0.809139 -0.52382 -0.159311 0.229299 0.583231 0.848977 0.986352 0.974584 0.815451 0.533018 0.169987 -0.218744 -0.574404 -0.843207 -0.984512 -0.976952 -0.821667 -0.542147 -0.180647 0.208167 0.56551 0.837341 0.982555 0.979204 0.0800476 0.454205 0.759684 0.950292 0.99721 0.893342 0.654394 0.3165 -0.0692501 -0.444535 -0.752599 -0.94687 -0.997959 -0.898155 -0.662551 -0.326748 0.0584566 0.434809 0.745424 0.943328 0.998592 0.902856 0.67061 0.336959
17.655 -0.881598 -0.634902 -0.292218 0.0946629 0.467223 0.769139 0.954756 0.996007 0.886655 0.643236 0.302552 -0.0838754 -0.457626 -0.762177 -0.951481 -0.996916 -0.891607 -0.651487 -0.312855 0.0730826 0.447975 0.755127 0.948093 0.997706 -0.0563895 0.3287 0.664089 0.899061 0.998089 0.946199 0.751236 0.442684 0.0671965 -0.318458 -0.655956 -0.894275 -0.997362 -0.949647 -0.758346 -0.452363 -0.0779835 0.308174 0.647743 0.889371 0.996518 0.952979 0.765349 0.461991
17.705 -0.937644 -0.734164 -0.419685 -0.0417358 0.342517 0.674982 0.905385 0.998888 0.941351 0.741477 0.429485 0.0525545 -0.332328 -0.666956 -0.900736 -0.998319 -0.944948 -0.748698 -0.439238 -0.0633625 0.3221 0.658855 0.895979 0.997634 -0.191777 0.197076 0.55613 0.831091 0.980386 0.981441 0.834093 0.560627 0.202392 -0.186452 -0.5471 -0.82503 -0.978195 -0.983459 -0.840023 -0.569556 -0.212972 0.175802 0.538002 0.818856 0.975891 0.98536 0.845839 0.578421
17.755 -0.976234 -0.819758 -0.539338 -0.177357 0.211434 0.568258 0.839158 0.983172 0.978522 0.825914 0.548421 0.188006 -0.200842 -0.559318 -0.833221 -0.981136 -0.980696 -0.83197 -0.557443 -0.198628 0.190227 0.550316 0.827184 0.978987 -0.323594 0.061782 0.437817 0.747648 0.944431 0.998409 0.90142 0.668132 0.33382 -0.0509751 -0.428058 -0.740425 -0.940817 -0.998961 -0.90606 -0.676146 -0.343995 0.0401569 0.418245 0.733096 0.937095 0.999395 0.910582 0.684082
17.805 -0.996648 -0.890089 -0.64895 -0.309677 0.0764147 0.450955 0.757307 0.949151 0.997475 0.894975 0.657147 0.319957 -0.0656178 -0.441267 -0.750194 -0.945687 -0.998185 -0.899752 -0.66527 -0.330195 0.0548133 0.431532 0.742989 0.942114 -0.449386 -0.0746619 0.311352 0.650286 0.890893 0.99679 0.951965 0.763198 0.459032 0.0854513 -0.301046 -0.642035 -0.885923 -0.995865 -0.955228 -0.770147 -0.468614 -0.0962359 0.290701 0.633687 0.880853 0.994825 0.958371 0.777007
17.855 -0.998507 -0.943849 -0.74648 -0.436231 -0.0600274 0.325255 0.661357 0.897459 0.997857 0.947373 0.753639 0.445952 0.0708284 -0.315001 -0.6532 -0.892631 -0.997091 -0.950783 -0.760711 -0.455615 -0.0816211 0.304713 0.644961 0.887701 -0.566812 -0.209716 0.179092 0.540817 0.820768 0.976613 0.984787 0.844055 0.575699 0.220287 -0.16843 -0.531692 -0.814535 -0.974228 -0.986613 -0.84981 -0.584508 -0.230837 0.157745 0.52248 0.808211 0.971733 0.988318 0.855466
17.905 -0.981776 -0.980037 -0.830112 -0.554664 -0.195352 0.193501 0.553095 0.829058 0.979662 0.982133 0.836099 0.563643 0.205956 -0.18287 -0.544045 -0.822956 -0.977433 -0.984113 -0.84199 -0.572553 -0.216536 0.172222 0.534926 0.816761 -0.673685 -0.340865 0.0434966 0.42128 0.735362 0.938254 0.999274 0.909198 0.681647 0.351021 -0.0326784 -0.411449 -0.727983 -0.934453 -0.999628 -0.913651 -0.68952 -0.361141 0.0218522 0.401546 0.720522 0.930549 0.999865 0.917998
17.955 -0.946766 -0.997978 -0.89829 -0.66277 -0.327039 0.0581434 0.434535 0.745223 0.943227 0.998608 0.902993 0.670841 0.337249 -0.0473343 -0.42476 -0.73796 -0.939577 -0.999121 -0.907593 -0.678831 -0.347419 0.0365237 0.414931 0.730615 -0.768015 -0.465668 -0.0929082 0.293898 0.636266 0.882426 0.995157 0.957414 0.774904 0.47522 0.103682 -0.283547 -0.627877 -0.877281 -0.994033 -0.960482 -0.781695 -0.48472 -0.114447 0.273136 0.619419 0.872041 0.992796 0.963439
18.005 -0.89413 -0.99734 -0.949743 -0.758537 -0.452638 -0.0782963 0.307885 0.647513 0.889232 0.996492 0.953076 0.76555 0.462263 0.0890825 -0.297568 -0.639225 -0.884229 -0.995527 -0.956298 -0.77247 -0.471834 -0.0998543 0.287211 0.630867 -0.848047 -0.581802 -0.227583 0.161046 0.525324 0.81017 0.972513 0.987804 0.853735 0.590571 0.238112 -0.150366 -0.516081 -0.803776 -0.969932 -0.989432 -0.859317 -0.599276 -0.248616 0.139641 0.506783 0.797297 0.967244 0.990943
18.055 -0.824848 -0.978133 -0.983515 -0.840181 -0.56981 -0.213278 0.175502 0.537748 0.818681 0.975823 0.985414 0.846005 0.578672 0.223841 -0.164836 -0.528589 -0.812419 -0.973399 -0.987199 -0.851728 -0.587465 -0.234373 0.154145 0.519373 -0.91229 -0.687104 -0.358021 0.0251947 0.404601 0.72283 0.931762 0.999804 0.916671 0.694928 0.368109 -0.0143851 -0.394677 -0.715306 -0.927772 -0.99996 -0.92094 -0.702674 -0.378157 0.00354597 0.384712 0.70771 0.923684 0.999998
18.105 -0.740208 -0.940716 -0.998975 -0.906183 -0.676373 -0.34429 0.0398527 0.417971 0.732888 0.936986 0.999407 0.91071 0.684306 0.354432 -0.0290349 -0.408111 -0.725483 -0.933149 -0.999721 -0.915129 -0.692159 -0.364529 0.0182078 0.39821 -0.959549 -0.779613 -0.481794 -0.111125 0.276346 0.622033 0.873665 0.99319 0.962541 0.786346 0.491252 0.121864 -0.265925 -0.613519 -0.86834 -0.991871 -0.965417 -0.79299 -0.500657 -0.132615 0.255479 0.604947 0.862927 0.990436
18.155 -0.641788 -0.885785 -0.995837 -0.955315 -0.770344 -0.468891 -0.096539 0.290412 0.633451 0.880705 0.994792 0.95846 0.7772 0.478424 0.107307 -0.280036 -0.62504 -0.875525 -0.99363 -0.961492 -0.783966 -0.487897 -0.118068 0.269632 -0.988942 -0.857608 -0.596596 -0.245377 0.142946 0.509655 0.799301 0.968085 0.99049 0.863125 0.60525 0.255843 -0.132223 -0.50031 -0.792741 -0.965316 -0.99192 -0.868543 -0.613835 -0.266307 0.12149 0.490921 0.786105 0.962433
18.205 -0.531419 -0.814363 -0.974159 -0.98666 -0.849972 -0.584763 -0.231133 0.157447 0.52222 0.808027 0.971657 0.988366 0.855625 0.593509 0.241651 -0.146747 -0.512961 -0.801602 -0.969041 -0.989954 -0.861177 -0.602183 -0.252145 0.136035 -0.999924 -0.919636 -0.700292 -0.375059 0.00688431 0.387788 0.710057 0.924957 0.999999 0.923834 0.707979 0.38506 0.00394182 -0.377786 -0.702383 -0.920789 -0.999956 -0.927925 -0.715586 -0.395041 -0.0147615 0.367755 0.694647 0.916513
18.255 -0.411156 -0.727779 -0.934344 -0.999636 -0.913777 -0.689748 -0.361424 0.0215505 0.401267 0.720306 0.930432 0.99987 0.91812 0.697544 0.371496 -0.0107258 -0.391331 -0.712754 -0.926409 -0.999986 -0.922356 -0.705256 -0.381529 -9.41805e-05 -0.99229 -0.964543 -0.790949 -0.49776 -0.129305 0.258702 0.607593 0.864608 0.99089 0.967343 0.797527 0.507107 0.140033 -0.248228 -0.598948 -0.859119 -0.989376 -0.970031 -0.804014 -0.51642 -0.150738 0.237742 0.590256 0.853529
18.305 -0.283238 -0.627645 -0.877134 -0.994002 -0.960568 -0.781891 -0.484987 -0.114747 0.272843 0.619174 0.871884 0.992759 0.963521 0.788593 0.494424 0.125495 -0.262415 -0.610636 -0.866531 -0.9914 -0.966362 -0.7952 -0.503809 -0.136222 -0.966182 -0.991492 -0.866881 -0.611193 -0.263088 0.124799 0.493817 0.788162 0.963333 0.992843 0.872227 0.619714 0.273517 -0.114049 -0.484362 -0.781455 -0.960375 -0.994078 -0.877473 -0.628185 -0.283908 0.103303 0.474876 0.774654
18.355 -0.150047 -0.515826 -0.803594 -0.969861 -0.989476 -0.859477 -0.599519 -0.248909 0.139339 0.506514 0.797104 0.967165 0.990984 0.86496 0.608148 0.259379 -0.128615 -0.49715 -0.790519 -0.964357 -0.992377 -0.870339 -0.616709 -0.269814 -0.922085 -0.999982 -0.926674 -0.713247 -0.391972 -0.0114274 0.370847 0.697042 0.917841 0.999858 0.930689 0.720783 0.401908 0.022253 -0.360758 -0.689241 -0.913494 -0.999617 -0.934596 -0.728254 -0.411793 -0.033059 0.350655 0.681357
18.405 -0.0140629 -0.394404 -0.715092 -0.927663 -0.999963 -0.921062 -0.702891 -0.378436 0.00324121 0.384425 0.707484 0.923565 0.999998 0.925223 0.710549 0.388435 0.00758091 -0.374408 -0.69979 -0.919359 -0.999916 -0.929274 -0.718127 -0.398382 -0.860821 -0.989854 -0.969214 -0.802022 -0.513558 -0.147441 0.240973 0.592945 0.855261 0.988258 0.971823 0.808432 0.522818 0.158141 -0.230438 -0.584195 -0.849606 -0.986546 -0.974318 -0.814765 -0.53201 -0.168806 0.219905 0.575375
18.455 0.122183 -0.265639 -0.613277 -0.868195 -0.991832 -0.965499 -0.793176 -0.500918 -0.132917 0.255178 0.604692 0.86277 0.990393 0.968261 0.799721 0.510258 0.143635 -0.244695 -0.596032 -0.857246 -0.988838 -0.970908 -0.806176 -0.519534 -0.783531 -0.961298 -0.993709 -0.875865 -0.625584 -0.280709 0.106612 0.477809 0.776758 0.95826 0.994863 0.881031 0.633993 0.291085 -0.0958281 -0.468273 -0.769901 -0.955107 -0.995901 -0.886107 -0.642323 -0.30141 0.0850618 0.458681
18.505 0.256155 -0.131928 -0.500045 -0.792563 -0.965236 -0.99196 -0.868694 -0.614074 -0.266601 0.12118 0.490642 0.785912 0.96235 0.993272 0.874004 0.622582 0.277015 -0.110427 -0.481178 -0.779172 -0.959351 -0.994467 -0.879216 -0.631013 -0.691654 -0.914844 -0.999704 -0.933401 -0.725962 -0.408752 -0.0297333 0.353777 0.683793 0.91042 0.999382 0.937226 0.733365 0.418609 0.0405663 -0.343633 -0.675861 -0.905887 -0.998943 -0.940951 -0.740678 -0.428402 -0.0513654 0.333447
18.555 0.385357 0.00423892 -0.377502 -0.702175 -0.920669 -0.999953 -0.928038 -0.715797 -0.395321 -0.0150732 0.367457 0.694422 0.91639 0.99979 0.932016 0.723315 0.405238 0.0258971 -0.357365 -0.686592 -0.912003 -0.99951 -0.935886 -0.730744 -0.586899 -0.851359 -0.987087 -0.97356 -0.812825 -0.529184 -0.165525 0.223158 0.578098 0.845631 0.985295 0.975973 0.819083 0.53834 0.176205 -0.212595 -0.569239 -0.839801 -0.983387 -0.978277 -0.825242 -0.547418 -0.186836 0.202005
18.605 0.507385 0.140327 -0.247932 -0.598714 -0.858961 -0.98933 -0.970105 -0.804193 -0.516681 -0.151046 0.237431 0.590004 0.853369 0.987695 0.972675 0.810581 0.525916 0.161739 -0.226899 -0.581229 -0.847676 -0.985945 -0.975133 -0.81687 -0.471218 -0.772022 -0.956092 -0.995593 -0.884554 -0.639764 -0.298235 0.0883847 0.46164 0.765097 0.952863 0.996549 0.889552 0.648048 0.308564 -0.0775988 -0.452019 -0.758079 -0.949522 -0.99739 -0.894443 -0.656243 -0.318829 0.066802
18.655 0.619967 0.273803 -0.113745 -0.484107 -0.781262 -0.960287 -0.994111 -0.877618 -0.628422 -0.284207 0.102985 0.474602 0.77446 0.957211 0.995226 0.882756 0.636803 0.29457 -0.0922086 -0.465045 -0.767567 -0.954024 -0.996224 -0.887788 -0.346763 -0.678313 -0.907297 -0.999091 -0.939816 -0.738433 -0.425393 -0.0480341 0.336587 0.67032 0.902692 0.998572 0.94346 0.745691 0.435178 0.0588418 -0.326383 -0.662244 -0.897979 -0.997934 -0.946991 -0.75285 -0.444885 -0.0696446
18.705 0.721006 0.40218 0.0225587 -0.360487 -0.689017 -0.913366 -0.999609 -0.934703 -0.728463 -0.412077 -0.0333786 0.350363 0.681132 0.908906 0.999247 0.938496 0.735834 0.421917 0.0441986 -0.340203 -0.673167 -0.904341 -0.998769 -0.942177 -0.215853 -0.571975 -0.841611 -0.983988 -0.97758 -0.823355 -0.544631 -0.183559 0.205268 0.563063 0.835714 0.982004 0.979802 0.829451 0.55369 0.194187 -0.194671 -0.55408 -0.829718 -0.979899 -0.981908 -0.835441 -0.562659 -0.204795
18.755 0.808622 0.523071 0.158443 -0.230155 -0.583944 -0.849441 -0.986496 -0.974386 -0.814941 -0.532274 -0.169121 0.219601 0.575123 0.843679 0.984665 0.976764 0.821166 0.541408 0.179783 -0.209027 -0.566235 -0.837821 -0.982718 -0.979025 -0.0809237 -0.454988 -0.760255 -0.950565 -0.997144 -0.892947 -0.653729 -0.315666 0.0701266 0.445323 0.753178 0.947153 0.997903 0.897769 0.661893 0.325917 -0.0593341 -0.4356 -0.74601 -0.94362 -0.998545 -0.902478 -0.669958 -0.336132
18.805 0.881183 0.634223 0.291377 -0.0955381 -0.468 -0.7697 -0.955017 -0.995929 -0.886248 -0.642562 -0.301714 0.0847512 0.458407 0.762745 0.951751 0.996846 0.891209 0.65082 0.31202 -0.0739592 -0.448761 -0.755703 -0.948372 -0.997646 0.0555119 -0.32953 -0.664746 -0.899445 -0.998143 -0.945915 -0.750656 -0.441896 -0.0663198 0.319291 0.656619 0.894668 0.997425 0.949372 0.757774 0.451579 0.0771072 -0.30901 -0.648412 -0.889773 -0.996591 -0.952712 -0.764783 -0.461211
18.855 0.937339 0.733567 0.418887 0.0408573 -0.343343 -0.67563 -0.905758 -0.998929 -0.941054 -0.740887 -0.428691 -0.0516768 0.333157 0.667611 0.901118 0.99837 0.94466 0.748115 0.438448 0.0624853 -0.322931 -0.659516 -0.896369 -0.997694 0.190914 -0.197937 -0.55686 -0.83158 -0.980559 -0.981272 -0.833608 -0.559899 -0.201532 0.187316 0.547835 0.825526 0.978377 0.9833 0.839546 0.568834 0.212113 -0.176667 -0.538743 -0.81936 -0.976082 -0.98521 -0.84537 -0.577703
18.905 0.976043 0.819254 0.538598 0.176492 -0.212293 -0.568981 -0.839635 -0.983332 -0.97834 -0.825419 -0.547686 -0.187143 0.201703 0.560047 0.833707 0.981306 0.980523 0.831482 0.556713 0.197766 -0.19109 -0.55105 -0.827678 -0.979166 0.322762 -0.0626593 -0.438607 -0.748232 -0.94472 -0.99836 -0.901039 -0.667478 -0.332991 0.0518529 0.428852 0.741016 0.941115 0.998921 0.905688 0.675498 0.34317 -0.0410346 -0.419043 -0.733693 -0.937401 -0.999365 -0.910218 -0.68344
18.955 0.996576 0.889688 0.648281 0.308841 -0.077291 -0.451739 -0.757881 -0.949427 -0.997412 -0.894582 -0.656484 -0.319124 0.0664949 0.442056 0.750775 0.945972 0.998132 0.899368 0.664614 0.329366 -0.055691 -0.432325 -0.743577 -0.942408 0.4486 0.0737853 -0.312188 -0.650954 -0.891291 -0.99686 -0.951696 -0.76263 -0.458251 -0.0845755 0.301884 0.642709 0.88633 0.995944 0.954968 0.769586 0.467837 0.0953616 -0.291542 -0.634367 -0.881268 -0.994914 -0.95812 -0.776453
19.005 0.998555 0.943558 0.745895 0.43544 0.05915 -0.326086 -0.662016 -0.897846 -0.997914 -0.947091 -0.753061 -0.445165 -0.0699516 0.315835 0.653865 0.893027 0.997157 0.950511 0.760141 0.454833 0.080745 -0.30555 -0.645633 -0.888106 0.566087 0.208856 -0.179956 -0.541556 -0.82127 -0.976802 -0.984634 -0.843584 -0.57498 -0.219429 0.169297 0.532436 0.815045 0.974426 0.986469 0.849346 0.583795 0.229982 -0.158613 -0.523229 -0.808728 -0.97194 -0.988184 -0.85501
19.055 0.981943 0.979861 0.829622 0.553932 0.19449 -0.194363 -0.553827 -0.82955 -0.979838 -0.981967 -0.835617 -0.562917 -0.205096 0.183734 0.544782 0.823455 0.977618 0.983957 0.841515 0.571832 0.215678 -0.173087 -0.535668 -0.817268 0.673035 0.340039 -0.0443748 -0.422076 -0.735958 -0.938557 -0.99924 -0.908832 -0.681004 -0.350198 0.0335568 0.412251 0.728585 0.934766 0.999604 0.913293 0.688884 0.360321 -0.022731 -0.402351 -0.721131 -0.930871 -0.99985 -0.917649
19.105 0.947049 0.997922 0.897903 0.662111 0.326209 -0.0590209 -0.435326 -0.745809 -0.943519 -0.998562 -0.902615 -0.670189 -0.336422 0.0482123 0.425556 0.738553 0.939878 0.999084 0.907223 0.678185 0.346595 -0.0374021 -0.415731 -0.731215 0.767452 0.46489 0.092033 -0.294739 -0.636944 -0.882839 -0.995243 -0.957159 -0.774349 -0.474446 -0.102808 0.284391 0.62856 0.877702 0.994129 0.960237 0.781147 0.483952 0.113574 -0.273981 -0.620108 -0.872471 -0.992901 -0.963203
19.155 0.894524 0.997404 0.949468 0.757963 0.451854 0.07742 -0.308721 -0.648182 -0.889634 -0.996565 -0.952809 -0.764984 -0.461484 -0.088207 0.298407 0.639901 0.884639 0.99561 0.956041 0.771912 0.471059 0.0989797 -0.288053 -0.631548 0.847581 0.581087 0.226727 -0.161913 -0.526071 -0.810685 -0.972717 -0.987667 -0.853277 -0.589862 -0.237258 0.151235 0.516834 0.804298 0.970145 0.989304 0.858867 0.598572 0.247765 -0.140511 -0.507541 -0.797828 -0.967467 -0.990825
19.205 0.825344 0.978316 0.983355 0.839704 0.569087 0.21242 -0.176368 -0.538488 -0.819186 -0.976014 -0.985264 -0.845536 -0.577954 -0.222984 0.165703 0.529335 0.812931 0.9736 0.987059 0.851267 0.586754 0.233519 -0.155013 -0.520124 0.91193 0.686465 0.357201 -0.0260734 -0.405405 -0.723437 -0.932081 -0.999786 -0.91632 -0.694295 -0.367291 0.0152645 0.395485 0.71592 0.9281 0.999952 0.920597 0.702049 0.377343 -0.00442492 -0.385524 -0.708331 -0.924021 -1
19.255 0.740799 0.941014 0.998935 0.905811 0.675726 0.343464 -0.0407309 -0.418769 -0.733486 -0.937293 -0.999376 -0.910347 -0.683665 -0.35361 0.0299135 0.408914 0.726087 0.933465 0.9997 0.914774 0.691524 0.36371 -0.0190866 -0.399016 0.959301 0.779063 0.481023 0.110252 -0.277191 -0.622721 -0.874092 -0.993292 -0.962302 -0.785803 -0.490487 -0.12099 0.266773 0.614213 0.868775 0.991983 0.965187 0.792455 0.499896 0.131744 -0.256329 -0.605646 -0.863371 -0.990557
19.305 0.642462 0.886193 0.995917 0.955054 0.769783 0.468115 0.0956641 -0.291253 -0.634131 -0.881121 -0.994881 -0.958209 -0.776647 -0.477652 -0.106433 0.28088 0.625726 0.87595 0.993729 0.96125 0.78342 0.48713 0.117195 -0.270479 0.988812 0.857156 0.595891 0.244524 -0.143816 -0.510411 -0.799829 -0.968305 -0.990369 -0.86268 -0.60455 -0.254993 0.133094 0.50107 0.793276 0.965545 0.991808 0.868107 0.613141 0.26546 -0.122362 -0.491686 -0.786648 -0.962672
19.355 0.532163 0.814873 0.974357 0.986517 0.849509 0.58405 0.230278 -0.158315 -0.52297 -0.808545 -0.971865 -0.988231 -0.85517 -0.592801 -0.240798 0.147616 0.513715 0.802127 0.969257 0.98983 0.86073 0.601481 0.251295 -0.136906 0.999913 0.919291 0.699664 0.374245 -0.00776325 -0.388598 -0.710676 -0.925291 -0.999997 -0.923497 -0.707358 -0.384248 -0.00306286 0.378599 0.703008 0.921132 0.999964 0.927597 0.714972 0.394233 0.0138826 -0.368572 -0.695279 -0.916864
19.405 0.411957 0.728382 0.934657 0.999612 0.913419 0.689111 0.360605 -0.0224293 -0.402072 -0.720915 -0.930754 -0.999855 -0.917771 -0.696914 -0.370679 0.0116047 0.39214 0.71337 0.92674 0.999981 0.922016 0.704633 0.380716 -0.000784782 0.992399 0.964311 0.790411 0.496997 0.128434 -0.259551 -0.608291 -0.865049 -0.991008 -0.96712 -0.796997 -0.506349 -0.139162 0.249079 0.599651 0.859569 0.989503 0.969818 0.803491 0.515667 0.149869 -0.238596 -0.590965 -0.853987
19.455 0.284081 0.62833 0.877556 0.994097 0.960323 0.781343 0.484218 0.113874 -0.273688 -0.619864 -0.872315 -0.992864 -0.963286 -0.788052 -0.49366 -0.124623 0.263264 0.611332 0.866969 0.991515 0.966135 0.794667 0.503049 0.135351 0.966408 0.991377 0.866443 0.610497 0.26224 -0.125671 -0.494581 -0.788703 -0.963568 -0.992738 -0.871797 -0.619023 -0.272671 0.114922 0.48513 0.782003 0.960619 0.993982 0.877051 0.627501 0.283065 -0.104177 -0.475649 -0.77521
19.505 0.150916 0.51658 0.804116 0.970075 0.989349 0.859028 0.598816 0.248057 -0.140209 -0.507272 -0.797635 -0.967388 -0.990866 -0.864518 -0.607449 -0.25853 0.129486 0.497913 0.791057 0.964589 0.992268 0.869906 0.616017 0.268967 0.922425 0.999987 0.926343 0.71263 0.391163 0.0105485 -0.371663 -0.697672 -0.918189 -0.999873 -0.930367 -0.720173 -0.401103 -0.0213742 0.361577 0.689877 0.913851 0.999641 0.934283 0.727651 0.410991 0.0321805 -0.351478 -0.682001
19.555 0.0149418 0.395212 0.715706 0.927991 0.999955 0.920719 0.702265 0.377622 -0.00412016 -0.385236 -0.708105 -0.923901 -0.999999 -0.924889 -0.70993 -0.387625 -0.00670197 0.375223 0.700418 0.919705 0.999927 0.928949 0.717516 0.397576 0.861268 0.989979 0.968997 0.801496 0.512804 0.146572 -0.241826 -0.593653 -0.855716 -0.988392 -0.971615 -0.807914 -0.522068 -0.157273 0.231293 0.584908 0.85007 0.986689 0.97412 0.814255 0.531266 0.167939 -0.220763 -0.576094
19.605 -0.121311 0.266487 0.613971 0.868631 0.991944 0.965269 0.79264 0.500157 0.132046 -0.256028 -0.605392 -0.863214 -0.990514 -0.968041 -0.799193 -0.509502 -0.142765 0.245548 0.596738 0.857698 0.988969 0.970698 0.805656 0.518783 0.784077 0.96154 0.99361 0.87544 0.624898 0.279866 -0.107486 -0.478581 -0.777311 -0.95851 -0.994774 -0.880614 -0.633313 -0.290244 0.0967023 0.469049 0.770461 0.955367 0.995821 0.885699 0.641649 0.300571 -0.0859376 -0.459462
19.655 -0.255305 0.1328 0.500806 0.793099 0.965465 0.991848 0.868258 0.61338 0.265753 -0.122053 -0.491408 -0.786455 -0.962588 -0.993169 -0.873577 -0.621894 -0.276171 0.111301 0.481948 0.779722 0.959599 0.994374 0.878797 0.630331 0.692288 0.915199 0.999725 0.933086 0.725357 0.407949 0.0288547 -0.354598 -0.684434 -0.910783 -0.999413 -0.936919 -0.732767 -0.417811 -0.0396887 0.344458 0.676509 0.906258 0.998983 0.940653 0.740087 0.427607 0.0504876 -0.334275
19.705 -0.384546 -0.00335936 0.378316 0.702801 0.921012 0.999961 0.927711 0.715183 0.394513 0.0141943 -0.368275 -0.695055 -0.916741 -0.999808 -0.931697 -0.722707 -0.404434 -0.0250184 0.358186 0.68723 0.912364 0.999537 0.935576 0.730143 0.58761 0.851819 0.987227 0.973359 0.812312 0.528438 0.164658 -0.224015 -0.578814 -0.846099 -0.985445 -0.975781 -0.818579 -0.537599 -0.175341 0.213454 0.569961 0.840277 0.983546 0.978095 0.824746 0.546682 0.185973 -0.202866
19.755 -0.506628 -0.139456 0.248783 0.599418 0.859411 0.989458 0.969892 0.803671 0.515928 0.150177 -0.238285 -0.590714 -0.853826 -0.987832 -0.972471 -0.810066 -0.525168 -0.160872 0.227755 0.581944 0.848142 0.986091 0.974937 0.816363 0.471993 0.772581 0.956349 0.995511 0.884144 0.639088 0.297396 -0.0892601 -0.462419 -0.765663 -0.95313 -0.996476 -0.88915 -0.647378 -0.307728 0.0784751 0.452803 0.758652 0.949797 0.997326 0.89405 0.65558 0.317996 -0.0676789
19.805 -0.619277 -0.272956 0.114619 0.484876 0.78181 0.960532 0.994015 0.877196 0.627738 0.283364 -0.103859 -0.475375 -0.775015 -0.957465 -0.99514 -0.882343 -0.636125 -0.29373 0.0930838 0.465823 0.76813 0.954287 0.996148 0.887383 0.347587 0.678959 0.907667 0.999128 0.939515 0.73784 0.424597 0.0471562 -0.337414 -0.670972 -0.90307 -0.998618 -0.943168 -0.745105 -0.434387 -0.0579644 0.327214 0.662902 0.898365 0.99799 0.946708 0.752271 0.444098 0.0687677
19.855 -0.720397 -0.401375 -0.0216799 0.361307 0.689654 0.913724 0.999633 0.93439 0.72786 0.411276 0.0325001 -0.351186 -0.681775 -0.909272 -0.999281 -0.938192 -0.735239 -0.42112 -0.0433205 0.341029 0.673817 0.904716 0.998812 0.941882 0.216711 0.572696 0.842085 0.984144 0.977394 0.822856 0.543893 0.182695 -0.206127 -0.563789 -0.836197 -0.982169 -0.979626 -0.82896 -0.552958 -0.193325 0.195533 0.554811 0.830208 0.980074 0.981742 0.834957 0.561932 0.203934
19.905 -0.808105 -0.522321 -0.157575 0.23101 0.584658 0.849904 0.98664 0.974188 0.814432 0.53153 0.168254 -0.220459 -0.575842 -0.844151 -0.984818 -0.976575 -0.820664 -0.540669 -0.178918 0.209886 0.566959 0.838301 0.982881 0.978846 0.0817998 0.45577 0.760826 0.950838 0.997077 0.892551 0.653063 0.314832 -0.0710031 -0.446109 -0.753756 -0.947434 -0.997846 -0.897381 -0.661234 -0.325086 0.0602115 0.43639 0.746595 0.94391 0.998497 0.902099 0.669305 0.335304
19.955 -0.880767 -0.633542 -0.290536 0.0964133 0.468777 0.770261 0.955277 0.995849 0.88584 0.641889 0.300876 -0.085627 -0.459188 -0.763313 -0.952021 -0.996776 -0.89081 -0.650152 -0.311185 0.0748357 0.449546 0.756279 0.94865 0.997586 -0.0546343 0.33036 0.665402 0.899829 0.998196 0.945629 0.750075 0.441107 0.0654431 -0.320124 -0.657282 -0.89506 -0.997488 -0.949095 -0.7572 -0.450794 -0.0762308 0.309845 0.649081 0.890174 0.996663 0.952445 0.764217 0.460431
