10.005 10 9.99999 10 10 10 10 10 10 10 10 10 10 10 10 10 10 10 10 10 10 10 10 10 10 10 10 10 10 10 10 10 10 10 10 10 9.99999 10 10 10 10 10 10 10 10 10 10 10 10
10.055 10.05 10.05 10.05 10.05 10.05 10.05 10.05 10.05 10.05 10.05 10.05 10.05 10.05 10.05 10.05 10.05 10.05 10.05 10.05 10.05 10.05 10.05 10.05 10.05 10.05 10.05 10.05 10.05 10.05 10.05 10.05 10.05 10.05 10.05 10.05 10.05 10.05 10.05 10.05 10.05 10.05 10.05 10.05 10.05 10.05 10.05 10.05 10.05
10.105 10.1 10.1 10.1 10.1 10.1 10.1 10.1 10.1 10.1 10.1 10.1 10.1 10.1 10.1 10.1 10.1 10.1 10.1 10.1 10.1 10.1 10.1 10.1 10.1 10.1 10.1 10.1 10.1 10.1 10.1 10.1 10.1 10.1 10.1 10.1 10.1 10.1 10.1 10.1 10.1 10.1 10.1 10.1 10.1 10.1 10.1 10.1 10.1
10.155 10.15 10.15 10.15 10.15 10.15 10.15 10.15 10.15 10.15 10.15 10.15 10.15 10.15 10.15 10.15 10.15 10.15 10.15 10.15 10.15 10.15 10.15 10.15 10.15 10.15 10.15 10.15 10.15 10.15 10.15 10.15 10.15 10.15 10.15 10.15 10.15 10.15 10.15 10.15 10.15 10.15 10.15 10.15 10.15 10.15 10.15 10.15 10.15
10.205 10.2 10.2 10.2 10.2 10.2 10.2 10.2 10.2 10.2 10.2 10.2 10.2 10.2 10.2 10.2 10.2 10.2 10.2 10.2 10.2 10.2 10.2 10.2 10.2 10.2 10.2 10.2 10.2 10.2 10.2 10.2 10.2 10.2 10.2 10.2 10.2 10.2 10.2 10.2 10.2 10.2 10.2 10.2 10.2 10.2 10.2 10.2 10.2
10.255 10.25 10.25 10.25 10.25 10.25 10.25 10.25 10.25 10.25 10.25 10.25 10.25 10.25 10.25 10.25 10.25 10.25 10.25 10.25 10.25 10.25 10.25 10.25 10.25 10.25 10.25 10.25 10.25 10.25 10.25 10.25 10.25 10.25 10.25 10.25 10.25 10.25 10.25 10.25 10.25 10.25 10.25 10.25 10.25 10.25 10.25 10.25 10.25
10.305 10.3 10.3 10.3 10.3 10.3 10.3 10.3 10.3 10.3 10.3 10.3 10.3 10.3 10.3 10.3 10.3 10.3 10.3 10.3 10.3 10.3 10.3 10.3 10.3 10.3 10.3 10.3 10.3 10.3 10.3 10.3 10.3 10.3 10.3 10.3 10.3 10.3 10.3 10.3 10.3 10.3 10.3 10.3 10.3 10.3 10.3 10.3 10.3
10.355 10.35 10.35 10.35 10.35 10.35 10.35 10.35 10.35 10.35 10.35 10.35 10.35 10.35 10.35 10.35 10.35 10.35 10.35 10.35 10.35 10.35 10.35 10.35 10.35 10.35 10.35 10.35 10.35 10.35 10.35 10.35 10.35 10.35 10.35 10.35 10.35 10.35 10.35 10.35 10.35 10.35 10.35 10.35 10.35 10.35 10.35 10.35 10.35
10.405 10.4 10.4 10.4 10.4 10.4 10.4 10.4 10.4 10.4 10.4 10.4 10.4 10.4 10.4 10.4 10.4 10.4 10.4 10.4 10.4 10.4 10.4 10.4 10.4 10.4 10.4 10.4 10.4 10.4 10.4 10.4 10.4 10.4 10.4 10.4 10.4 10.4 10.4 10.4 10.4 10.4 10.4 10.4 10.4 10.4 10.4 10.4 10.4
10.455 10.45 10.45 10.45 10.45 10.45 10.45 10.45 10.45 10.45 10.45 10.45 10.45 10.45 10.45 10.45 10.45 10.45 10.45 10.45 10.45 10.45 10.45 10.45 10.45 10.45 10.45 10.45 10.45 10.45 10.45 10.45 10.45 10.45 10.45 10.45 10.45 10.45 10.45 10.45 10.45 10.45 10.45 10.45 10.45 10.45 10.45 10.45 10.45
10.505 10.5 10.5 10.5 10.5 10.5 10.5 10.5 10.5 10.5 10.5 10.5 10.5 10.5 10.5 10.5 10.5 10.5 10.5 10.5 10.5 10.5 10.5 10.5 10.5 10.5 10.5 10.5 10.5 10.5 10.5 10.5 10.5 10.5 10.5 10.5 10.5 10.5 10.5 10.5 10.5 10.5 10.5 10.5 10.5 10.5 10.5 10.5 10.5
10.555 10.55 10.55 10.55 10.55 10.55 10.55 10.55 10.55 10.55 10.55 10.55 10.55 10.55 10.55 10.55 10.55 10.55 10.55 10.55 10.55 10.55 10.55 10.55 10.55 10.55 10.55 10.55 10.55 10.55 10.55 10.55 10.55 10.55 10.55 10.55 10.55 10.55 10.55 10.55 10.55 10.55 10.55 10.55 10.55 10.55 10.55 10.55 10.55
10.605 10.6 10.6 10.6 10.6 10.6 10.6 10.6 10.6 10.6 10.6 10.6 10.6 10.6 10.6 10.6 10.6 10.6 10.6 10.6 10.6 10.6 10.6 10.6 10.6 10.6 10.6 10.6 10.6 10.6 10.6 10.6 10.6 10.6 10.6 10.6 10.6 10.6 10.6 10.6 10.6 10.6 10.6 10.6 10.6 10.6 10.6 10.6 10.6
10.655 10.65 10.65 10.65 10.65 10.65 10.65 10.65 10.65 10.65 10.65 10.65 10.65 10.65 10.65 10.65 10.65 10.65 10.65 10.65 10.65 10.65 10.65 10.65 10.65 10.65 10.65 10.65 10.65 10.65 10.65 10.65 10.65 10.65 10.65 10.65 10.65 10.65 10.65 10.65 10.65 10.65 10.65 10.65 10.65 10.65 10.65 10.65 10.65
10.705 10.7 10.7 10.7 10.7 10.7 10.7 10.7 10.7 10.7 10.7 10.7 10.7 10.7 10.7 10.7 10.7 10.7 10.7 10.7 10.7 10.7 10.7 10.7 10.7 10.7 10.7 10.7 10.7 10.7 10.7 10.7 10.7 10.7 10.7 10.7 10.7 10.7 10.7 10.7 10.7 10.7 10.7 10.7 10.7 10.7 10.7 10.7 10.7
10.755 10.75 10.75 10.75 10.75 10.75 10.75 10.75 10.75 10.75 10.75 10.75 10.75 10.75 10.75 10.75 10.75 10.75 10.75 10.75 10.75 10.75 10.75 10.75 10.75 10.75 10.75 10.75 10.75 10.75 10.75 10.75 10.75 10.75 10.75 10.75 10.75 10.75 10.75 10.75 10.75 10.75 10.75 10.75 10.75 10.75 10.75 10.75 10.75
10.805 10.8 10.8 10.8 10.8 10.8 10.8 10.8 10.8 10.8 10.8 10.8 10.8 10.8 10.8 10.8 10.8 10.8 10.8 10.8 10.8 10.8 10.8 10.8 10.8 10.8 10.8 10.8 10.8 10.8 10.8 10.8 10.8 10.8 10.8 10.8 10.8 10.8 10.8 10.8 10.8 10.8 10.8 10.8 10.8 10.8 10.8 10.8 10.8
10.855 10.85 10.85 10.85 10.85 10.85 10.85 10.85 10.85 10.85 10.85 10.85 10.85 10.85 10.85 10.85 10.85 10.85 10.85 10.85 10.85 10.85 10.85 10.85 10.85 10.85 10.85 10.85 10.85 10.85 10.85 10.85 10.85 10.85 10.85 10.85 10.85 10.85 10.85 10.85 10.85 10.85 10.85 10.85 10.85 10.85 10.85 10.85 10.85
10.905 10.9 10.9 10.9 10.9 10.9 10.9 10.9 10.9 10.9 10.9 10.9 10.9 10.9 10.9 10.9 10.9 10.9 10.9 10.9 10.9 10.9 10.9 10.9 10.9 10.9 10.9 10.9 10.9 10.9 10.9 10.9 10.9 10.9 10.9 10.9 10.9 10.9 10.9 10.9 10.9 10.9 10.9 10.9 10.9 10.9 10.9 10.9 10.9
10.955 10.95 10.95 10.95 10.95 10.95 10.95 10.95 10.95 10.95 10.95 10.95 10.95 10.95 10.95 10.95 10.95 10.95 10.95 10.95 10.95 10.95 10.95 10.95 10.95 10.95 10.95 10.95 10.95 10.95 10.95 10.95 10.95 10.95 10.95 10.95 10.95 10.95 10.95 10.95 10.95 10.95 10.95 10.95 10.95 10.95 10.95 10.95 10.95
11.005 11 11 11 11 11 11 11 11 11 11 11 11 11 11 11 11 11 11 11 11 11 11 11 11 11 11 11 11 11 11 11 11 11 11 11 11 11 11 11 11 11 11 11 11 11 11 11 11
11.055 11.05 11.05 11.05 11.05 11.05 11.05 11.05 11.05 11.05 11.05 11.05 11.05 11.05 11.05 11.05 11.05 11.05 11.05 11.05 11.05 11.05 11.05 11.05 11.05 11.05 11.05 11.05 11.05 11.05 11.05 11.05 11.05 11.05 11.05 11.05 11.05 11.05 11.05 11.05 11.05 11.05 11.05 11.05 11.05 11.05 11.05 11.05 11.05
11.105 11.1 11.1 11.1 11.1 11.1 11.1 11.1 11.1 11.1 11.1 11.1 11.1 11.1 11.1 11.1 11.1 11.1 11.1 11.1 11.1 11.1 11.1 11.1 11.1 11.1 11.1 11.1 11.1 11.1 11.1 11.1 11.1 11.1 11.1 11.1 11.1 11.1 11.1 11.1 11.1 11.1 11.1 11.1 11.1 11.1 11.1 11.1 11.1
11.155 11.15 11.15 11.15 11.15 11.15 11.15 11.15 11.15 11.15 11.15 11.15 11.15 11.15 11.15 11.15 11.15 11.15 11.15 11.15 11.15 11.15 11.15 11.15 11.15 11.15 11.15 11.15 11.15 11.15 11.15 11.15 11.15 11.15 11.15 11.15 11.15 11.15 11.15 11.15 11.15 11.15 11.15 11.15 11.15 11.15 11.15 11.15 11.15
11.205 11.2 11.2 11.2 11.2 11.2 11.2 11.2 11.2 11.2 11.2 11.2 11.2 11.2 11.2 11.2 11.2 11.2 11.2 11.2 11.2 11.2 11.2 11.2 11.2 11.2 11.2 11.2 11.2 11.2 11.2 11.2 11.2 11.2 11.2 11.2 11.2 11.2 11.2 11.2 11.2 11.2 11.2 11.2 11.2 11.2 11.2 11.2 11.2
11.255 11.25 11.25 11.25 11.25 11.25 11.25 11.25 11.25 11.25 11.25 11.25 11.25 11.25 11.25 11.25 11.25 11.25 11.25 11.25 11.25 11.25 11.25 11.25 11.25 11.25 11.25 11.25 11.25 11.25 11.25 11.25 11.25 11.25 11.25 11.25 11.25 11.25 11.25 11.25 11.25 11.25 11.25 11.25 11.25 11.25 11.25 11.25 11.25
11.305 11.3 11.3 11.3 11.3 11.3 11.3 11.3 11.3 11.3 11.3 11.3 11.3 11.3 11.3 11.3 11.3 11.3 11.3 11.3 11.3 11.3 11.3 11.3 11.3 11.3 11.3 11.3 11.3 11.3 11.3 11.3 11.3 11.3 11.3 11.3 11.3 11.3 11.3 11.3 11.3 11.3 11.3 11.3 11.3 11.3 11.3 11.3 11.3
11.355 11.35 11.35 11.35 11.35 11.35 11.35 11.35 11.35 11.35 11.35 11.35 11.35 11.35 11.35 11.35 11.35 11.35 11.35 11.35 11.35 11.35 11.35 11.35 11.35 11.35 11.35 11.35 11.35 11.35 11.35 11.35 11.35 11.35 11.35 11.35 11.35 11.35 11.35 11.35 11.35 11.35 11.35 11.35 11.35 11.35 11.35 11.35 11.35
11.405 11.4 11.4 11.4 11.4 11.4 11.4 11.4 11.4 11.4 11.4 11.4 11.4 11.4 11.4 11.4 11.4 11.4 11.4 11.4 11.4 11.4 11.4 11.4 11.4 11.4 11.4 11.4 11.4 11.4 11.4 11.4 11.4 11.4 11.4 11.4 11.4 11.4 11.4 11.4 11.4 11.4 11.4 11.4 11.4 11.4 11.4 11.4 11.4
11.455 11.45 11.45 11.45 11.45 11.45 11.45 11.45 11.45 11.45 11.45 11.45 11.45 11.45 11.45 11.45 11.45 11.45 11.45 11.45 11.45 11.45 11.45 11.45 11.45 11.45 11.45 11.45 11.45 11.45 11.45 11.45 11.45 11.45 11.45 11.45 11.45 11.45 11.45 11.45 11.45 11.45 11.45 11.45 11.45 11.45 11.45 11.45 11.45
11.505 11.5 11.5 11.5 11.5 11.5 11.5 11.5 11.5 11.5 11.5 11.5 11.5 11.5 11.5 11.5 11.5 11.5 11.5 11.5 11.5 11.5 11.5 11.5 11.5 11.5 11.5 11.5 11.5 11.5 11.5 11.5 11.5 11.5 11.5 11.5 11.5 11.5 11.5 11.5 11.5 11.5 11.5 11.5 11.5 11.5 11.5 11.5 11.5
11.555 11.55 11.55 11.55 11.55 11.55 11.55 11.55 11.55 11.55 11.55 11.55 11.55 11.55 11.55 11.55 11.55 11.55 11.55 11.55 11.55 11.55 11.55 11.55 11.55 11.55 11.55 11.55 11.55 11.55 11.55 11.55 11.55 11.55 11.55 11.55 11.55 11.55 11.55 11.55 11.55 11.55 11.55 11.55 11.55 11.55 11.55 11.55 11.55
11.605 11.6 11.6 11.6 11.6 11.6 11.6 11.6 11.6 11.6 11.6 11.6 11.6 11.6 11.6 11.6 11.6 11.6 11.6 11.6 11.6 11.6 11.6 11.6 11.6 11.6 11.6 11.6 11.6 11.6 11.6 11.6 11.6 11.6 11.6 11.6 11.6 11.6 11.6 11.6 11.6 11.6 11.6 11.6 11.6 11.6 11.6 11.6 11.6
11.655 11.65 11.65 11.65 11.65 11.65 11.65 11.65 11.65 11.65 11.65 11.65 11.65 11.65 11.65 11.65 11.65 11.65 11.65 11.65 11.65 11.65 11.65 11.65 11.65 11.65 11.65 11.65 11.65 11.65 11.65 11.65 11.65 11.65 11.65 11.65 11.65 11.65 11.65 11.65 11.65 11.65 11.65 11.65 11.65 11.65 11.65 11.65 11.65
11.705 11.7 11.7 11.7 11.7 11.7 11.7 11.7 11.7 11.7 11.7 11.7 11.7 11.7 11.7 11.7 11.7 11.7 11.7 11.7 11.7 11.7 11.7 11.7 11.7 11.7 11.7 11.7 11.7 11.7 11.7 11.7 11.7 11.7 11.7 11.7 11.7 11.7 11.7 11.7 11.7 11.7 11.7 11.7 11.7 11.7 11.7 11.7 11.7
11.755 11.75 11.75 11.75 11.75 11.75 11.75 11.75 11.75 11.75 11.75 11.75 11.75 11.75 11.75 11.75 11.75 11.75 11.75 11.75 11.75 11.75 11.75 11.75 11.75 11.75 11.75 11.75 11.75 11.75 11.75 11.75 11.75 11.75 11.75 11.75 11.75 11.75 11.75 11.75 11.75 11.75 11.75 11.75 11.75 11.75 11.75 11.75 11.75
11.805 11.8 11.8 11.8 11.8 11.8 11.8 11.8 11.8 11.8 11.8 11.8 11.8 11.8 11.8 11.8 11.8 11.8 11.8 11.8 11.8 11.8 11.8 11.8 11.8 11.8 11.8 11.8 11.8 11.8 11.8 11.8 11.8 11.8 11.8 11.8 11.8 11.8 11.8 11.8 11.8 11.8 11.8 11.8 11.8 11.8 11.8 11.8 11.8
11.855 11.85 11.85 11.85 11.85 11.85 11.85 11.85 11.85 11.85 11.85 11.85 11.85 11.85 11.85 11.85 11.85 11.85 11.85 11.85 11.85 11.85 11.85 11.85 11.85 11.85 11.85 11.85 11.85 11.85 11.85 11.85 11.85 11.85 11.85 11.85 11.85 11.85 11.85 11.85 11.85 11.85 11.85 11.85 11.85 11.85 11.85 11.85 11.85
11.905 11.9 11.9 11.9 11.9 11.9 11.9 11.9 11.9 11.9 11.9 11.9 11.9 11.9 11.9 11.9 11.9 11.9 11.9 11.9 11.9 11.9 11.9 11.9 11.9 11.9 11.9 11.9 11.9 11.9 11.9 11.9 11.9 11.9 11.9 11.9 11.9 11.9 11.9 11.9 11.9 11.9 11.9 11.9 11.9 11.9 11.9 11.9 11.9
11.955 11.95 11.95 11.95 11.95 11.95 11.95 11.95 11.95 11.95 11.95 11.95 11.95 11.95 11.95 11.95 11.95 11.95 11.95 11.95 11.95 11.95 11.95 11.95 11.95 11.95 11.95 11.95 11.95 11.95 11.95 11.95 11.95 11.95 11.95 11.95 11.95 11.95 11.95 11.95 11.95 11.95 11.95 11.95 11.95 11.95 11.95 11.95 11.95
12.005 12 12 12 12 12 12 12 12 12 12 12 12 12 12 12 12 12 12 12 12 12 12 12 12 12 12 12 12 12 12 12 12 12 12 12 12 12 12 12 12 12 12 12 12 12 12 12 12
12.055 12.05 12.05 12.05 12.05 12.05 12.05 12.05 12.05 12.05 12.05 12.05 12.05 12.05 12.05 12.05 12.05 12.05 12.05 12.05 12.05 12.05 12.05 12.05 12.05 12.05 12.05 12.05 12.05 12.05 12.05 12.05 12.05 12.05 12.05 12.05 12.05 12.05 12.05 12.05 12.05 12.05 12.05 12.05 12.05 12.05 12.05 12.05 12.05
12.105 12.1 12.1 12.1 12.1 12.1 12.1 12.1 12.1 12.1 12.1 12.1 12.1 12.1 12.1 12.1 12.1 12.1 12.1 12.1 12.1 12.1 12.1 12.1 12.1 12.1 12.1 12.1 12.1 12.1 12.1 12.1 12.1 12.1 12.1 12.1 12.1 12.1 12.1 12.1 12.1 12.1 12.1 12.1 12.1 12.1 12.1 12.1 12.1
12.155 12.15 12.15 12.15 12.15 12.15 12.15 12.15 12.15 12.15 12.15 12.15 12.15 12.15 12.15 12.15 12.15 12.15 12.15 12.15 12.15 12.15 12.15 12.15 12.15 12.15 12.15 12.15 12.15 12.15 12.15 12.15 12.15 12.15 12.15 12.15 12.15 12.15 12.15 12.15 12.15 12.15 12.15 12.15 12.15 12.15 12.15 12.15 12.15
12.205 12.2 12.2 12.2 12.2 12.2 12.2 12.2 12.2 12.2 12.2 12.2 12.2 12.2 12.2 12.2 12.2 12.2 12.2 12.2 12.2 12.2 12.2 12.2 12.2 12.2 12.2 12.2 12.2 12.2 12.2 12.2 12.2 12.2 12.2 12.2 12.2 12.2 12.2 12.2 12.2 12.2 12.2 12.2 12.2 12.2 12.2 12.2 12.2
12.255 12.25 12.25 12.25 12.25 12.25 12.25 12.25 12.25 12.25 12.25 12.25 12.25 12.25 12.25 12.25 12.25 12.25 12.25 12.25 12.25 12.25 12.25 12.25 12.25 12.25 12.25 12.25 12.25 12.25 12.25 12.25 12.25 12.25 12.25 12.25 12.25 12.25 12.25 12.25 12.25 12.25 12.25 12.25 12.25 12.25 12.25 12.25 12.25
12.305 12.3 12.3 12.3 12.3 12.3 12.3 12.3 12.3 12.3 12.3 12.3 12.3 12.3 12.3 12.3 12.3 12.3 12.3 12.3 12.3 12.3 12.3 12.3 12.3 12.3 12.3 12.3 12.3 12.3 12.3 12.3 12.3 12.3 12.3 12.3 12.3 12.3 12.3 12.3 12.3 12.3 12.3 12.3 12.3 12.3 12.3 12.3 12.3
12.355 12.35 12.35 12.35 12.35 12.35 12.35 12.35 12.35 12.35 12.35 12.35 12.35 12.35 12.35 12.35 12.35 12.35 12.35 12.35 12.35 12.35 12.35 12.35 12.35 12.35 12.35 12.35 12.35 12.35 12.35 12.35 12.35 12.35 12.35 12.35 12.35 12.35 12.35 12.35 12.35 12.35 12.35 12.35 12.35 12.35 12.35 12.35 12.35
12.405 12.4 12.4 12.4 12.4 12.4 12.4 12.4 12.4 12.4 12.4 12.4 12.4 12.4 12.4 12.4 12.4 12.4 12.4 12.4 12.4 12.4 12.4 12.4 12.4 12.4 12.4 12.4 12.4 12.4 12.4 12.4 12.4 12.4 12.4 12.4 12.4 12.4 12.4 12.4 12.4 12.4 12.4 12.4 12.4 12.4 12.4 12.4 12.4
12.455 12.45 12.45 12.45 12.45 12.45 12.45 12.45 12.45 12.45 12.45 12.45 12.45 12.45 12.45 12.45 12.45 12.45 12.45 12.45 12.45 12.45 12.45 12.45 12.45 12.45 12.45 12.45 12.45 12.45 12.45 12.45 12.45 12.45 12.45 12.45 12.45 12.45 12.45 12.45 12.45 12.45 12.45 12.45 12.45 12.45 12.45 12.45 12.45
12.505 12.5 12.5 12.5 12.5 12.5 12.5 12.5 12.5 12.5 12.5 12.5 12.5 12.5 12.5 12.5 12.5 12.5 12.5 12.5 12.5 12.5 12.5 12.5 12.5 12.5 12.5 12.5 12.5 12.5 12.5 12.5 12.5 12.5 12.5 12.5 12.5 12.5 12.5 12.5 12.5 12.5 12.5 12.5 12.5 12.5 12.5 12.5 12.5
12.555 12.55 12.55 12.55 12.55 12.55 12.55 12.55 12.55 12.55 12.55 12.55 12.55 12.55 12.55 12.55 12.55 12.55 12.55 12.55 12.55 12.55 12.55 12.55 12.55 12.55 12.55 12.55 12.55 12.55 12.55 12.55 12.55 12.55 12.55 12.55 12.55 12.55 12.55 12.55 12.55 12.55 12.55 12.55 12.55 12.55 12.55 12.55 12.55
12.605 12.6 12.6 12.6 12.6 12.6 12.6 12.6 12.6 12.6 12.6 12.6 12.6 12.6 12.6 12.6 12.6 12.6 12.6 12.6 12.6 12.6 12.6 12.6 12.6 12.6 12.6 12.6 12.6 12.6 12.6 12.6 12.6 12.6 12.6 12.6 12.6 12.6 12.6 12.6 12.6 12.6 12.6 12.6 12.6 12.6 12.6 12.6 12.6
12.655 12.65 12.65 12.65 12.65 12.65 12.65 12.65 12.65 12.65 12.65 12.65 12.65 12.65 12.65 12.65 12.65 12.65 12.65 12.65 12.65 12.65 12.65 12.65 12.65 12.65 12.65 12.65 12.65 12.65 12.65 12.65 12.65 12.65 12.65 12.65 12.65 12.65 12.65 12.65 12.65 12.65 12.65 12.65 12.65 12.65 12.65 12.65 12.65
12.705 12.7 12.7 12.7 12.7 12.7 12.7 12.7 12.7 12.7 12.7 12.7 12.7 12.7 12.7 12.7 12.7 12.7 12.7 12.7 12.7 12.7 12.7 12.7 12.7 12.7 12.7 12.7 12.7 12.7 12.7 12.7 12.7 12.7 12.7 12.7 12.7 12.7 12.7 12.7 12.7 12.7 12.7 12.7 12.7 12.7 12.7 12.7 12.7
12.755 12.75 12.75 12.75 12.75 12.75 12.75 12.75 12.75 12.75 12.75 12.75 12.75 12.75 12.75 12.75 12.75 12.75 12.75 12.75 12.75 12.75 12.75 12.75 12.75 12.75 12.75 12.75 12.75 12.75 12.75 12.75 12.75 12.75 12.75 12.75 12.75 12.75 12.75 12.75 12.75 12.75 12.75 12.75 12.75 12.75 12.75 12.75 12.75
12.805 12.8 12.8 12.8 12.8 12.8 12.8 12.8 12.8 12.8 12.8 12.8 12.8 12.8 12.8 12.8 12.8 12.8 12.8 12.8 12.8 12.8 12.8 12.8 12.8 12.8 12.8 12.8 12.8 12.8 12.8 12.8 12.8 12.8 12.8 12.8 12.8 12.8 12.8 12.8 12.8 12.8 12.8 12.8 12.8 12.8 12.8 12.8 12.8
12.855 12.85 12.85 12.85 12.85 12.85 12.85 12.85 12.85 12.85 12.85 12.85 12.85 12.85 12.85 12.85 12.85 12.85 12.85 12.85 12.85 12.85 12.85 12.85 12.85 12.85 12.85 12.85 12.85 12.85 12.85 12.85 12.85 12.85 12.85 12.85 12.85 12.85 12.85 12.85 12.85 12.85 12.85 12.85 12.85 12.85 12.85 12.85 12.85
12.905 12.9 12.9 12.9 12.9 12.9 12.9 12.9 12.9 12.9 12.9 12.9 12.9 12.9 12.9 12.9 12.9 12.9 12.9 12.9 12.9 12.9 12.9 12.9 12.9 12.9 12.9 12.9 12.9 12.9 12.9 12.9 12.9 12.9 12.9 12.9 12.9 12.9 12.9 12.9 12.9 12.9 12.9 12.9 12.9 12.9 12.9 12.9 12.9
12.955 12.95 12.95 12.95 12.95 12.95 12.95 12.95 12.95 12.95 12.95 12.95 12.95 12.95 12.95 12.95 12.95 12.95 12.95 12.95 12.95 12.95 12.95 12.95 12.95 12.95 12.95 12.95 12.95 12.95 12.95 12.95 12.95 12.95 12.95 12.95 12.95 12.95 12.95 12.95 12.95 12.95 12.95 12.95 12.95 12.95 12.95 12.95 12.95
13.005 13 13 13 13 13 13 13 13 13 13 13 13 13 13 13 13 13 13 13 13 13 13 13 13 13 13 13 13 13 13 13 13 13 13 13 13 13 13 13 13 13 13 13 13 13 13 13 13
13.055 13.05 13.05 13.05 13.05 13.05 13.05 13.05 13.05 13.05 13.05 13.05 13.05 13.05 13.05 13.05 13.05 13.05 13.05 13.05 13.05 13.05 13.05 13.05 13.05 13.05 13.05 13.05 13.05 13.05 13.05 13.05 13.05 13.05 13.05 13.05 13.05 13.05 13.05 13.05 13.05 13.05 13.05 13.05 13.05 13.05 13.05 13.05 13.05
13.105 13.1 13.1 13.1 13.1 13.1 13.1 13.1 13.1 13.1 13.1 13.1 13.1 13.1 13.1 13.1 13.1 13.1 13.1 13.1 13.1 13.1 13.1 13.1 13.1 13.1 13.1 13.1 13.1 13.1 13.1 13.1 13.1 13.1 13.1 13.1 13.1 13.1 13.1 13.1 13.1 13.1 13.1 13.1 13.1 13.1 13.1 13.1 13.1
13.155 13.15 13.15 13.15 13.15 13.15 13.15 13.15 13.15 13.15 13.15 13.15 13.15 13.15 13.15 13.15 13.15 13.15 13.15 13.15 13.15 13.15 13.15 13.15 13.15 13.15 13.15 13.15 13.15 13.15 13.15 13.15 13.15 13.15 13.15 13.15 13.15 13.15 13.15 13.15 13.15 13.15 13.15 13.15 13.15 13.15 13.15 13.15 13.15
13.205 13.2 13.2 13.2 13.2 13.2 13.2 13.2 13.2 13.2 13.2 13.2 13.2 13.2 13.2 13.2 13.2 13.2 13.2 13.2 13.2 13.2 13.2 13.2 13.2 13.2 13.2 13.2 13.2 13.2 13.2 13.2 13.2 13.2 13.2 13.2 13.2 13.2 13.2 13.2 13.2 13.2 13.2 13.2 13.2 13.2 13.2 13.2 13.2
13.255 13.25 13.25 13.25 13.25 13.25 13.25 13.25 13.25 13.25 13.25 13.25 13.25 13.25 13.25 13.25 13.25 13.25 13.25 13.25 13.25 13.25 13.25 13.25 13.25 13.25 13.25 13.25 13.25 13.25 13.25 13.25 13.25 13.25 13.25 13.25 13.25 13.25 13.25 13.25 13.25 13.25 13.25 13.25 13.25 13.25 13.25 13.25 13.25
13.305 13.3 13.3 13.3 13.3 13.3 13.3 13.3 13.3 13.3 13.3 13.3 13.3 13.3 13.3 13.3 13.3 13.3 13.3 13.3 13.3 13.3 13.3 13.3 13.3 13.3 13.3 13.3 13.3 13.3 13.3 13.3 13.3 13.3 13.3 13.3 13.3 13.3 13.3 13.3 13.3 13.3 13.3 13.3 13.3 13.3 13.3 13.3 13.3
13.355 13.35 13.35 13.35 13.35 13.35 13.35 13.35 13.35 13.35 13.35 13.35 13.35 13.35 13.35 13.35 13.35 13.35 13.35 13.35 13.35 13.35 13.35 13.35 13.35 13.35 13.35 13.35 13.35 13.35 13.35 13.35 13.35 13.35 13.35 13.35 13.35 13.35 13.35 13.35 13.35 13.35 13.35 13.35 13.35 13.35 13.35 13.35 13.35
13.405 13.4 13.4 13.4 13.4 13.4 13.4 13.4 13.4 13.4 13.4 13.4 13.4 13.4 13.4 13.4 13.4 13.4 13.4 13.4 13.4 13.4 13.4 13.4 13.4 13.4 13.4 13.4 13.4 13.4 13.4 13.4 13.4 13.4 13.4 13.4 13.4 13.4 13.4 13.4 13.4 13.4 13.4 13.4 13.4 13.4 13.4 13.4 13.4
13.455 13.45 13.45 13.45 13.45 13.45 13.45 13.45 13.45 13.45 13.45 13.45 13.45 13.45 13.45 13.45 13.45 13.45 13.45 13.45 13.45 13.45 13.45 13.45 13.45 13.45 13.45 13.45 13.45 13.45 13.45 13.45 13.45 13.45 13.45 13.45 13.45 13.45 13.45 13.45 13.45 13.45 13.45 13.45 13.45 13.45 13.45 13.45 13.45
13.505 13.5 13.5 13.5 13.5 13.5 13.5 13.5 13.5 13.5 13.5 13.5 13.5 13.5 13.5 13.5 13.5 13.5 13.5 13.5 13.5 13.5 13.5 13.5 13.5 13.5 13.5 13.5 13.5 13.5 13.5 13.5 13.5 13.5 13.5 13.5 13.5 13.5 13.5 13.5 13.5 13.5 13.5 13.5 13.5 13.5 13.5 13.5 13.5
13.555 13.55 13.55 13.55 13.55 13.55 13.55 13.55 13.55 13.55 13.55 13.55 13.55 13.55 13.55 13.55 13.55 13.55 13.55 13.55 13.55 13.55 13.55 13.55 13.55 13.55 13.55 13.55 13.55 13.55 13.55 13.55 13.55 13.55 13.55 13.55 13.55 13.55 13.55 13.55 13.55 13.55 13.55 13.55 13.55 13.55 13.55 13.55 13.55
13.605 13.6 13.6 13.6 13.6 13.6 13.6 13.6 13.6 13.6 13.6 13.6 13.6 13.6 13.6 13.6 13.6 13.6 13.6 13.6 13.6 13.6 13.6 13.6 13.6 13.6 13.6 13.6 13.6 13.6 13.6 13.6 13.6 13.6 13.6 13.6 13.6 13.6 13.6 13.6 13.6 13.6 13.6 13.6 13.6 13.6 13.6 13.6 13.6
13.655 13.65 13.65 13.65 13.65 13.65 13.65 13.65 13.65 13.65 13.65 13.65 13.65 13.65 13.65 13.65 13.65 13.65 13.65 13.65 13.65 13.65 13.65 13.65 13.65 13.65 13.65 13.65 13.65 13.65 13.65 13.65 13.65 13.65 13.65 13.65 13.65 13.65 13.65 13.65 13.65 13.65 13.65 13.65 13.65 13.65 13.65 13.65 13.65
13.705 13.7 13.7 13.7 13.7 13.7 13.7 13.7 13.7 13.7 13.7 13.7 13.7 13.7 13.7 13.7 13.7 13.7 13.7 13.7 13.7 13.7 13.7 13.7 13.7 13.7 13.7 13.7 13.7 13.7 13.7 13.7 13.7 13.7 13.7 13.7 13.7 13.7 13.7 13.7 13.7 13.7 13.7 13.7 13.7 13.7 13.7 13.7 13.7
13.755 13.75 13.75 13.75 13.75 13.75 13.75 13.75 13.75 13.75 13.75 13.75 13.75 13.75 13.75 13.75 13.75 13.75 13.75 13.75 13.75 13.75 13.75 13.75 13.75 13.75 13.75 13.75 13.75 13.75 13.75 13.75 13.75 13.75 13.75 13.75 13.75 13.75 13.75 13.75 13.75 13.75 13.75 13.75 13.75 13.75 13.75 13.75 13.75
13.805 13.8 13.8 13.8 13.8 13.8 13.8 13.8 13.8 13.8 13.8 13.8 13.8 13.8 13.8 13.8 13.8 13.8 13.8 13.8 13.8 13.8 13.8 13.8 13.8 13.8 13.8 13.8 13.8 13.8 13.8 13.8 13.8 13.8 13.8 13.8 13.8 13.8 13.8 13.8 13.8 13.8 13.8 13.8 13.8 13.8 13.8 13.8 13.8
13.855 13.85 13.85 13.85 13.85 13.85 13.85 13.85 13.85 13.85 13.85 13.85 13.85 13.85 13.85 13.85 13.85 13.85 13.85 13.85 13.85 13.85 13.85 13.85 13.85 13.85 13.85 13.85 13.85 13.85 13.85 13.85 13.85 13.85 13.85 13.85 13.85 13.85 13.85 13.85 13.85 13.85 13.85 13.85 13.85 13.85 13.85 13.85 13.85
13.905 13.9 13.9 13.9 13.9 13.9 13.9 13.9 13.9 13.9 13.9 13.9 13.9 13.9 13.9 13.9 13.9 13.9 13.9 13.9 13.9 13.9 13.9 13.9 13.9 13.9 13.9 13.9 13.9 13.9 13.9 13.9 13.9 13.9 13.9 13.9 13.9 13.9 13.9 13.9 13.9 13.9 13.9 13.9 13.9 13.9 13.9 13.9 13.9
13.955 13.95 13.95 13.95 13.95 13.95 13.95 13.95 13.95 13.95 13.95 13.95 13.95 13.95 13.95 13.95 13.95 13.95 13.95 13.95 13.95 13.95 13.95 13.95 13.95 13.95 13.95 13.95 13.95 13.95 13.95 13.95 13.95 13.95 13.95 13.95 13.95 13.95 13.95 13.95 13.95 13.95 13.95 13.95 13.95 13.95 13.95 13.95 13.95
14.005 14 14 14 14 14 14 14 14 14 14 14 14 14 14 14 14 14 14 14 14 14 14 14 14 14 14 14 14 14 14 14 14 14 14 14 14 14 14 14 14 14 14 14 14 14 14 14 14
14.055 14.05 14.05 14.05 14.05 14.05 14.05 14.05 14.05 14.05 14.05 14.05 14.05 14.05 14.05 14.05 14.05 14.05 14.05 14.05 14.05 14.05 14.05 14.05 14.05 14.05 14.05 14.05 14.05 14.05 14.05 14.05 14.05 14.05 14.05 14.05 14.05 14.05 14.05 14.05 14.05 14.05 14.05 14.05 14.05 14.05 14.05 14.05 14.05
14.105 14.1 14.1 14.1 14.1 14.1 14.1 14.1 14.1 14.1 14.1 14.1 14.1 14.1 14.1 14.1 14.1 14.1 14.1 14.1 14.1 14.1 14.1 14.1 14.1 14.1 14.1 14.1 14.1 14.1 14.1 14.1 14.1 14.1 14.1 14.1 14.1 14.1 14.1 14.1 14.1 14.1 14.1 14.1 14.1 14.1 14.1 14.1 14.1
14.155 14.15 14.15 14.15 14.15 14.15 14.15 14.15 14.15 14.15 14.15 14.15 14.15 14.15 14.15 14.15 14.15 14.15 14.15 14.15 14.15 14.15 14.15 14.15 14.15 14.15 14.15 14.15 14.15 14.15 14.15 14.15 14.15 14.15 14.15 14.15 14.15 14.15 14.15 14.15 14.15 14.15 14.15 14.15 14.15 14.15 14.15 14.15 14.15
14.205 14.2 14.2 14.2 14.2 14.2 14.2 14.2 14.2 14.2 14.2 14.2 14.2 14.2 14.2 14.2 14.2 14.2 14.2 14.2 14.2 14.2 14.2 14.2 14.2 14.2 14.2 14.2 14.2 14.2 14.2 14.2 14.2 14.2 14.2 14.2 14.2 14.2 14.2 14.2 14.2 14.2 14.2 14.2 14.2 14.2 14.2 14.2 14.2
14.255 14.25 14.25 14.25 14.25 14.25 14.25 14.25 14.25 14.25 14.25 14.25 14.25 14.25 14.25 14.25 14.25 14.25 14.25 14.25 14.25 14.25 14.25 14.25 14.25 14.25 14.25 14.25 14.25 14.25 14.25 14.25 14.25 14.25 14.25 14.25 14.25 14.25 14.25 14.25 14.25 14.25 14.25 14.25 14.25 14.25 14.25 14.25 14.25
14.305 14.3 14.3 14.3 14.3 14.3 14.3 14.3 14.3 14.3 14.3 14.3 14.3 14.3 14.3 14.3 14.3 14.3 14.3 14.3 14.3 14.3 14.3 14.3 14.3 14.3 14.3 14.3 14.3 14.3 14.3 14.3 14.3 14.3 14.3 14.3 14.3 14.3 14.3 14.3 14.3 14.3 14.3 14.3 14.3 14.3 14.3 14.3 14.3
14.355 14.35 14.35 14.35 14.35 14.35 14.35 14.35 14.35 14.35 14.35 14.35 14.35 14.35 14.35 14.35 14.35 14.35 14.35 14.35 14.35 14.35 14.35 14.35 14.35 14.35 14.35 14.35 14.35 14.35 14.35 14.35 14.35 14.35 14.35 14.35 14.35 14.35 14.35 14.35 14.35 14.35 14.35 14.35 14.35 14.35 14.35 14.35 14.35
14.405 14.4 14.4 14.4 14.4 14.4 14.4 14.4 14.4 14.4 14.4 14.4 14.4 14.4 14.4 14.4 14.4 14.4 14.4 14.4 14.4 14.4 14.4 14.4 14.4 14.4 14.4 14.4 14.4 14.4 14.4 14.4 14.4 14.4 14.4 14.4 14.4 14.4 14.4 14.4 14.4 14.4 14.4 14.4 14.4 14.4 14.4 14.4 14.4
14.455 14.45 14.45 14.45 14.45 14.45 14.45 14.45 14.45 14.45 14.45 14.45 14.45 14.45 14.45 14.45 14.45 14.45 14.45 14.45 14.45 14.45 14.45 14.45 14.45 14.45 14.45 14.45 14.45 14.45 14.45 14.45 14.45 14.45 14.45 14.45 14.45 14.45 14.45 14.45 14.45 14.45 14.45 14.45 14.45 14.45 14.45 14.45 14.45
14.505 14.5 14.5 14.5 14.5 14.5 14.5 14.5 14.5 14.5 14.5 14.5 14.5 14.5 14.5 14.5 14.5 14.5 14.5 14.5 14.5 14.5 14.5 14.5 14.5 14.5 14.5 14.5 14.5 14.5 14.5 14.5 14.5 14.5 14.5 14.5 14.5 14.5 14.5 14.5 14.5 14.5 14.5 14.5 14.5 14.5 14.5 14.5 14.5
14.555 14.55 14.55 14.55 14.55 14.55 14.55 14.55 14.55 14.55 14.55 14.55 14.55 14.55 14.55 14.55 14.55 14.55 14.55 14.55 14.55 14.55 14.55 14.55 14.55 14.55 14.55 14.55 14.55 14.55 14.55 14.55 14.55 14.55 14.55 14.55 14.55 14.55 14.55 14.55 14.55 14.55 14.55 14.55 14.55 14.55 14.55 14.55 14.55
14.605 14.6 14.6 14.6 14.6 14.6 14.6 14.6 14.6 14.6 14.6 14.6 14.6 14.6 14.6 14.6 14.6 14.6 14.6 14.6 14.6 14.6 14.6 14.6 14.6 14.6 14.6 14.6 14.6 14.6 14.6 14.6 14.6 14.6 14.6 14.6 14.6 14.6 14.6 14.6 14.6 14.6 14.6 14.6 14.6 14.6 14.6 14.6 14.6
14.655 14.65 14.65 14.65 14.65 14.65 14.65 14.65 14.65 14.65 14.65 14.65 14.65 14.65 14.65 14.65 14.65 14.65 14.65 14.65 14.65 14.65 14.65 14.65 14.65 14.65 14.65 14.65 14.65 14.65 14.65 14.65 14.65 14.65 14.65 14.65 14.65 14.65 14.65 14.65 14.65 14.65 14.65 14.65 14.65 14.65 14.65 14.65 14.65
14.705 14.7 14.7 14.7 14.7 14.7 14.7 14.7 14.7 14.7 14.7 14.7 14.7 14.7 14.7 14.7 14.7 14.7 14.7 14.7 14.7 14.7 14.7 14.7 14.7 14.7 14.7 14.7 14.7 14.7 14.7 14.7 14.7 14.7 14.7 14.7 14.7 14.7 14.7 14.7 14.7 14.7 14.7 14.7 14.7 14.7 14.7 14.7 14.7
14.755 14.75 14.75 14.75 14.75 14.75 14.75 14.75 14.75 14.75 14.75 14.75 14.75 14.75 14.75 14.75 14.75 14.75 14.75 14.75 14.75 14.75 14.75 14.75 14.75 14.75 14.75 14.75 14.75 14.75 14.75 14.75 14.75 14.75 14.75 14.75 14.75 14.75 14.75 14.75 14.75 14.75 14.75 14.75 14.75 14.75 14.75 14.75 14.75
14.805 14.8 14.8 14.8 14.8 14.8 14.8 14.8 14.8 14.8 14.8 14.8 14.8 14.8 14.8 14.8 14.8 14.8 14.8 14.8 14.8 14.8 14.8 14.8 14.8 14.8 14.8 14.8 14.8 14.8 14.8 14.8 14.8 14.8 14.8 14.8 14.8 14.8 14.8 14.8 14.8 14.8 14.8 14.8 14.8 14.8 14.8 14.8 14.8
14.855 14.85 14.85 14.85 14.85 14.85 14.85 14.85 14.85 14.85 14.85 14.85 14.85 14.85 14.85 14.85 14.85 14.85 14.85 14.85 14.85 14.85 14.85 14.85 14.85 14.85 14.85 14.85 14.85 14.85 14.85 14.85 14.85 14.85 14.85 14.85 14.85 14.85 14.85 14.85 14.85 14.85 14.85 14.85 14.85 14.85 14.85 14.85 14.85
14.905 14.9 14.9 14.9 14.9 14.9 14.9 14.9 14.9 14.9 14.9 14.9 14.9 14.9 14.9 14.9 14.9 14.9 14.9 14.9 14.9 14.9 14.9 14.9 14.9 14.9 14.9 14.9 14.9 14.9 14.9 14.9 14.9 14.9 14.9 14.9 14.9 14.9 14.9 14.9 14.9 14.9 14.9 14.9 14.9 14.9 14.9 14.9 14.9
14.955 14.95 14.95 14.95 14.95 14.95 14.95 14.95 14.95 14.95 14.95 14.95 14.95 14.95 14.95 14.95 14.95 14.95 14.95 14.95 14.95 14.95 14.95 14.95 14.95 14.95 14.95 14.95 14.95 14.95 14.95 14.95 14.95 14.95 14.95 14.95 14.95 14.95 14.95 14.95 14.95 14.95 14.95 14.95 14.95 14.95 14.95 14.95 14.95
15.005 15 15 15 15 15 15 15 15 15 15 15 15 15 15 15 15 15 15 15 15 15 15 15 15 15 15 15 15 15 15 15 15 15 15 15 15 15 15 15 15 15 15 15 15 15 15 15 15
15.055 15.05 15.05 15.05 15.05 15.05 15.05 15.05 15.05 15.05 15.05 15.05 15.05 15.05 15.05 15.05 15.05 15.05 15.05 15.05 15.05 15.05 15.05 15.05 15.05 15.05 15.05 15.05 15.05 15.05 15.05 15.05 15.05 15.05 15.05 15.05 15.05 15.05 15.05 15.05 15.05 15.05 15.05 15.05 15.05 15.05 15.05 15.05 15.05
15.105 15.1 15.1 15.1 15.1 15.1 15.1 15.1 15.1 15.1 15.1 15.1 15.1 15.1 15.1 15.1 15.1 15.1 15.1 15.1 15.1 15.1 15.1 15.1 15.1 15.1 15.1 15.1 15.1 15.1 15.1 15.1 15.1 15.1 15.1 15.1 15.1 15.1 15.1 15.1 15.1 15.1 15.1 15.1 15.1 15.1 15.1 15.1 15.1
15.155 15.15 15.15 15.15 15.15 15.15 15.15 15.15 15.15 15.15 15.15 15.15 15.15 15.15 15.15 15.15 15.15 15.15 15.15 15.15 15.15 15.15 15.15 15.15 15.15 15.15 15.15 15.15 15.15 15.15 15.15 15.15 15.15 15.15 15.15 15.15 15.15 15.15 15.15 15.15 15.15 15.15 15.15 15.15 15.15 15.15 15.15 15.15 15.15
15.205 15.2 15.2 15.2 15.2 15.2 15.2 15.2 15.2 15.2 15.2 15.2 15.2 15.2 15.2 15.2 15.2 15.2 15.2 15.2 15.2 15.2 15.2 15.2 15.2 15.2 15.2 15.2 15.2 15.2 15.2 15.2 15.2 15.2 15.2 15.2 15.2 15.2 15.2 15.2 15.2 15.2 15.2 15.2 15.2 15.2 15.2 15.2 15.2
15.255 15.25 15.25 15.25 15.25 15.25 15.25 15.25 15.25 15.25 15.25 15.25 15.25 15.25 15.25 15.25 15.25 15.25 15.25 15.25 15.25 15.25 15.25 15.25 15.25 15.25 15.25 15.25 15.25 15.25 15.25 15.25 15.25 15.25 15.25 15.25 15.25 15.25 15.25 15.25 15.25 15.25 15.25 15.25 15.25 15.25 15.25 15.25 15.25
15.305 15.3 15.3 15.3 15.3 15.3 15.3 15.3 15.3 15.3 15.3 15.3 15.3 15.3 15.3 15.3 15.3 15.3 15.3 15.3 15.3 15.3 15.3 15.3 15.3 15.3 15.3 15.3 15.3 15.3 15.3 15.3 15.3 15.3 15.3 15.3 15.3 15.3 15.3 15.3 15.3 15.3 15.3 15.3 15.3 15.3 15.3 15.3 15.3
15.355 15.35 15.35 15.35 15.35 15.35 15.35 15.35 15.35 15.35 15.35 15.35 15.35 15.35 15.35 15.35 15.35 15.35 15.35 15.35 15.35 15.35 15.35 15.35 15.35 15.35 15.35 15.35 15.35 15.35 15.35 15.35 15.35 15.35 15.35 15.35 15.35 15.35 15.35 15.35 15.35 15.35 15.35 15.35 15.35 15.35 15.35 15.35 15.35
15.405 15.4 15.4 15.4 15.4 15.4 15.4 15.4 15.4 15.4 15.4 15.4 15.4 15.4 15.4 15.4 15.4 15.4 15.4 15.4 15.4 15.4 15.4 15.4 15.4 15.4 15.4 15.4 15.4 15.4 15.4 15.4 15.4 15.4 15.4 15.4 15.4 15.4 15.4 15.4 15.4 15.4 15.4 15.4 15.4 15.4 15.4 15.4 15.4
15.455 15.45 15.45 15.45 15.45 15.45 15.45 15.45 15.45 15.45 15.45 15.45 15.45 15.45 15.45 15.45 15.45 15.45 15.45 15.45 15.45 15.45 15.45 15.45 15.45 15.45 15.45 15.45 15.45 15.45 15.45 15.45 15.45 15.45 15.45 15.45 15.45 15.45 15.45 15.45 15.45 15.45 15.45 15.45 15.45 15.45 15.45 15.45 15.45
15.505 15.5 15.5 15.5 15.5 15.5 15.5 15.5 15.5 15.5 15.5 15.5 15.5 15.5 15.5 15.5 15.5 15.5 15.5 15.5 15.5 15.5 15.5 15.5 15.5 15.5 15.5 15.5 15.5 15.5 15.5 15.5 15.5 15.5 15.5 15.5 15.5 15.5 15.5 15.5 15.5 15.5 15.5 15.5 15.5 15.5 15.5 15.5 15.5
15.555 15.55 15.55 15.55 15.55 15.55 15.55 15.55 15.55 15.55 15.55 15.55 15.55 15.55 15.55 15.55 15.55 15.55 15.55 15.55 15.55 15.55 15.55 15.55 15.55 15.55 15.55 15.55 15.55 15.55 15.55 15.55 15.55 15.55 15.55 15.55 15.55 15.55 15.55 15.55 15.55 15.55 15.55 15.55 15.55 15.55 15.55 15.55 15.55
15.605 15.6 15.6 15.6 15.6 15.6 15.6 15.6 15.6 15.6 15.6 15.6 15.6 15.6 15.6 15.6 15.6 15.6 15.6 15.6 15.6 15.6 15.6 15.6 15.6 15.6 15.6 15.6 15.6 15.6 15.6 15.6 15.6 15.6 15.6 15.6 15.6 15.6 15.6 15.6 15.6 15.6 15.6 15.6 15.6 15.6 15.6 15.6 15.6
15.655 15.65 15.65 15.65 15.65 15.65 15.65 15.65 15.65 15.65 15.65 15.65 15.65 15.65 15.65 15.65 15.65 15.65 15.65 15.65 15.65 15.65 15.65 15.65 15.65 15.65 15.65 15.65 15.65 15.65 15.65 15.65 15.65 15.65 15.65 15.65 15.65 15.65 15.65 15.65 15.65 15.65 15.65 15.65 15.65 15.65 15.65 15.65 15.65
15.705 15.7 15.7 15.7 15.7 15.7 15.7 15.7 15.7 15.7 15.7 15.7 15.7 15.7 15.7 15.7 15.7 15.7 15.7 15.7 15.7 15.7 15.7 15.7 15.7 15.7 15.7 15.7 15.7 15.7 15.7 15.7 15.7 15.7 15.7 15.7 15.7 15.7 15.7 15.7 15.7 15.7 15.7 15.7 15.7 15.7 15.7 15.7 15.7
15.755 15.75 15.75 15.75 15.75 15.75 15.75 15.75 15.75 15.75 15.75 15.75 15.75 15.75 15.75 15.75 15.75 15.75 15.75 15.75 15.75 15.75 15.75 15.75 15.75 15.75 15.75 15.75 15.75 15.75 15.75 15.75 15.75 15.75 15.75 15.75 15.75 15.75 15.75 15.75 15.75 15.75 15.75 15.75 15.75 15.75 15.75 15.75 15.75
15.805 15.8 15.8 15.8 15.8 15.8 15.8 15.8 15.8 15.8 15.8 15.8 15.8 15.8 15.8 15.8 15.8 15.8 15.8 15.8 15.8 15.8 15.8 15.8 15.8 15.8 15.8 15.8 15.8 15.8 15.8 15.8 15.8 15.8 15.8 15.8 15.8 15.8 15.8 15.8 15.8 15.8 15.8 15.8 15.8 15.8 15.8 15.8 15.8
15.855 15.85 15.85 15.85 15.85 15.85 15.85 15.85 15.85 15.85 15.85 15.85 15.85 15.85 15.85 15.85 15.85 15.85 15.85 15.85 15.85 15.85 15.85 15.85 15.85 15.85 15.85 15.85 15.85 15.85 15.85 15.85 15.85 15.85 15.85 15.85 15.85 15.85 15.85 15.85 15.85 15.85 15.85 15.85 15.85 15.85 15.85 15.85 15.85
15.905 15.9 15.9 15.9 15.9 15.9 15.9 15.9 15.9 15.9 15.9 15.9 15.9 15.9 15.9 15.9 15.9 15.9 15.9 15.9 15.9 15.9 15.9 15.9 15.9 15.9 15.9 15.9 15.9 15.9 15.9 15.9 15.9 15.9 15.9 15.9 15.9 15.9 15.9 15.9 15.9 15.9 15.9 15.9 15.9 15.9 15.9 15.9 15.9
15.955 15.95 15.95 15.95 15.95 15.95 15.95 15.95 15.95 15.95 15.95 15.95 15.95 15.95 15.95 15.95 15.95 15.95 15.95 15.95 15.95 15.95 15.95 15.95 15.95 15.95 15.95 15.95 15.95 15.95 15.95 15.95 15.95 15.95 15.95 15.95 15.95 15.95 15.95 15.95 15.95 15.95 15.95 15.95 15.95 15.95 15.95 15.95 15.95
16.005 16 16 16 16 16 16 16 16 16 16 16 16 16 16 16 16 16 16 16 16 16 16 16 16 16 16 16 16 16 16 16 16 16 16 16 16 16 16 16 16 16 16 16 16 16 16 16 16
16.055 16.05 16.05 16.05 16.05 16.05 16.05 16.05 16.05 16.05 16.05 16.05 16.05 16.05 16.05 16.05 16.05 16.05 16.05 16.05 16.05 16.05 16.05 16.05 16.05 16.05 16.05 16.05 16.05 16.05 16.05 16.05 16.05 16.05 16.05 16.05 16.05 16.05 16.05 16.05 16.05 16.05 16.05 16.05 16.05 16.05 16.05 16.05 16.05
16.105 16.1 16.1 16.1 16.1 16.1 16.1 16.1 16.1 16.1 16.1 16.1 16.1 16.1 16.1 16.1 16.1 16.1 16.1 16.1 16.1 16.1 16.1 16.1 16.1 16.1 16.1 16.1 16.1 16.1 16.1 16.1 16.1 16.1 16.1 16.1 16.1 16.1 16.1 16.1 16.1 16.1 16.1 16.1 16.1 16.1 16.1 16.1 16.1
16.155 16.15 16.15 16.15 16.15 16.15 16.15 16.15 16.15 16.15 16.15 16.15 16.15 16.15 16.15 16.15 16.15 16.15 16.15 16.15 16.15 16.15 16.15 16.15 16.15 16.15 16.15 16.15 16.15 16.15 16.15 16.15 16.15 16.15 16.15 16.15 16.15 16.15 16.15 16.15 16.15 16.15 16.15 16.15 16.15 16.15 16.15 16.15 16.15
16.205 16.2 16.2 16.2 16.2 16.2 16.2 16.2 16.2 16.2 16.2 16.2 16.2 16.2 16.2 16.2 16.2 16.2 16.2 16.2 16.2 16.2 16.2 16.2 16.2 16.2 16.2 16.2 16.2 16.2 16.2 16.2 16.2 16.2 16.2 16.2 16.2 16.2 16.2 16.2 16.2 16.2 16.2 16.2 16.2 16.2 16.2 16.2 16.2
16.255 16.25 16.25 16.25 16.25 16.25 16.25 16.25 16.25 16.25 16.25 16.25 16.25 16.25 16.25 16.25 16.25 16.25 16.25 16.25 16.25 16.25 16.25 16.25 16.25 16.25 16.25 16.25 16.25 16.25 16.25 16.25 16.25 16.25 16.25 16.25 16.25 16.25 16.25 16.25 16.25 16.25 16.25 16.25 16.25 16.25 16.25 16.25 16.25
16.305 16.3 16.3 16.3 16.3 16.3 16.3 16.3 16.3 16.3 16.3 16.3 16.3 16.3 16.3 16.3 16.3 16.3 16.3 16.3 16.3 16.3 16.3 16.3 16.3 16.3 16.3 16.3 16.3 16.3 16.3 16.3 16.3 16.3 16.3 16.3 16.3 16.3 16.3 16.3 16.3 16.3 16.3 16.3 16.3 16.3 16.3 16.3 16.3
16.355 16.35 16.35 16.35 16.35 16.35 16.35 16.35 16.35 16.35 16.35 16.35 16.35 16.35 16.35 16.35 16.35 16.35 16.35 16.35 16.35 16.35 16.35 16.35 16.35 16.35 16.35 16.35 16.35 16.35 16.35 16.35 16.35 16.35 16.35 16.35 16.35 16.35 16.35 16.35 16.35 16.35 16.35 16.35 16.35 16.35 16.35 16.35 16.35
16.405 16.4 16.4 16.4 16.4 16.4 16.4 16.4 16.4 16.4 16.4 16.4 16.4 16.4 16.4 16.4 16.4 16.4 16.4 16.4 16.4 16.4 16.4 16.4 16.4 16.4 16.4 16.4 16.4 16.4 16.4 16.4 16.4 16.4 16.4 16.4 16.4 16.4 16.4 16.4 16.4 16.4 16.4 16.4 16.4 16.4 16.4 16.4 16.4
16.455 16.45 16.45 16.45 16.45 16.45 16.45 16.45 16.45 16.45 16.45 16.45 16.45 16.45 16.45 16.45 16.45 16.45 16.45 16.45 16.45 16.45 16.45 16.45 16.45 16.45 16.45 16.45 16.45 16.45 16.45 16.45 16.45 16.45 16.45 16.45 16.45 16.45 16.45 16.45 16.45 16.45 16.45 16.45 16.45 16.45 16.45 16.45 16.45
16.505 16.5 16.5 16.5 16.5 16.5 16.5 16.5 16.5 16.5 16.5 16.5 16.5 16.5 16.5 16.5 16.5 16.5 16.5 16.5 16.5 16.5 16.5 16.5 16.5 16.5 16.5 16.5 16.5 16.5 16.5 16.5 16.5 16.5 16.5 16.5 16.5 16.5 16.5 16.5 16.5 16.5 16.5 16.5 16.5 16.5 16.5 16.5 16.5
16.555 16.55 16.55 16.55 16.55 16.55 16.55 16.55 16.55 16.55 16.55 16.55 16.55 16.55 16.55 16.55 16.55 16.55 16.55 16.55 16.55 16.55 16.55 16.55 16.55 16.55 16.55 16.55 16.55 16.55 16.55 16.55 16.55 16.55 16.55 16.55 16.55 16.55 16.55 16.55 16.55 16.55 16.55 16.55 16.55 16.55 16.55 16.55 16.55
16.605 16.6 16.6 16.6 16.6 16.6 16.6 16.6 16.6 16.6 16.6 16.6 16.6 16.6 16.6 16.6 16.6 16.6 16.6 16.6 16.6 16.6 16.6 16.6 16.6 16.6 16.6 16.6 16.6 16.6 16.6 16.6 16.6 16.6 16.6 16.6 16.6 16.6 16.6 16.6 16.6 16.6 16.6 16.6 16.6 16.6 16.6 16.6 16.6
16.655 16.65 16.65 16.65 16.65 16.65 16.65 16.65 16.65 16.65 16.65 16.65 16.65 16.65 16.65 16.65 16.65 16.65 16.65 16.65 16.65 16.65 16.65 16.65 16.65 16.65 16.65 16.65 16.65 16.65 16.65 16.65 16.65 16.65 16.65 16.65 16.65 16.65 16.65 16.65 16.65 16.65 16.65 16.65 16.65 16.65 16.65 16.65 16.65
16.705 16.7 16.7 16.7 16.7 16.7 16.7 16.7 16.7 16.7 16.7 16.7 16.7 16.7 16.7 16.7 16.7 16.7 16.7 16.7 16.7 16.7 16.7 16.7 16.7 16.7 16.7 16.7 16.7 16.7 16.7 16.7 16.7 16.7 16.7 16.7 16.7 16.7 16.7 16.7 16.7 16.7 16.7 16.7 16.7 16.7 16.7 16.7 16.7
16.755 16.75 16.75 16.75 16.75 16.75 16.75 16.75 16.75 16.75 16.75 16.75 16.75 16.75 16.75 16.75 16.75 16.75 16.75 16.75 16.75 16.75 16.75 16.75 16.75 16.75 16.75 16.75 16.75 16.75 16.75 16.75 16.75 16.75 16.75 16.75 16.75 16.75 16.75 16.75 16.75 16.75 16.75 16.75 16.75 16.75 16.75 16.75 16.75
16.805 16.8 16.8 16.8 16.8 16.8 16.8 16.8 16.8 16.8 16.8 16.8 16.8 16.8 16.8 16.8 16.8 16.8 16.8 16.8 16.8 16.8 16.8 16.8 16.8 16.8 16.8 16.8 16.8 16.8 16.8 16.8 16.8 16.8 16.8 16.8 16.8 16.8 16.8 16.8 16.8 16.8 16.8 16.8 16.8 16.8 16.8 16.8 16.8
16.855 16.85 16.85 16.85 16.85 16.85 16.85 16.85 16.85 16.85 16.85 16.85 16.85 16.85 16.85 16.85 16.85 16.85 16.85 16.85 16.85 16.85 16.85 16.85 16.85 16.85 16.85 16.85 16.85 16.85 16.85 16.85 16.85 16.85 16.85 16.85 16.85 16.85 16.85 16.85 16.85 16.85 16.85 16.85 16.85 16.85 16.85 16.85 16.85
16.905 16.9 16.9 16.9 16.9 16.9 16.9 16.9 16.9 16.9 16.9 16.9 16.9 16.9 16.9 16.9 16.9 16.9 16.9 16.9 16.9 16.9 16.9 16.9 16.9 16.9 16.9 16.9 16.9 16.9 16.9 16.9 16.9 16.9 16.9 16.9 16.9 16.9 16.9 16.9 16.9 16.9 16.9 16.9 16.9 16.9 16.9 16.9 16.9
16.955 16.95 16.95 16.95 16.95 16.95 16.95 16.95 16.95 16.95 16.95 16.95 16.95 16.95 16.95 16.95 16.95 16.95 16.95 16.95 16.95 16.95 16.95 16.95 16.95 16.95 16.95 16.95 16.95 16.95 16.95 16.95 16.95 16.95 16.95 16.95 16.95 16.95 16.95 16.95 16.95 16.95 16.95 16.95 16.95 16.95 16.95 16.95 16.95
17.005 17 17 17 17 17 17 17 17 17 17 17 17 17 17 17 17 17 17 17 17 17 17 17 17 17 17 17 17 17 17 17 17 17 17 17 17 17 17 17 17 17 17 17 17 17 17 17 17
17.055 17.05 17.05 17.05 17.05 17.05 17.05 17.05 17.05 17.05 17.05 17.05 17.05 17.05 17.05 17.05 17.05 17.05 17.05 17.05 17.05 17.05 17.05 17.05 17.05 17.05 17.05 17.05 17.05 17.05 17.05 17.05 17.05 17.05 17.05 17.05 17.05 17.05 17.05 17.05 17.05 17.05 17.05 17.05 17.05 17.05 17.05 17.05 17.05
17.105 17.1 17.1 17.1 17.1 17.1 17.1 17.1 17.1 17.1 17.1 17.1 17.1 17.1 17.1 17.1 17.1 17.1 17.1 17.1 17.1 17.1 17.1 17.1 17.1 17.1 17.1 17.1 17.1 17.1 17.1 17.1 17.1 17.1 17.1 17.1 17.1 17.1 17.1 17.1 17.1 17.1 17.1 17.1 17.1 17.1 17.1 17.1 17.1
17.155 17.15 17.15 17.15 17.15 17.15 17.15 17.15 17.15 17.15 17.15 17.15 17.15 17.15 17.15 17.15 17.15 17.15 17.15 17.15 17.15 17.15 17.15 17.15 17.15 17.15 17.15 17.15 17.15 17.15 17.15 17.15 17.15 17.15 17.15 17.15 17.15 17.15 17.15 17.15 17.15 17.15 17.15 17.15 17.15 17.15 17.15 17.15 17.15
17.205 17.2 17.2 17.2 17.2 17.2 17.2 17.2 17.2 17.2 17.2 17.2 17.2 17.2 17.2 17.2 17.2 17.2 17.2 17.2 17.2 17.2 17.2 17.2 17.2 17.2 17.2 17.2 17.2 17.2 17.2 17.2 17.2 17.2 17.2 17.2 17.2 17.2 17.2 17.2 17.2 17.2 17.2 17.2 17.2 17.2 17.2 17.2 17.2
17.255 17.25 17.25 17.25 17.25 17.25 17.25 17.25 17.25 17.25 17.25 17.25 17.25 17.25 17.25 17.25 17.25 17.25 17.25 17.25 17.25 17.25 17.25 17.25 17.25 17.25 17.25 17.25 17.25 17.25 17.25 17.25 17.25 17.25 17.25 17.25 17.25 17.25 17.25 17.25 17.25 17.25 17.25 17.25 17.25 17.25 17.25 17.25 17.25
17.305 17.3 17.3 17.3 17.3 17.3 17.3 17.3 17.3 17.3 17.3 17.3 17.3 17.3 17.3 17.3 17.3 17.3 17.3 17.3 17.3 17.3 17.3 17.3 17.3 17.3 17.3 17.3 17.3 17.3 17.3 17.3 17.3 17.3 17.3 17.3 17.3 17.3 17.3 17.3 17.3 17.3 17.3 17.3 17.3 17.3 17.3 17.3 17.3
17.355 17.35 17.35 17.35 17.35 17.35 17.35 17.35 17.35 17.35 17.35 17.35 17.35 17.35 17.35 17.35 17.35 17.35 17.35 17.35 17.35 17.35 17.35 17.35 17.35 17.35 17.35 17.35 17.35 17.35 17.35 17.35 17.35 17.35 17.35 17.35 17.35 17.35 17.35 17.35 17.35 17.35 17.35 17.35 17.35 17.35 17.35 17.35 17.35
17.405 17.4 17.4 17.4 17.4 17.4 17.4 17.4 17.4 17.4 17.4 17.4 17.4 17.4 17.4 17.4 17.4 17.4 17.4 17.4 17.4 17.4 17.4 17.4 17.4 17.4 17.4 17.4 17.4 17.4 17.4 17.4 17.4 17.4 17.4 17.4 17.4 17.4 17.4 17.4 17.4 17.4 17.4 17.4 17.4 17.4 17.4 17.4 17.4
17.455 17.45 17.45 17.45 17.45 17.45 17.45 17.45 17.45 17.45 17.45 17.45 17.45 17.45 17.45 17.45 17.45 17.45 17.45 17.45 17.45 17.45 17.45 17.45 17.45 17.45 17.45 17.45 17.45 17.45 17.45 17.45 17.45 17.45 17.45 17.45 17.45 17.45 17.45 17.45 17.45 17.45 17.45 17.45 17.45 17.45 17.45 17.45 17.45
17.505 17.5 17.5 17.5 17.5 17.5 17.5 17.5 17.5 17.5 17.5 17.5 17.5 17.5 17.5 17.5 17.5 17.5 17.5 17.5 17.5 17.5 17.5 17.5 17.5 17.5 17.5 17.5 17.5 17.5 17.5 17.5 17.5 17.5 17.5 17.5 17.5 17.5 17.5 17.5 17.5 17.5 17.5 17.5 17.5 17.5 17.5 17.5 17.5
17.555 17.55 17.55 17.55 17.55 17.55 17.55 17.55 17.55 17.55 17.55 17.55 17.55 17.55 17.55 17.55 17.55 17.55 17.55 17.55 17.55 17.55 17.55 17.55 17.55 17.55 17.55 17.55 17.55 17.55 17.55 17.55 17.55 17.55 17.55 17.55 17.55 17.55 17.55 17.55 17.55 17.55 17.55 17.55 17.55 17.55 17.55 17.55 17.55
17.605 17.6 17.6 17.6 17.6 17.6 17.6 17.6 17.6 17.6 17.6 17.6 17.6 17.6 17.6 17.6 17.6 17.6 17.6 17.6 17.6 17.6 17.6 17.6 17.6 17.6 17.6 17.6 17.6 17.6 17.6 17.6 17.6 17.6 17.6 17.6 17.6 17.6 17.6 17.6 17.6 17.6 17.6 17.6 17.6 17.6 17.6 17.6 17.6
17.655 17.65 17.65 17.65 17.65 17.65 17.65 17.65 17.65 17.65 17.65 17.65 17.65 17.65 17.65 17.65 17.65 17.65 17.65 17.65 17.65 17.65 17.65 17.65 17.65 17.65 17.65 17.65 17.65 17.65 17.65 17.65 17.65 17.65 17.65 17.65 17.65 17.65 17.65 17.65 17.65 17.65 17.65 17.65 17.65 17.65 17.65 17.65 17.65
17.705 17.7 17.7 17.7 17.7 17.7 17.7 17.7 17.7 17.7 17.7 17.7 17.7 17.7 17.7 17.7 17.7 17.7 17.7 17.7 17.7 17.7 17.7 17.7 17.7 17.7 17.7 17.7 17.7 17.7 17.7 17.7 17.7 17.7 17.7 17.7 17.7 17.7 17.7 17.7 17.7 17.7 17.7 17.7 17.7 17.7 17.7 17.7 17.7
17.755 17.75 17.75 17.75 17.75 17.75 17.75 17.75 17.75 17.75 17.75 17.75 17.75 17.75 17.75 17.75 17.75 17.75 17.75 17.75 17.75 17.75 17.75 17.75 17.75 17.75 17.75 17.75 17.75 17.75 17.75 17.75 17.75 17.75 17.75 17.75 17.75 17.75 17.75 17.75 17.75 17.75 17.75 17.75 17.75 17.75 17.75 17.75 17.75
17.805 17.8 17.8 17.8 17.8 17.8 17.8 17.8 17.8 17.8 17.8 17.8 17.8 17.8 17.8 17.8 17.8 17.8 17.8 17.8 17.8 17.8 17.8 17.8 17.8 17.8 17.8 17.8 17.8 17.8 17.8 17.8 17.8 17.8 17.8 17.8 17.8 17.8 17.8 17.8 17.8 17.8 17.8 17.8 17.8 17.8 17.8 17.8 17.8
17.855 17.85 17.85 17.85 17.85 17.85 17.85 17.85 17.85 17.85 17.85 17.85 17.85 17.85 17.85 17.85 17.85 17.85 17.85 17.85 17.85 17.85 17.85 17.85 17.85 17.85 17.85 17.85 17.85 17.85 17.85 17.85 17.85 17.85 17.85 17.85 17.85 17.85 17.85 17.85 17.85 17.85 17.85 17.85 17.85 17.85 17.85 17.85 17.85
17.905 17.9 17.9 17.9 17.9 17.9 17.9 17.9 17.9 17.9 17.9 17.9 17.9 17.9 17.9 17.9 17.9 17.9 17.9 17.9 17.9 17.9 17.9 17.9 17.9 17.9 17.9 17.9 17.9 17.9 17.9 17.9 17.9 17.9 17.9 17.9 17.9 17.9 17.9 17.9 17.9 17.9 17.9 17.9 17.9 17.9 17.9 17.9 17.9
17.955 17.95 17.95 17.95 17.95 17.95 17.95 17.95 17.95 17.95 17.95 17.95 17.95 17.95 17.95 17.95 17.95 17.95 17.95 17.95 17.95 17.95 17.95 17.95 17.95 17.95 17.95 17.95 17.95 17.95 17.95 17.95 17.95 17.95 17.95 17.95 17.95 17.95 17.95 17.95 17.95 17.95 17.95 17.95 17.95 17.95 17.95 17.95 17.95
18.005 18 18 18 18 18 18 18 18 18 18 18 18 18 18 18 18 18 18 18 18 18 18 18 18 18 18 18 18 18 18 18 18 18 18 18 18 18 18 18 18 18 18 18 18 18 18 18 18
18.055 18.05 18.05 18.05 18.05 18.05 18.05 18.05 18.05 18.05 18.05 18.05 18.05 18.05 18.05 18.05 18.05 18.05 18.05 18.05 18.05 18.05 18.05 18.05 18.05 18.05 18.05 18.05 18.05 18.05 18.05 18.05 18.05 18.05 18.05 18.05 18.05 18.05 18.05 18.05 18.05 18.05 18.05 18.05 18.05 18.05 18.05 18.05 18.05
18.105 18.1 18.1 18.1 18.1 18.1 18.1 18.1 18.1 18.1 18.1 18.1 18.1 18.1 18.1 18.1 18.1 18.1 18.1 18.1 18.1 18.1 18.1 18.1 18.1 18.1 18.1 18.1 18.1 18.1 18.1 18.1 18.1 18.1 18.1 18.1 18.1 18.1 18.1 18.1 18.1 18.1 18.1 18.1 18.1 18.1 18.1 18.1 18.1
18.155 18.15 18.15 18.15 18.15 18.15 18.15 18.15 18.15 18.15 18.15 18.15 18.15 18.15 18.15 18.15 18.15 18.15 18.15 18.15 18.15 18.15 18.15 18.15 18.15 18.15 18.15 18.15 18.15 18.15 18.15 18.15 18.15 18.15 18.15 18.15 18.15 18.15 18.15 18.15 18.15 18.15 18.15 18.15 18.15 18.15 18.15 18.15 18.15
18.205 18.2 18.2 18.2 18.2 18.2 18.2 18.2 18.2 18.2 18.2 18.2 18.2 18.2 18.2 18.2 18.2 18.2 18.2 18.2 18.2 18.2 18.2 18.2 18.2 18.2 18.2 18.2 18.2 18.2 18.2 18.2 18.2 18.2 18.2 18.2 18.2 18.2 18.2 18.2 18.2 18.2 18.2 18.2 18.2 18.2 18.2 18.2 18.2
18.255 18.25 18.25 18.25 18.25 18.25 18.25 18.25 18.25 18.25 18.25 18.25 18.25 18.25 18.25 18.25 18.25 18.25 18.25 18.25 18.25 18.25 18.25 18.25 18.25 18.25 18.25 18.25 18.25 18.25 18.25 18.25 18.25 18.25 18.25 18.25 18.25 18.25 18.25 18.25 18.25 18.25 18.25 18.25 18.25 18.25 18.25 18.25 18.25
18.305 18.3 18.3 18.3 18.3 18.3 18.3 18.3 18.3 18.3 18.3 18.3 18.3 18.3 18.3 18.3 18.3 18.3 18.3 18.3 18.3 18.3 18.3 18.3 18.3 18.3 18.3 18.3 18.3 18.3 18.3 18.3 18.3 18.3 18.3 18.3 18.3 18.3 18.3 18.3 18.3 18.3 18.3 18.3 18.3 18.3 18.3 18.3 18.3
18.355 18.35 18.35 18.35 18.35 18.35 18.35 18.35 18.35 18.35 18.35 18.35 18.35 18.35 18.35 18.35 18.35 18.35 18.35 18.35 18.35 18.35 18.35 18.35 18.35 18.35 18.35 18.35 18.35 18.35 18.35 18.35 18.35 18.35 18.35 18.35 18.35 18.35 18.35 18.35 18.35 18.35 18.35 18.35 18.35 18.35 18.35 18.35 18.35
18.405 18.4 18.4 18.4 18.4 18.4 18.4 18.4 18.4 18.4 18.4 18.4 18.4 18.4 18.4 18.4 18.4 18.4 18.4 18.4 18.4 18.4 18.4 18.4 18.4 18.4 18.4 18.4 18.4 18.4 18.4 18.4 18.4 18.4 18.4 18.4 18.4 18.4 18.4 18.4 18.4 18.4 18.4 18.4 18.4 18.4 18.4 18.4 18.4
18.455 18.45 18.45 18.45 18.45 18.45 18.45 18.45 18.45 18.45 18.45 18.45 18.45 18.45 18.45 18.45 18.45 18.45 18.45 18.45 18.45 18.45 18.45 18.45 18.45 18.45 18.45 18.45 18.45 18.45 18.45 18.45 18.45 18.45 18.45 18.45 18.45 18.45 18.45 18.45 18.45 18.45 18.45 18.45 18.45 18.45 18.45 18.45 18.45
18.505 18.5 18.5 18.5 18.5 18.5 18.5 18.5 18.5 18.5 18.5 18.5 18.5 18.5 18.5 18.5 18.5 18.5 18.5 18.5 18.5 18.5 18.5 18.5 18.5 18.5 18.5 18.5 18.5 18.5 18.5 18.5 18.5 18.5 18.5 18.5 18.5 18.5 18.5 18.5 18.5 18.5 18.5 18.5 18.5 18.5 18.5 18.5 18.5
18.555 18.55 18.55 18.55 18.55 18.55 18.55 18.55 18.55 18.55 18.55 18.55 18.55 18.55 18.55 18.55 18.55 18.55 18.55 18.55 18.55 18.55 18.55 18.55 18.55 18.55 18.55 18.55 18.55 18.55 18.55 18.55 18.55 18.55 18.55 18.55 18.55 18.55 18.55 18.55 18.55 18.55 18.55 18.55 18.55 18.55 18.55 18.55 18.55
18.605 18.6 18.6 18.6 18.6 18.6 18.6 18.6 18.6 18.6 18.6 18.6 18.6 18.6 18.6 18.6 18.6 18.6 18.6 18.6 18.6 18.6 18.6 18.6 18.6 18.6 18.6 18.6 18.6 18.6 18.6 18.6 18.6 18.6 18.6 18.6 18.6 18.6 18.6 18.6 18.6 18.6 18.6 18.6 18.6 18.6 18.6 18.6 18.6
18.655 18.65 18.65 18.65 18.65 18.65 18.65 18.65 18.65 18.65 18.65 18.65 18.65 18.65 18.65 18.65 18.65 18.65 18.65 18.65 18.65 18.65 18.65 18.65 18.65 18.65 18.65 18.65 18.65 18.65 18.65 18.65 18.65 18.65 18.65 18.65 18.65 18.65 18.65 18.65 18.65 18.65 18.65 18.65 18.65 18.65 18.65 18.65 18.65
18.705 18.7 18.7 18.7 18.7 18.7 18.7 18.7 18.7 18.7 18.7 18.7 18.7 18.7 18.7 18.7 18.7 18.7 18.7 18.7 18.7 18.7 18.7 18.7 18.7 18.7 18.7 18.7 18.7 18.7 18.7 18.7 18.7 18.7 18.7 18.7 18.7 18.7 18.7 18.7 18.7 18.7 18.7 18.7 18.7 18.7 18.7 18.7 18.7
18.755 18.75 18.75 18.75 18.75 18.75 18.75 18.75 18.75 18.75 18.75 18.75 18.75 18.75 18.75 18.75 18.75 18.75 18.75 18.75 18.75 18.75 18.75 18.75 18.75 18.75 18.75 18.75 18.75 18.75 18.75 18.75 18.75 18.75 18.75 18.75 18.75 18.75 18.75 18.75 18.75 18.75 18.75 18.75 18.75 18.75 18.75 18.75 18.75
18.805 18.8 18.8 18.8 18.8 18.8 18.8 18.8 18.8 18.8 18.8 18.8 18.8 18.8 18.8 18.8 18.8 18.8 18.8 18.8 18.8 18.8 18.8 18.8 18.8 18.8 18.8 18.8 18.8 18.8 18.8 18.8 18.8 18.8 18.8 18.8 18.8 18.8 18.8 18.8 18.8 18.8 18.8 18.8 18.8 18.8 18.8 18.8 18.8
18.855 18.85 18.85 18.85 18.85 18.85 18.85 18.85 18.85 18.85 18.85 18.85 18.85 18.85 18.85 18.85 18.85 18.85 18.85 18.85 18.85 18.85 18.85 18.85 18.85 18.85 18.85 18.85 18.85 18.85 18.85 18.85 18.85 18.85 18.85 18.85 18.85 18.85 18.85 18.85 18.85 18.85 18.85 18.85 18.85 18.85 18.85 18.85 18.85
18.905 18.9 18.9 18.9 18.9 18.9 18.9 18.9 18.9 18.9 18.9 18.9 18.9 18.9 18.9 18.9 18.9 18.9 18.9 18.9 18.9 18.9 18.9 18.9 18.9 18.9 18.9 18.9 18.9 18.9 18.9 18.9 18.9 18.9 18.9 18.9 18.9 18.9 18.9 18.9 18.9 18.9 18.9 18.9 18.9 18.9 18.9 18.9 18.9
18.955 18.95 18.95 18.95 18.95 18.95 18.95 18.95 18.95 18.95 18.95 18.95 18.95 18.95 18.95 18.95 18.95 18.95 18.95 18.95 18.95 18.95 18.95 18.95 18.95 18.95 18.95 18.95 18.95 18.95 18.95 18.95 18.95 18.95 18.95 18.95 18.95 18.95 18.95 18.95 18.95 18.95 18.95 18.95 18.95 18.95 18.95 18.95 18.95
19.005 19 19 19 19 19 19 19 19 19 19 19 19 19 19 19 19 19 19 19 19 19 19 19 19 19 19 19 19 19 19 19 19 19 19 19 19 19 19 19 19 19 19 19 19 19 19 19 19
19.055 19.05 19.05 19.05 19.05 19.05 19.05 19.05 19.05 19.05 19.05 19.05 19.05 19.05 19.05 19.05 19.05 19.05 19.05 19.05 19.05 19.05 19.05 19.05 19.05 19.05 19.05 19.05 19.05 19.05 19.05 19.05 19.05 19.05 19.05 19.05 19.05 19.05 19.05 19.05 19.05 19.05 19.05 19.05 19.05 19.05 19.05 19.05 19.05
19.105 19.1 19.1 19.1 19.1 19.1 19.1 19.1 19.1 19.1 19.1 19.1 19.1 19.1 19.1 19.1 19.1 19.1 19.1 19.1 19.1 19.1 19.1 19.1 19.1 19.1 19.1 19.1 19.1 19.1 19.1 19.1 19.1 19.1 19.1 19.1 19.1 19.1 19.1 19.1 19.1 19.1 19.1 19.1 19.1 19.1 19.1 19.1 19.1
19.155 19.15 19.15 19.15 19.15 19.15 19.15 19.15 19.15 19.15 19.15 19.15 19.15 19.15 19.15 19.15 19.15 19.15 19.15 19.15 19.15 19.15 19.15 19.15 19.15 19.15 19.15 19.15 19.15 19.15 19.15 19.15 19.15 19.15 19.15 19.15 19.15 19.15 19.15 19.15 19.15 19.15 19.15 19.15 19.15 19.15 19.15 19.15 19.15
19.205 19.2 19.2 19.2 19.2 19.2 19.2 19.2 19.2 19.2 19.2 19.2 19.2 19.2 19.2 19.2 19.2 19.2 19.2 19.2 19.2 19.2 19.2 19.2 19.2 19.2 19.2 19.2 19.2 19.2 19.2 19.2 19.2 19.2 19.2 19.2 19.2 19.2 19.2 19.2 19.2 19.2 19.2 19.2 19.2 19.2 19.2 19.2 19.2
19.255 19.25 19.25 19.25 19.25 19.25 19.25 19.25 19.25 19.25 19.25 19.25 19.25 19.25 19.25 19.25 19.25 19.25 19.25 19.25 19.25 19.25 19.25 19.25 19.25 19.25 19.25 19.25 19.25 19.25 19.25 19.25 19.25 19.25 19.25 19.25 19.25 19.25 19.25 19.25 19.25 19.25 19.25 19.25 19.25 19.25 19.25 19.25 19.25
19.305 19.3 19.3 19.3 19.3 19.3 19.3 19.3 19.3 19.3 19.3 19.3 19.3 19.3 19.3 19.3 19.3 19.3 19.3 19.3 19.3 19.3 19.3 19.3 19.3 19.3 19.3 19.3 19.3 19.3 19.3 19.3 19.3 19.3 19.3 19.3 19.3 19.3 19.3 19.3 19.3 19.3 19.3 19.3 19.3 19.3 19.3 19.3 19.3
19.355 19.35 19.35 19.35 19.35 19.35 19.35 19.35 19.35 19.35 19.35 19.35 19.35 19.35 19.35 19.35 19.35 19.35 19.35 19.35 19.35 19.35 19.35 19.35 19.35 19.35 19.35 19.35 19.35 19.35 19.35 19.35 19.35 19.35 19.35 19.35 19.35 19.35 19.35 19.35 19.35 19.35 19.35 19.35 19.35 19.35 19.35 19.35 19.35
19.405 19.4 19.4 19.4 19.4 19.4 19.4 19.4 19.4 19.4 19.4 19.4 19.4 19.4 19.4 19.4 19.4 19.4 19.4 19.4 19.4 19.4 19.4 19.4 19.4 19.4 19.4 19.4 19.4 19.4 19.4 19.4 19.4 19.4 19.4 19.4 19.4 19.4 19.4 19.4 19.4 19.4 19.4 19.4 19.4 19.4 19.4 19.4 19.4
19.455 19.45 19.45 19.45 19.45 19.45 19.45 19.45 19.45 19.45 19.45 19.45 19.45 19.45 19.45 19.45 19.45 19.45 19.45 19.45 19.45 19.45 19.45 19.45 19.45 19.45 19.45 19.45 19.45 19.45 19.45 19.45 19.45 19.45 19.45 19.45 19.45 19.45 19.45 19.45 19.45 19.45 19.45 19.45 19.45 19.45 19.45 19.45 19.45
19.505 19.5 19.5 19.5 19.5 19.5 19.5 19.5 19.5 19.5 19.5 19.5 19.5 19.5 19.5 19.5 19.5 19.5 19.5 19.5 19.5 19.5 19.5 19.5 19.5 19.5 19.5 19.5 19.5 19.5 19.5 19.5 19.5 19.5 19.5 19.5 19.5 19.5 19.5 19.5 19.5 19.5 19.5 19.5 19.5 19.5 19.5 19.5 19.5
19.555 19.55 19.55 19.55 19.55 19.55 19.55 19.55 19.55 19.55 19.55 19.55 19.55 19.55 19.55 19.55 19.55 19.55 19.55 19.55 19.55 19.55 19.55 19.55 19.55 19.55 19.55 19.55 19.55 19.55 19.55 19.55 19.55 19.55 19.55 19.55 19.55 19.55 19.55 19.55 19.55 19.55 19.55 19.55 19.55 19.55 19.55 19.55 19.55
19.605 19.6 19.6 19.6 19.6 19.6 19.6 19.6 19.6 19.6 19.6 19.6 19.6 19.6 19.6 19.6 19.6 19.6 19.6 19.6 19.6 19.6 19.6 19.6 19.6 19.6 19.6 19.6 19.6 19.6 19.6 19.6 19.6 19.6 19.6 19.6 19.6 19.6 19.6 19.6 19.6 19.6 19.6 19.6 19.6 19.6 19.6 19.6 19.6
19.655 19.65 19.65 19.65 19.65 19.65 19.65 19.65 19.65 19.65 19.65 19.65 19.65 19.65 19.65 19.65 19.65 19.65 19.65 19.65 19.65 19.65 19.65 19.65 19.65 19.65 19.65 19.65 19.65 19.65 19.65 19.65 19.65 19.65 19.65 19.65 19.65 19.65 19.65 19.65 19.65 19.65 19.65 19.65 19.65 19.65 19.65 19.65 19.65
19.705 19.7 19.7 19.7 19.7 19.7 19.7 19.7 19.7 19.7 19.7 19.7 19.7 19.7 19.7 19.7 19.7 19.7 19.7 19.7 19.7 19.7 19.7 19.7 19.7 19.7 19.7 19.7 19.7 19.7 19.7 19.7 19.7 19.7 19.7 19.7 19.7 19.7 19.7 19.7 19.7 19.7 19.7 19.7 19.7 19.7 19.7 19.7 19.7
19.755 19.75 19.75 19.75 19.75 19.75 19.75 19.75 19.75 19.75 19.75 19.75 19.75 19.75 19.75 19.75 19.75 19.75 19.75 19.75 19.75 19.75 19.75 19.75 19.75 19.75 19.75 19.75 19.75 19.75 19.75 19.75 19.75 19.75 19.75 19.75 19.75 19.75 19.75 19.75 19.75 19.75 19.75 19.75 19.75 19.75 19.75 19.75 19.75
19.805 19.8 19.8 19.8 19.8 19.8 19.8 19.8 19.8 19.8 19.8 19.8 19.8 19.8 19.8 19.8 19.8 19.8 19.8 19.8 19.8 19.8 19.8 19.8 19.8 19.8 19.8 19.8 19.8 19.8 19.8 19.8 19.8 19.8 19.8 19.8 19.8 19.8 19.8 19.8 19.8 19.8 19.8 19.8 19.8 19.8 19.8 19.8 19.8
19.855 19.85 19.85 19.85 19.85 19.85 19.85 19.85 19.85 19.85 19.85 19.85 19.85 19.85 19.85 19.85 19.85 19.85 19.85 19.85 19.85 19.85 19.85 19.85 19.85 19.85 19.85 19.85 19.85 19.85 19.85 19.85 19.85 19.85 19.85 19.85 19.85 19.85 19.85 19.85 19.85 19.85 19.85 19.85 19.85 19.85 19.85 19.85 19.85
19.905 19.9 19.9 19.9 19.9 19.9 19.9 19.9 19.9 19.9 19.9 19.9 19.9 19.9 19.9 19.9 19.9 19.9 19.9 19.9 19.9 19.9 19.9 19.9 19.9 19.9 19.9 19.9 19.9 19.9 19.9 19.9 19.9 19.9 19.9 19.9 19.9 19.9 19.9 19.9 19.9 19.9 19.9 19.9 19.9 19.9 19.9 19.9 19.9
19.955 19.95 19.95 19.95 19.95 19.95 19.95 19.95 19.95 19.95 19.95 19.95 19.95 19.95 19.95 19.95 19.95 19.95 19.95 19.95 19.95 19.95 19.95 19.95 19.95 19.95 19.95 19.95 19.95 19.95 19.95 19.95 19.95 19.95 19.95 19.95 19.95 19.95 19.95 19.95 19.95 19.95 19.95 19.95 19.95 19.95 19.95 19.95 19.95
