10.005 -7.6577 -5.04738 -4.20493 -3.89277 -4.02064 -3.49152 -2.83963 -2.38926 -1.72033 -0.97381 -0.247401 -0.0127137 0.203442 1.22612 1.67406 2.0704 3.20064 3.11672 1.94579 1.23709 0.735466 -0.631515 -2.16212
10.055 -6.68646 -4.22884 -3.6833 -3.59812 -3.93021 -3.52949 -2.99525 -2.76998 -2.22253 -1.586 -0.881875 -0.372459 -0.12159 0.639046 1.13068 1.78973 3.00317 3.10818 2.22481 1.75763 1.52696 0.373084 -1.258
10.105 -5.47569 -3.33884 -3.07964 -3.21738 -3.72575 -3.45724 -3.04946 -3.00436 -2.54795 -2.0036 -1.51816 -1.03544 -0.577339 0.0895022 0.564108 1.4457 2.70817 2.97384 2.3678 2.13071 2.1376 1.25704 -0.262511
10.155 -4.2929 -2.61982 -2.46234 -2.73631 -3.38777 -3.26086 -2.9978 -3.10808 -2.73837 -2.28343 -2.01266 -1.62143 -1.21366 -0.633688 -0.00465659 1.0207 2.32246 2.73876 2.40422 2.38039 2.57991 1.97237 0.688202
10.205 -3.1664 -2.05502 -1.8237 -2.1915 -2.99821 -2.98514 -2.86136 -3.09829 -2.81502 -2.45564 -2.35928 -2.05196 -1.73164 -1.38166 -0.768858 0.443551 1.85543 2.42128 2.35643 2.52954 2.87854 2.51564 1.51354
10.255 -2.10248 -0.953278 -0.633327 -1.20791 -2.57975 -2.8181 -2.77023 -3.07335 -2.84171 -2.56164 -2.59446 -2.35817 -2.11978 -1.99769 -1.4623 -0.235277 1.20698 1.99128 2.21322 2.58194 3.05349 2.90678 2.19207
10.305 -1.07651 0.447399 0.752244 0.0964977 -1.71831 -2.28349 -2.546 -3.22661 -3.01589 -2.74644 -2.83265 -2.62886 -2.45203 -2.5021 -1.98537 -0.813632 0.465183 1.38124 1.90869 2.50798 3.11291 3.16342 2.73179
10.355 0.0579843 1.80069 1.80616 1.19746 -0.512935 -1.24623 -1.78598 -3.10927 -3.07814 -2.93414 -3.27726 -3.0057 -2.79709 -2.94429 -2.40357 -1.31356 -0.288844 0.669334 1.47118 2.26875 3.01348 3.28131 3.13022
10.405 1.10416 2.6851 2.17634 1.83736 0.773015 0.0787184 -0.675717 -2.3911 -2.68575 -2.75846 -3.56155 -3.34369 -3.07603 -3.386 -2.86348 -1.85543 -1.06184 -0.072766 0.978713 1.93065 2.77385 3.25497 3.38493
10.455 1.93088 3.47277 2.60515 2.13635 1.61495 1.29687 0.403405 -1.35694 -1.92274 -2.24844 -3.4211 -3.40896 -3.22829 -3.7414 -3.29373 -2.39414 -1.8234 -0.832196 0.425996 1.50436 2.40767 3.07774 3.49144
10.505 2.61654 4.27797 3.123 2.59085 2.25193 1.79776 1.04399 -0.243633 -0.917941 -1.49327 -2.92267 -3.16918 -3.17632 -3.91101 -3.60135 -2.8581 -2.51803 -1.57391 -0.17864 0.982657 1.91738 2.75516 3.44096
10.555 3.11801 4.95916 3.57218 3.01189 2.81302 2.24386 1.38865 0.528014 0.0155425 -0.750663 -2.19463 -2.67854 -2.91945 -3.85998 -3.73491 -3.19158 -3.08579 -2.24142 -0.793193 0.396108 1.32967 2.30542 3.23782
10.605 3.34461 5.44192 3.92681 3.34333 3.31365 2.71684 1.81914 1.12952 0.444337 -0.342016 -1.43136 -2.01715 -2.49886 -3.58944 -3.67352 -3.36282 -3.48333 -2.78418 -1.36863 -0.207799 0.692485 1.76826 2.90787
10.655 3.42074 5.65023 4.11961 3.55342 3.71405 3.12181 2.20284 1.63919 0.858447 -0.102939 -0.944401 -1.45293 -2.09309 -3.1511 -3.4298 -3.36724 -3.6893 -3.16911 -1.86735 -0.788038 0.0504754 1.18227 2.47864
10.705 3.41251 5.61924 4.15524 3.62907 3.97738 3.40773 2.49201 2.08666 1.28057 0.255241 -0.537158 -1.24168 -1.91658 -2.69292 -3.05152 -3.2269 -3.69768 -3.37395 -2.25844 -1.3068 -0.552196 0.587871 1.98122
10.755 3.35871 5.40553 4.07912 3.60655 4.12549 3.59065 2.69209 2.44762 1.63251 0.56276 -0.146818 -0.935784 -1.80913 -2.45211 -2.76144 -3.07124 -3.54238 -3.39549 -2.5198 -1.72851 -1.07045 0.028592 1.45089
10.805 3.2934 5.08824 3.97534 3.53916 4.17119 3.67421 2.8024 2.71059 1.89963 0.809707 0.209231 -0.621822 -1.56335 -2.22606 -2.70487 -3.04078 -3.33396 -3.26764 -2.65778 -2.03565 -1.4689 -0.454804 0.925433
10.855 3.20681 4.75278 3.99493 3.51362 4.10484 3.66033 2.83953 2.88807 2.09184 0.997615 0.510874 -0.354861 -1.35756 -1.9683 -2.51992 -3.02934 -3.24816 -3.14523 -2.758 -2.24892 -1.72203 -0.817673 0.453919
10.905 2.95513 4.34167 4.3311 3.79617 3.86521 3.51787 2.80705 2.9767 2.20657 1.12448 0.753951 -0.131956 -1.17699 -1.71868 -2.32035 -2.89959 -3.1399 -3.13051 -2.88892 -2.42671 -1.86191 -1.04891 0.0688832
10.955 2.69938 3.97161 4.33274 4.25889 4.03455 3.27456 2.70891 2.9374 2.22093 1.18353 0.93465 0.0468455 -1.02104 -1.48596 -2.13466 -2.78319 -2.99993 -3.05663 -2.96269 -2.60822 -2.01282 -1.21216 -0.223763
11.005 2.50393 3.72146 4.26728 4.38995 4.14288 3.5087 2.80235 2.69799 2.08601 1.15451 1.03719 0.170568 -0.896812 -1.27376 -1.95663 -2.66201 -2.84574 -2.96171 -3.00877 -2.72836 -2.1455 -1.37973 -0.46517
11.055 2.36622 3.56486 4.19692 4.35905 4.15744 3.71489 3.12987 2.66922 1.81449 1.02645 1.03004 0.215198 -0.819283 -1.09281 -1.79166 -2.53739 -2.67986 -2.84965 -3.03241 -2.819 -2.24098 -1.51845 -0.680971
11.105 2.27833 3.45775 4.12343 4.31786 4.15967 3.80051 3.35089 2.75879 1.78396 0.930577 0.859799 0.144861 -0.808352 -0.956817 -1.64826 -2.41421 -2.50575 -2.72201 -3.03375 -2.88244 -2.30606 -1.63063 -0.874407
11.155 2.2246 3.38092 4.05703 4.28375 4.17341 3.85176 3.38996 2.77569 1.96315 1.05613 0.643365 -0.0614137 -0.884833 -0.88535 -1.54102 -2.30202 -2.33016 -2.5821 -3.01313 -2.91918 -2.34403 -1.71922 -1.04709
11.205 2.19245 3.32573 4.004 4.25669 4.17978 3.87282 3.39377 2.7659 2.03107 1.28345 0.650237 -0.311433 -1.0421 -0.907986 -1.4909 -2.21532 -2.1638 -2.4363 -2.97259 -2.92995 -2.35642 -1.78508 -1.1988
11.255 2.17325 3.28645 3.96359 4.23376 4.17637 3.87484 3.39011 2.77047 2.07344 1.35574 0.626252 -0.247201 -1.06183 -1.14533 -1.54293 -2.17388 -2.01548 -2.28912 -2.91326 -2.91573 -2.34545 -1.82984 -1.32967
11.305 2.16033 3.2574 3.93176 4.21213 4.16624 3.86998 3.38862 2.77846 2.08989 1.35735 0.592228 -0.196235 -0.898392 -1.22923 -1.79558 -2.22385 -1.90267 -2.15172 -2.84027 -2.87912 -2.31274 -1.85292 -1.43629
11.355 2.15101 3.23511 3.90547 4.19114 4.15302 3.86289 3.38684 2.78073 2.08878 1.34359 0.576716 -0.161079 -0.795543 -1.28919 -1.84457 -2.25355 -2.00291 -2.06711 -2.7609 -2.81807 -2.25697 -1.85346 -1.51649
11.405 2.14247 3.21604 3.88217 4.1709 4.139 3.85486 3.38294 2.77751 2.08232 1.33515 0.577118 -0.142596 -0.780569 -1.32696 -1.81585 -2.1704 -2.095 -2.17061 -2.71319 -2.7401 -2.17915 -1.83035 -1.56606
11.455 2.13374 3.19849 3.86072 4.15152 4.12482 3.84584 3.37694 2.77177 2.07574 1.33052 0.578653 -0.137716 -0.785203 -1.34276 -1.78749 -2.06827 -2.16296 -2.3175 -2.63622 -2.67432 -2.18373 -1.78795 -1.56824
11.505 2.16773 3.14631 3.71276 4.15367 4.20423 3.82222 3.3557 2.76261 2.07135 1.32831 0.578549 -0.137643 -0.78593 -1.33608 -1.75932 -2.03901 -2.20991 -2.38515 -2.58017 -2.6019 -2.222 -1.80881 -1.52965
11.555 1.92693 2.46519 2.75512 4.07134 4.96102 4.0167 3.23671 2.68456 2.05696 1.33767 0.589641 -0.12899 -0.776059 -1.31939 -1.73726 -2.031 -2.23893 -2.41685 -2.55143 -2.52685 -2.24987 -1.86649 -1.49555
11.605 0.944449 1.20313 1.57991 2.95708 5.60052 5.20612 3.44825 2.58368 1.92701 1.31818 0.627339 -0.0833895 -0.736455 -1.28465 -1.70994 -2.02114 -2.24971 -2.42496 -2.52935 -2.4924 -2.26509 -1.90863 -1.50019
11.655 -0.588154 -0.501738 0.340682 2.0708 5.33626 5.18228 4.54936 3.82435 1.93727 1.08252 0.578919 0.00664719 -0.614612 -1.18243 -1.63925 -1.98077 -2.23121 -2.41149 -2.51006 -2.48264 -2.29517 -1.97041 -1.55537
11.705 -1.66505 -2.02226 -0.996532 0.918313 4.46051 4.63142 4.08268 5.26306 3.67688 1.30293 0.437439 -0.0293892 -0.494024 -1.01025 -1.49207 -1.88118 -2.1708 -2.37352 -2.48723 -2.48641 -2.34472 -2.06447 -1.66822
11.755 -2.4255 -2.84292 -1.80347 -0.438881 2.8884 3.64335 3.57616 5.39109 4.30705 3.05533 1.73474 -0.0929011 -0.669946 -0.975834 -1.33715 -1.72321 -2.05762 -2.30464 -2.45286 -2.48895 -2.39615 -2.16849 -1.80905
11.805 -3.1677 -3.28121 -2.23839 -1.23192 1.15119 2.07026 2.73781 5.00935 4.29657 3.3278 3.84326 1.68629 -0.611238 -1.18982 -1.37466 -1.6067 -1.90469 -2.18546 -2.38624 -2.47581 -2.4393 -2.27052 -1.96096
11.855 -4.06465 -3.68093 -2.63149 -1.71479 0.00487576 0.862367 1.79113 4.10895 3.83721 3.2187 4.44344 2.96635 1.23418 -0.239202 -1.55134 -1.78436 -1.87758 -2.05615 -2.26654 -2.41812 -2.45667 -2.36205 -2.11799
11.905 -5.09606 -4.19462 -3.04533 -2.08149 -0.699998 0.116272 0.81456 2.88697 3.02323 2.87093 4.39362 3.35887 2.17076 1.96191 -0.226146 -1.88164 -2.13048 -2.11769 -2.18458 -2.31742 -2.4178 -2.41256 -2.25413
11.955 -6.11387 -4.79967 -3.51493 -2.45052 -1.21538 -0.390586 0.214823 1.65831 1.87376 2.23541 4.00825 3.34884 2.49419 3.19125 1.52601 -0.523537 -1.75327 -2.38604 -2.36078 -2.31192 -2.35187 -2.39735 -2.33565
12.005 -7.06714 -5.47597 -4.08137 -2.93075 -1.76299 -0.910059 -0.280639 0.783851 1.03549 1.58958 3.3178 3.01683 2.52982 3.55699 2.39596 0.922791 -0.00519008 -1.77393 -2.63001 -2.58483 -2.43171 -2.37737 -2.34587
12.055 -7.86178 -6.04802 -4.59827 -3.48311 -2.3873 -1.44241 -0.729604 0.17086 0.512803 0.891083 2.38313 2.43793 2.33151 3.55892 2.77278 1.66878 1.61025 -0.137814 -2.01626 -2.70151 -2.77757 -2.53713 -2.3712
12.105 -8.37044 -6.30849 -4.86444 -3.92542 -3.06172 -2.04715 -1.19399 -0.323278 0.123443 0.449767 1.51104 1.63348 1.92942 3.3168 2.84843 2.11731 2.52376 1.26112 -0.820978 -1.95415 -2.69653 -2.91644 -2.62488
12.155 -8.58131 -6.28844 -4.91341 -4.11572 -3.58641 -2.69199 -1.73994 -0.820857 -0.23916 0.148266 0.839504 0.885912 1.38554 2.88257 2.69684 2.31044 3.0249 2.21079 0.291124 -0.907271 -1.89691 -2.84293 -3.00065
12.205 -8.46327 -5.99067 -4.76711 -4.13571 -3.89016 -3.15229 -2.30873 -1.46943 -0.713738 -0.196385 0.374905 0.421414 0.897639 2.28938 2.37596 2.31034 3.2337 2.76576 1.13007 0.0663319 -0.83144 -2.17886 -3.01479
12.255 -8.03266 -5.44233 -4.44746 -4.01393 -4.01626 -3.41554 -2.69942 -2.10095 -1.35009 -0.648631 0.00519995 0.144831 0.418867 1.58458 1.94952 2.18932 3.25812 3.05101 1.7138 0.869253 0.21156 -1.2149 -2.57102
12.305 -7.27416 -4.70413 -3.98916 -3.77554 -3.99593 -3.52251 -2.92086 -2.57433 -1.96168 -1.25544 -0.512957 -0.146273 0.0636262 0.967072 1.44306 1.95653 3.1271 3.13004 2.08663 1.4849 1.10513 -0.180773 -1.78633
12.355 -6.17172 -3.8398 -3.4271 -3.44149 -3.85466 -3.51142 -3.03132 -2.88986 -2.38498 -1.79164 -1.17257 -0.646501 -0.29775 0.410575 0.887472 1.64568 2.88343 3.06187 2.30173 1.93772 1.81651 0.779351 -0.82394
12.405 -4.95001 -2.98516 -2.79495 -3.01831 -3.59523 -3.38768 -3.04078 -3.06582 -2.64664 -2.14025 -1.75341 -1.31047 -0.852742 -0.211142 0.32661 1.2744 2.55105 2.88191 2.39498 2.25355 2.35073 1.59242 0.166219
12.455 -3.78517 -2.38983 -2.23878 -2.51932 -3.20066 -3.13563 -2.94052 -3.11347 -2.78396 -2.37152 -2.18293 -1.83046 -1.46289 -0.970271 -0.320385 0.786827 2.13001 2.6102 2.39314 2.45721 2.72713 2.23105 1.06826
12.505 -2.68883 -1.63412 -1.35539 -1.84296 -2.84929 -2.89595 -2.81032 -3.08042 -2.82619 -2.50525 -2.47161 -2.19744 -1.91364 -1.6694 -1.09388 0.149114 1.59426 2.25009 2.30767 2.56543 2.96998 2.70441 1.8285
12.555 -1.65566 -0.353976 -0.0215393 -0.639804 -2.2652 -2.65857 -2.72825 -3.12384 -2.8863 -2.62161 -2.68912 -2.4741 -2.26701 -2.22844 -1.71202 -0.509534 0.885707 1.7477 2.1047 2.5676 3.09275 3.03495 2.44556
12.605 -0.604628 1.06784 1.30009 0.63844 -1.21833 -1.87899 -2.27137 -3.26455 -3.09347 -2.86331 -2.99538 -2.78068 -2.61103 -2.69807 -2.16691 -1.0297 0.136879 1.07375 1.72454 2.42061 3.0898 3.23164 2.92433
12.655 0.55982 2.23359 1.99817 1.51044 0.0853551 -0.67508 -1.31997 -2.84761 -2.9592 -2.90293 -3.45968 -3.18026 -2.92678 -3.13917 -2.60113 -1.54657 -0.626368 0.346782 1.26137 2.12928 2.92441 3.28927 3.2592
12.705 1.48835 3.03791 2.36079 1.9823 1.15741 0.665834 -0.160728 -1.96077 -2.38768 -2.57094 -3.54841 -3.4098 -3.16451 -3.55983 -3.06223 -2.09637 -1.39989 -0.404626 0.744602 1.7563 2.62923 3.19554 3.45057
12.755 2.24007 3.81575 2.84219 2.34131 1.92239 1.56307 0.72072 -0.846868 -1.49701 -1.93558 -3.23876 -3.33849 -3.23145 -3.84155 -3.44748 -2.61055 -2.13999 -1.16284 0.165229 1.28621 2.20709 2.95372 3.48887
12.805 2.88371 4.58985 3.31859 2.77952 2.50697 1.99737 1.20776 0.113487 -0.463521 -1.13721 -2.62288 -2.98035 -3.0871 -3.91623 -3.68317 -3.02291 -2.7858 -1.87924 -0.450089 0.730539 1.66887 2.5714 3.36941
12.855 3.24136 5.20568 3.74665 3.16904 3.03861 2.45134 1.57674 0.820527 0.228832 -0.545728 -1.83317 -2.39767 -2.74722 -3.76522 -3.73121 -3.28707 -3.28255 -2.49697 -1.05273 0.130929 1.05373 2.07845 3.10723
12.905 3.39269 5.56569 4.03135 3.45127 3.50408 2.90712 1.99888 1.36418 0.631976 -0.248184 -1.2137 -1.72404 -2.29722 -3.41271 -3.58731 -3.38479 -3.59798 -2.97396 -1.59873 -0.467418 0.408999 1.51507 2.73022
12.955 3.42579 5.66382 4.15307 3.60146 3.84451 3.25933 2.33878 1.84302 1.04984 0.0622614 -0.755709 -1.36993 -2.00048 -2.92149 -3.268 -3.3163 -3.7151 -3.28148 -2.05388 -1.02575 -0.221792 0.919785 2.26672
13.005 3.39272 5.54399 4.13174 3.6286 4.05541 3.49999 2.59029 2.25577 1.44423 0.397972 -0.358392 -1.1014 -1.89287 -2.59176 -2.88636 -3.1447 -3.64517 -3.40486 -2.38954 -1.5054 -0.792388 0.33566 1.75044
13.055 3.33077 5.27412 4.03046 3.57878 4.15784 3.6391 2.75035 2.57357 1.75819 0.67686 0.014186 -0.792516 -1.69265 -2.35607 -2.75578 -3.04771 -3.43309 -3.34754 -2.59059 -1.87689 -1.26247 -0.196442 1.21607
13.105 3.26277 4.93948 3.95536 3.51499 4.15884 3.68103 2.82711 2.79879 1.99315 0.899395 0.348137 -0.499742 -1.46943 -2.11027 -2.62194 -3.05596 -3.30217 -3.19707 -2.69613 -2.1366 -1.59804 -0.630839 0.709234
13.155 3.12014 4.59494 4.12102 3.57869 4.01024 3.61394 2.83443 2.93968 2.15282 1.0611 0.62469 -0.252216 -1.27616 -1.85792 -2.43156 -2.97107 -3.20524 -3.14423 -2.81991 -2.32418 -1.78572 -0.932496 0.272307
13.205 2.83016 4.16357 4.40032 3.99674 3.86773 3.4142 2.76726 2.97758 2.22678 1.15933 0.841582 -0.0473845 -1.10491 -1.61416 -2.23778 -2.84873 -3.08055 -3.10134 -2.92452 -2.51422 -1.93024 -1.12136 -0.0672634
13.255 2.60723 3.84201 4.29433 4.38465 4.114 3.29394 2.70779 2.86094 2.18291 1.18252 0.990044 0.108354 -0.962424 -1.39017 -2.05559 -2.73067 -2.93384 -3.01724 -2.98604 -2.66607 -2.07433 -1.28653 -0.33374
13.305 2.43688 3.64557 4.23742 4.37602 4.15287 3.65173 2.92211 2.61984 1.98529 1.11152 1.04953 0.200947 -0.856518 -1.19006 -1.88229 -2.60747 -2.77415 -2.91448 -3.02176 -2.77144 -2.19145 -1.4441 -0.562601
13.355 2.32242 3.51325 4.16498 4.34133 4.15411 3.7522 3.27276 2.71816 1.73261 0.966525 0.983661 0.201978 -0.805135 -1.02722 -1.72595 -2.48305 -2.60433 -2.79546 -3.03565 -2.84998 -2.2728 -1.57042 -0.768125
13.405 2.2517 3.42125 4.09306 4.30206 4.16634 3.82802 3.37564 2.7704 1.87254 0.960823 0.740317 0.0728099 -0.829246 -0.915963 -1.59561 -2.36279 -2.42825 -2.66175 -3.02726 -2.90178 -2.32594 -1.6723 -0.952659
13.455 2.2087 3.35474 4.03236 4.27128 4.17725 3.86401 3.39466 2.77273 1.99896 1.16042 0.634037 -0.190261 -0.949546 -0.879715 -1.5099 -2.25968 -2.25534 -2.51843 -2.9976 -2.92698 -2.35246 -1.7508 -1.11619
13.505 2.18334 3.30733 3.98527 4.24652 4.17941 3.87503 3.39163 2.76611 2.05394 1.33371 0.643274 -0.318056 -1.06804 -0.991974 -1.50169 -2.19065 -2.09528 -2.37083 -2.94828 -2.92656 -2.35445 -1.80745 -1.25906
13.555 2.16738 3.27307 3.94908 4.22434 4.17254 3.87311 3.38916 2.774 2.08293 1.36092 0.613874 -0.214959 -1.01465 -1.20313 -1.63199 -2.18585 -1.961 -2.22645 -2.88201 -2.90187 -2.33353 -1.84266 -1.37969
13.605 2.1563 3.24736 3.91999 4.20299 4.16068 3.86697 3.38798 2.78027 2.09066 1.35072 0.581415 -0.179036 -0.830975 -1.25573 -1.86346 -2.24023 -1.91192 -2.10797 -2.80613 -2.85501 -2.29081 -1.85587 -1.47496
13.655 2.14754 3.22679 3.89522 4.18231 4.14696 3.85945 3.38534 2.77971 2.08609 1.3392 0.576104 -0.151224 -0.784404 -1.30646 -1.82481 -2.24038 -2.05523 -2.08296 -2.73616 -2.78538 -2.22476 -1.8458 -1.54209
13.705 2.13893 3.20848 3.8728 4.16244 4.13285 3.85102 3.38047 2.7751 2.07929 1.33288 0.578193 -0.139062 -0.78235 -1.33834 -1.80537 -2.1106 -2.1264 -2.24785 -2.68726 -2.70528 -2.16301 -1.81459 -1.57418
13.755 2.12989 3.19123 3.85189 4.1434 4.11865 3.84163 3.37388 2.76899 2.07315 1.32892 0.578515 -0.137663 -0.786334 -1.34132 -1.77407 -2.05064 -2.18625 -2.35325 -2.60378 -2.64935 -2.2025 -1.7837 -1.5549
13.805 2.16 2.94389 3.35697 4.20847 4.45969 3.80896 3.31571 2.74677 2.07022 1.3308 0.58083 -0.135854 -0.78323 -1.32974 -1.74907 -2.03424 -2.22457 -2.40272 -2.56671 -2.56188 -2.23779 -1.83783 -1.50892
13.855 1.58154 1.98012 2.27293 3.63008 5.33677 4.50942 3.21035 2.59459 2.0229 1.34271 0.604897 -0.115285 -0.764239 -1.30754 -1.72688 -2.02788 -2.24598 -2.42264 -2.54096 -2.50824 -2.25657 -1.88528 -1.49329
13.905 0.318059 0.501219 1.05509 2.56839 5.56667 5.3291 3.98197 2.95074 1.80759 1.22593 0.627984 -0.0424897 -0.693653 -1.25141 -1.68734 -2.0092 -2.24606 -2.4219 -2.52085 -2.4855 -2.27529 -1.93136 -1.51661
13.955 -1.12331 -1.2633 -0.316375 1.59727 5.06871 5.03612 4.46563 4.58154 2.58685 1.03263 0.479793 0.010575 -0.547882 -1.10795 -1.58224 -1.94451 -2.20992 -2.39766 -2.50076 -2.48365 -2.31575 -2.00918 -1.59969
14.005 -2.00617 -2.43407 -1.39622 0.275702 3.80156 4.26867 3.89092 5.43849 4.14683 2.01258 0.780035 -0.129607 -0.544594 -0.964712 -1.41479 -1.81616 -2.12825 -2.3482 -2.47435 -2.48831 -2.36772 -2.10982 -1.72789
14.055 -2.75238 -3.06962 -2.02325 -0.836596 2.13297 3.00382 3.2494 5.27873 4.37873 3.33761 2.69234 0.484169 -0.747538 -1.07341 -1.32773 -1.65686 -1.99017 -2.25821 -2.42901 -2.48635 -2.41681 -2.21408 -1.87513
14.105 -3.54113 -3.45421 -2.41158 -1.46589 0.572262 1.45687 2.33605 4.68131 4.1381 3.29668 4.26107 2.4715 0.031238 -1.01584 -1.48209 -1.64756 -1.86247 -2.1207 -2.3386 -2.45773 -2.45206 -2.31333 -2.03034
14.155 -4.51149 -3.886 -2.79823 -1.86776 -0.32475 0.509377 1.30637 3.55563 3.5276 3.10345 4.47667 3.21989 1.83991 0.682913 -1.19981 -1.89667 -1.97402 -2.05247 -2.21532 -2.37477 -2.44705 -2.39127 -2.18202
14.205 -5.54801 -4.45368 -3.2479 -2.24385 -0.943055 -0.126173 0.517344 2.33799 2.53573 2.62301 4.25687 3.38387 2.32089 2.67701 0.682324 -1.50553 -2.15483 -2.23133 -2.21717 -2.28838 -2.38557 -2.4138 -2.29864
14.255 -6.53991 -5.08625 -3.74916 -2.64522 -1.44795 -0.613845 -0.00407873 1.23943 1.4525 1.94612 3.74563 3.2394 2.5428 3.40713 1.98046 0.251666 -1.09562 -2.31575 -2.50986 -2.40029 -2.35666 -2.37973 -2.34668
14.305 -7.45384 -5.77511 -4.34545 -3.17173 -2.01844 -1.13844 -0.481383 0.492017 0.784904 1.27259 2.90909 2.79131 2.47107 3.5929 2.60409 1.28263 0.833373 -1.07768 -2.52957 -2.72507 -2.56171 -2.40929 -2.34323
14.355 -8.11811 -6.19403 -4.73906 -3.7111 -2.69298 -1.69303 -0.929053 -0.0585769 0.324328 0.66635 2.00309 2.11204 2.17502 3.47447 2.83512 1.89916 2.06917 0.529208 -1.50281 -2.45914 -2.84292 -2.70788 -2.44694
14.405 -8.50193 -6.33413 -4.911 -4.03245 -3.32212 -2.33955 -1.41271 -0.523406 -0.0240236 0.313433 1.165 1.26916 1.70328 3.14917 2.80905 2.23211 2.78657 1.73211 -0.305316 -1.49808 -2.40992 -2.9755 -2.80552
14.455 -8.57036 -6.19081 -4.87177 -4.14312 -3.74355 -2.92076 -1.99987 -1.08895 -0.432695 0.00527676 0.621134 0.649938 1.16798 2.64074 2.57212 2.32793 3.14312 2.49404 0.693801 -0.462807 -1.44066 -2.60635 -3.06566
14.505 -8.30853 -5.77714 -4.6456 -4.09756 -3.96522 -3.2905 -2.50794 -1.76213 -0.964503 -0.371536 0.200305 0.283844 0.685685 1.98858 2.20016 2.27087 3.26353 2.91825 1.41385 0.440645 -0.36218 -1.77852 -2.87219
14.555 -7.75128 -5.13805 -4.26102 -3.9217 -4.02268 -3.47791 -2.81189 -2.33021 -1.64386 -0.898261 -0.183653 0.0237697 0.246656 1.30133 1.73653 2.09907 3.2167 3.10699 1.89989 1.16112 0.624917 -0.759824 -2.25957
14.605 -6.82291 -4.33534 -3.75235 -3.63894 -3.94719 -3.53038 -2.98103 -2.73023 -2.16913 -1.51764 -0.800167 -0.316785 -0.0785771 0.711769 1.20087 1.82821 3.03273 3.11606 2.19788 1.70146 1.43889 0.254145 -1.37736
14.655 -5.62631 -3.44495 -3.15796 -3.26901 -3.75712 -3.47192 -3.04777 -2.98223 -2.51533 -1.96025 -1.44544 -0.951262 -0.511266 0.164827 0.636188 1.49192 2.74886 2.99557 2.35589 2.09139 2.07136 1.15628 -0.385358
14.705 -4.43579 -2.69209 -2.53028 -2.7978 -3.43637 -3.29169 -3.00978 -3.10176 -2.72097 -2.25439 -1.95907 -1.55645 -1.13668 -0.539815 0.0726534 1.0806 2.37563 2.77255 2.40432 2.35495 2.53313 1.89322 0.576422
14.755 -3.30247 -2.14903 -1.93328 -2.2681 -3.03706 -3.01557 -2.87801 -3.1027 -2.80995 -2.43912 -2.32363 -2.00663 -1.67593 -1.29475 -0.671595 0.521842 1.92053 2.46609 2.36692 2.51593 2.84826 2.45697 1.41947
14.805 -2.22886 -1.11252 -0.799386 -1.35956 -2.64505 -2.84111 -2.78005 -3.06989 -2.83547 -2.54792 -2.56791 -2.32406 -2.07606 -1.92855 -1.38558 -0.152858 1.29502 2.05283 2.2377 2.58146 3.03827 2.8657 2.11556
14.855 -1.20459 0.271113 0.587304 -0.0617072 -1.84766 -2.37998 -2.60385 -3.20578 -2.98222 -2.71364 -2.79681 -2.59235 -2.41008 -2.44314 -1.9289 -0.75033 0.557476 1.46502 1.9563 2.52579 3.1126 3.13888 2.6723
14.905 -0.0934537 1.65433 1.72481 1.09505 -0.674758 -1.39586 -1.90474 -3.1622 -3.09422 -2.92918 -3.21223 -2.95403 -2.75896 -2.89 -2.34993 -1.24962 -0.194464 0.759256 1.52854 2.30508 3.03409 3.27403 3.08868
14.955 0.992032 2.58848 2.13194 1.7771 0.643455 -0.087071 -0.819652 -2.50087 -2.75606 -2.79915 -3.55055 -3.31484 -3.0458 -3.33305 -2.80568 -1.78693 -0.966014 0.0201017 1.04245 1.9765 2.81018 3.26646 3.36106
15.005 1.83985 3.37998 2.54935 2.0954 1.51181 1.18228 0.299577 -1.49379 -2.03202 -2.32638 -3.45903 -3.41739 -3.2194 -3.7059 -3.24548 -2.33005 -1.73154 -0.738205 0.4978 1.56256 2.45982 3.10753 3.48655
15.055 2.53665 4.17745 3.06502 2.54062 2.18243 1.74544 0.983196 -0.360579 -1.0463 -1.59245 -2.99865 -3.21318 -3.19375 -3.90127 -3.57169 -2.80665 -2.43782 -1.48503 -0.102297 1.05156 1.98402 2.80244 3.45567
15.105 3.07591 4.88157 3.51805 2.96407 2.74896 2.18985 1.34482 0.437921 -0.0701145 -0.821424 -2.29239 -2.75027 -2.96112 -3.87817 -3.7285 -3.15851 -3.02405 -2.16477 -0.718426 0.47046 1.40587 2.36645 3.27026
15.155 3.32661 5.3979 3.89181 3.30855 3.25638 2.66086 1.7675 1.0637 0.395176 -0.377168 -1.50581 -2.10144 -2.55505 -3.63273 -3.69089 -3.35034 -3.44396 -2.72487 -1.30082 -0.133557 0.772398 1.83805 2.95455
15.205 3.41725 5.6385 4.10474 3.53495 3.67219 3.07864 2.16149 1.58117 0.808145 -0.140602 -1.00152 -1.49609 -2.12912 -3.21193 -3.46891 -3.37535 -3.67441 -3.1307 -1.81073 -0.718699 0.128725 1.25607 2.53608
15.255 3.41708 5.6345 4.15829 3.62604 3.95161 3.37821 2.46115 2.03603 1.23243 0.214696 -0.585166 -1.27469 -1.92867 -2.73246 -3.09917 -3.24825 -3.706 -3.35832 -2.2166 -1.24718 -0.481356 0.660339 2.04523
15.305 3.36683 5.43933 4.0922 3.61309 4.11303 3.57362 2.67247 2.40859 1.59407 0.528898 -0.191798 -0.972505 -1.83319 -2.48151 -2.77751 -3.08292 -3.56822 -3.40209 -2.49458 -1.68226 -1.01204 0.0946365 1.51716
15.355 3.30196 5.13001 3.98564 3.54763 4.17106 3.66915 2.79314 2.68302 1.87084 0.782487 0.168447 -0.657203 -1.58965 -2.2557 -2.72159 -3.03911 -3.34942 -3.28607 -2.64459 -2.00334 -1.42711 -0.400802 0.988343
15.405 3.22264 4.7935 3.97728 3.50924 4.12143 3.66813 2.83873 2.87093 2.07243 0.977977 0.477116 -0.384976 -1.38082 -1.99855 -2.54219 -3.03932 -3.26028 -3.15163 -2.74236 -2.22535 -1.69843 -0.780058 0.508157
15.455 2.99292 4.39693 4.29122 3.74409 3.88895 3.54097 2.81498 2.972 2.19768 1.11272 0.727587 -0.156843 -1.19772 -1.74823 -2.34352 -2.91359 -3.15492 -3.13586 -2.8756 -2.40262 -1.84371 -1.0254 0.110991
15.505 2.72733 4.01249 4.34748 4.20746 4.00194 3.29392 2.71788 2.95057 2.22605 1.18087 0.916715 0.0280799 -1.03813 -1.51305 -2.15657 -2.79717 -3.01743 -3.06641 -2.95447 -2.58917 -1.99487 -1.19152 -0.19053
15.555 2.52541 3.7456 4.27469 4.39294 4.13909 3.46005 2.77495 2.73189 2.11027 1.16337 1.03002 0.159433 -0.909511 -1.298 -1.97752 -2.67668 -2.86488 -2.97381 -3.00381 -2.71483 -2.13076 -1.35996 -0.436483
15.605 2.38073 3.58147 4.20623 4.36356 4.15777 3.7041 3.08381 2.65445 1.84938 1.04558 1.03794 0.215129 -0.825352 -1.11249 -1.81048 -2.55222 -2.70025 -2.86376 -3.03016 -2.80883 -2.23049 -1.50242 -0.655222
15.655 2.28737 3.46945 4.13273 4.32287 4.15776 3.79088 3.34046 2.75284 1.76323 0.930815 0.892375 0.161494 -0.805038 -0.970293 -1.66405 -2.42867 -2.527 -2.73797 -3.03424 -2.87552 -2.29898 -1.61754 -0.851175
15.705 2.23025 3.38951 4.06485 4.2877 4.17208 3.84737 3.38763 2.77526 1.94895 1.03078 0.654709 -0.0269207 -0.869149 -0.889468 -1.55129 -2.31438 -2.35105 -2.59928 -3.01626 -2.91554 -2.34022 -1.70901 -1.02645
15.755 2.19594 3.33196 4.01011 4.25989 4.17955 3.87154 3.3943 2.76678 2.02424 1.26215 0.648573 -0.295092 -1.02545 -0.894433 -1.4916 -2.22349 -2.18312 -2.45402 -2.97814 -2.92944 -2.35562 -1.77756 -1.18069
15.805 2.17561 3.29108 3.96835 4.23666 4.17728 3.87508 3.39035 2.76944 2.07014 1.3532 0.629752 -0.262219 -1.06668 -1.1162 -1.52773 -2.1745 -2.0316 -2.30642 -2.92088 -2.91821 -2.34749 -1.82498 -1.31432
15.855 2.16211 3.261 3.93567 4.21494 4.16777 3.87072 3.38868 2.77758 2.08901 1.35914 0.597287 -0.199852 -0.925671 -1.22351 -1.76011 -2.21484 -1.91201 -2.16653 -2.84899 -2.8841 -2.31733 -1.85074 -1.4241
15.905 2.15248 3.23805 3.90883 4.19387 4.15477 3.86379 3.38711 2.78078 2.08941 1.34509 0.577457 -0.163989 -0.799731 -1.28259 -1.85448 -2.25028 -1.97918 -2.07319 -2.77001 -2.82604 -2.26436 -1.85406 -1.5077
15.955 2.14391 3.21869 3.88524 4.17353 4.14079 3.85588 3.38349 2.77807 2.0832 1.33601 0.576984 -0.143821 -0.780163 -1.32194 -1.81707 -2.19056 -2.08557 -2.14563 -2.71831 -2.74968 -2.18871 -1.83358 -1.56113
16.005 2.1352 3.20098 3.86358 4.15404 4.12663 3.84699 3.37772 2.77251 2.07654 1.33113 0.578834 -0.137548 -0.784327 -1.34213 -1.79103 -2.07471 -2.15482 -2.30424 -2.64845 -2.67889 -2.17594 -1.79358 -1.57038
16.055 2.1521 3.17206 3.77925 4.14377 4.15954 3.82947 3.36368 2.76504 2.07151 1.32815 0.578503 -0.137546 -0.785964 -1.33715 -1.76196 -2.04044 -2.20474 -2.3786 -2.58384 -2.61319 -2.21693 -1.80053 -1.53545
16.105 1.99875 2.58292 2.88239 4.15532 4.84525 3.92082 3.25699 2.70627 2.0626 1.33573 0.586714 -0.131181 -0.777982 -1.32169 -1.73951 -2.03124 -2.23581 -2.41397 -2.55409 -2.53282 -2.2472 -1.86025 -1.49688
16.155 1.10216 1.38727 1.72848 3.07614 5.57943 5.10833 3.33709 2.5431 1.96164 1.33393 0.623543 -0.0927108 -0.744743 -1.2909 -1.71415 -2.02284 -2.24915 -2.42454 -2.5313 -2.49467 -2.26239 -1.90261 -1.49694
16.205 -0.396605 -0.270805 0.510595 2.18316 5.39256 5.20922 4.50243 3.60678 1.83138 1.11671 0.601492 -0.000505725 -0.633765 -1.20043 -1.6519 -1.98826 -2.23519 -2.41401 -2.51201 -2.48226 -2.28955 -1.96016 -1.54444
16.255 -1.55709 -1.87966 -0.866204 1.07974 4.61953 4.72769 4.14911 5.17215 3.46473 1.17436 0.417391 -0.00823812 -0.496265 -1.02975 -1.51315 -1.8966 -2.18025 -2.37903 -2.48993 -2.48527 -2.33773 -2.05143 -1.65176
16.305 -2.33185 -2.76325 -1.72649 -0.30733 3.08995 3.79964 3.65459 5.41948 4.28517 2.88049 1.48366 -0.156692 -0.637989 -0.961466 -1.34902 -1.74351 -2.07444 -2.31511 -2.45777 -2.48858 -2.38954 -2.15506 -1.7903
16.355 -3.0716 -3.23362 -2.18996 -1.15673 1.34083 2.26656 2.8602 5.08861 4.33535 3.35438 3.62297 1.39515 -0.677227 -1.17231 -1.35916 -1.61278 -1.92201 -2.20203 -2.39649 -2.47853 -2.43436 -2.25784 -1.94149
16.405 -3.94658 -3.6305 -2.58416 -1.66519 0.114658 0.976738 1.91766 4.2511 3.91194 3.24096 4.42968 2.89529 0.958953 -0.455412 -1.55351 -1.75067 -1.8667 -2.06638 -2.28201 -2.42784 -2.45658 -2.35176 -2.09869
16.455 -4.96837 -4.12355 -2.98841 -2.03341 -0.622304 0.195281 0.909417 3.03496 3.144 2.92828 4.42496 3.34584 2.12936 1.68594 -0.476608 -1.9061 -2.09846 -2.0975 -2.18639 -2.3286 -2.42503 -2.40913 -2.23907
16.505 -5.99166 -4.72177 -3.45331 -2.40112 -1.15316 -0.330773 0.27541 1.78731 2.00524 2.3268 4.07399 3.36675 2.4661 3.10731 1.37546 -0.768767 -1.88473 -2.35903 -2.32184 -2.29919 -2.35641 -2.40159 -2.32912
16.555 -6.95339 -5.38868 -4.00597 -2.86555 -1.69325 -0.845582 -0.222024 0.875436 1.11594 1.67097 3.42161 3.0718 2.53837 3.53549 2.32143 0.803847 -0.2574 -1.93127 -2.61602 -2.54096 -2.40801 -2.37391 -2.34603
16.605 -7.78014 -5.99694 -4.55024 -3.41559 -2.30332 -1.37418 -0.674395 0.239097 0.570172 0.963462 2.49098 2.52097 2.3685 3.57494 2.7457 1.59494 1.46072 -0.337596 -2.14849 -2.7326 -2.73681 -2.49959 -2.35844
16.655 -8.32288 -6.29096 -4.84302 -3.88599 -2.98408 -1.96775 -1.1359 -0.268223 0.163511 0.490795 1.61912 1.74297 1.98709 3.356 2.85104 2.07688 2.43604 1.11352 -0.969139 -2.07485 -2.74994 -2.87931 -2.57846
16.705 -8.57271 -6.30599 -4.91817 -4.10207 -3.53502 -2.62022 -1.66692 -0.751379 -0.189456 0.184852 0.904666 0.962893 1.45151 2.94493 2.72643 2.29978 2.9819 2.11811 0.168652 -1.03472 -2.01728 -2.88914 -2.96638
16.755 -8.49563 -6.04166 -4.79495 -4.14133 -3.86308 -3.10705 -2.24602 -1.38601 -0.648497 -0.150605 0.425838 0.465361 0.956684 2.36987 2.4219 2.31787 3.21931 2.71444 1.04239 -0.0442694 -0.964148 -2.28102 -3.03797
16.805 -8.0999 -5.52115 -4.49481 -4.03558 -4.00943 -3.39302 -2.66308 -2.03151 -1.26398 -0.583263 0.0493062 0.174153 0.474348 1.67148 2.00644 2.21055 3.26389 3.02813 1.65452 0.781101 0.090441 -1.34028 -2.64619
16.855 -7.38907 -4.80312 -4.0518 -3.81031 -4.00528 -3.51622 -2.9004 -2.52571 -1.89784 -1.17757 -0.435254 -0.105916 0.102027 1.03873 1.50889 1.99004 3.14996 3.12939 2.05059 1.41909 1.00569 -0.305074 -1.89459
16.905 -6.31996 -3.9499 -3.50014 -3.48684 -3.87793 -3.51858 -3.02325 -2.8593 -2.34324 -1.73892 -1.0923 -0.562591 -0.244281 0.473455 0.955314 1.68685 2.91869 3.07727 2.28293 1.89038 1.73937 0.668919 -0.945662
16.955 -5.09592 -3.07855 -2.87329 -3.07638 -3.63471 -3.40987 -3.04549 -3.05124 -2.62159 -2.10456 -1.69092 -1.23684 -0.772441 -0.122747 0.392904 1.32401 2.59676 2.90958 2.38948 2.22168 2.2946 1.50246 0.0484147
17.005 -3.92607 -2.44865 -2.30244 -2.5826 -3.25302 -3.17161 -2.9579 -3.11402 -2.77339 -2.34911 -2.13849 -1.77565 -1.39757 -0.875966 -0.224769 0.855824 2.18385 2.64716 2.39776 2.43781 2.68898 2.16242 0.965196
17.055 -2.82031 -1.7634 -1.49697 -1.95671 -2.89619 -2.9161 -2.82194 -3.08473 -2.8234 -2.49229 -2.44207 -2.15894 -1.86509 -1.59233 -1.00678 0.234007 1.6723 2.2997 2.32302 2.55731 2.94692 2.65473 1.74367
17.105 -1.78061 -0.5258 -0.194744 -0.802044 -2.36617 -2.71609 -2.74106 -3.10362 -2.87009 -2.60279 -2.66227 -2.44216 -2.2268 -2.16599 -1.64581 -0.436325 0.977091 1.82077 2.13929 2.57389 3.08331 3.00166 2.37772
17.155 -0.739448 0.896364 1.15496 0.491834 -1.36373 -2.00114 -2.35852 -3.26638 -3.07809 -2.82939 -2.94293 -2.7351 -2.56697 -2.64517 -2.1178 -0.969872 0.228887 1.16087 1.77776 2.44894 3.1002 3.21521 2.87341
17.205 0.426941 2.12348 1.95531 1.42846 -0.0827864 -0.838992 -1.4555 -2.9308 -3.00143 -2.91889 -3.41819 -3.13441 -2.89104 -3.08411 -2.54465 -1.48039 -0.531584 0.437459 1.32092 2.16968 2.95184 3.28999 3.22591
17.255 1.38363 2.93923 2.30801 1.94939 1.05653 0.504508 -0.303003 -2.08611 -2.47766 -2.62947 -3.55985 -3.39702 -3.14285 -3.5136 -3.00782 -2.02944 -1.30573 -0.311469 0.81138 1.80698 2.67218 3.21507 3.4352
17.305 2.15524 3.7175 2.77401 2.28069 1.84347 1.50336 0.638155 -0.990761 -1.62025 -2.02735 -3.2963 -3.36408 -3.23479 -3.81751 -3.40726 -2.55185 -2.05305 -1.07095 0.239016 1.34901 2.26558 2.99123 3.49268
17.355 2.81079 4.50729 3.26628 2.72686 2.43594 1.94144 1.16728 0.0186489 -0.588048 -1.23548 -2.71052 -3.03771 -3.11597 -3.91916 -3.66386 -2.97957 -2.7136 -1.7955 -0.374157 0.802179 1.74018 2.62522 3.39237
17.405 3.21112 5.14187 3.70062 3.12661 2.9756 2.39185 1.52246 0.745966 0.177466 -0.600508 -1.93349 -2.47864 -2.798 -3.79579 -3.73604 -3.26361 -3.23098 -2.42811 -0.981114 0.205223 1.13168 2.14347 3.14609
17.455 3.38208 5.53626 4.00516 3.42333 3.45267 2.85528 1.94991 1.30036 0.58165 -0.274411 -1.2744 -1.80163 -2.35155 -3.46469 -3.61467 -3.38179 -3.5697 -2.92411 -1.53606 -0.395486 0.48817 1.58666 2.78169
17.505 3.42611 5.66453 4.14668 3.59054 3.81045 3.22274 2.30193 1.78652 0.996392 0.0167665 -0.805471 -1.3921 -2.02485 -2.98354 -3.31454 -3.33261 -3.7115 -3.25361 -2.00401 -0.960745 -0.14671 0.993099 2.3271
17.555 3.39928 5.56834 4.14018 3.6304 4.03566 3.47604 2.56435 2.20987 1.3995 0.358939 -0.407216 -1.13886 -1.90244 -2.62128 -2.92817 -3.16626 -3.66239 -3.39959 -2.35543 -1.45194 -0.727133 0.405232 1.81536
17.605 3.33895 5.3126 4.04416 3.58713 4.1507 3.62746 2.73578 2.54015 1.72447 0.645725 -0.0307111 -0.832909 -1.72573 -2.38252 -2.75618 -3.05237 -3.46326 -3.36325 -2.57292 -1.83764 -1.21131 -0.135263 1.28135
17.655 3.27214 4.98113 3.95775 3.52049 4.16451 3.68104 2.82163 2.77581 1.96843 0.875178 0.309603 -0.534418 -1.49433 -2.1423 -2.6455 -3.05363 -3.31098 -3.21551 -2.68532 -2.10985 -1.56477 -0.584106 0.768435
17.705 3.15111 4.64415 4.07439 3.54853 4.04436 3.63054 2.83726 2.92675 2.13698 1.04422 0.593638 -0.280212 -1.29861 -1.88894 -2.45747 -2.99029 -3.21677 -3.14111 -2.8016 -2.30421 -1.77072 -0.903093 0.32154
17.755 2.86307 4.20988 4.39832 3.93728 3.84705 3.44907 2.78106 2.98007 2.22286 1.15051 0.817875 -0.0703875 -1.12469 -1.64303 -2.26069 -2.86296 -3.09775 -3.11059 -2.91581 -2.48996 -1.91075 -1.1021 -0.030801
17.805 2.63272 3.87534 4.30213 4.36182 4.09875 3.27105 2.70205 2.88835 2.19706 1.18444 0.975751 0.0919514 -0.978404 -1.41667 -2.07764 -2.74553 -2.95269 -3.02879 -2.98028 -2.65122 -2.05716 -1.26522 -0.304003
17.855 2.45504 3.6657 4.2461 4.38025 4.1506 3.61911 2.88455 2.63198 2.01667 1.12567 1.04822 0.193941 -0.866951 -1.2129 -1.90288 -2.62284 -2.79449 -2.92814 -3.01865 -2.75997 -2.17934 -1.42675 -0.535817
17.905 2.33423 3.52699 4.17396 4.3467 4.155 3.74145 3.23796 2.70576 1.7465 0.981563 1.00008 0.208053 -0.807774 -1.04471 -1.74395 -2.49827 -2.62571 -2.81104 -3.03527 -2.84189 -2.26451 -1.55641 -0.744179
17.955 2.25898 3.43115 4.10142 4.30638 4.16457 3.82124 3.37047 2.76814 1.84631 0.948167 0.773052 0.0950344 -0.821826 -0.926065 -1.60954 -2.37692 -2.44999 -2.67892 -3.02959 -2.89697 -2.32099 -1.66118 -0.931226
18.005 2.21312 3.36189 4.0391 4.2747 4.17635 3.86105 3.39391 2.77411 1.99047 1.12968 0.632971 -0.154357 -0.930161 -0.879653 -1.51749 -2.27099 -2.2761 -2.53641 -3.0024 -2.92538 -2.35068 -1.74249 -1.09732
18.055 2.18597 3.31241 3.9904 4.24938 4.17974 3.87469 3.39215 2.76554 2.04791 1.32318 0.646526 -0.323668 -1.06478 -0.963367 -1.49676 -2.19667 -2.11411 -2.38921 -2.95553 -2.92809 -2.35555 -1.80169 -1.24268
18.105 2.16916 3.27683 3.95311 4.22702 4.17375 3.87369 3.38936 2.77293 2.08051 1.36003 0.617598 -0.221351 -1.03252 -1.19263 -1.60207 -2.18033 -1.97561 -2.24387 -2.89111 -2.90628 -2.33738 -1.83958 -1.36623
18.155 2.15757 3.25023 3.92331 4.2056 4.16231 3.86784 3.38815 2.77984 2.09064 1.35244 0.583458 -0.184021 -0.845539 -1.24785 -1.85297 -2.23727 -1.9029 -2.11879 -2.81588 -2.86245 -2.29758 -1.8556 -1.46471
18.205 2.14868 3.22923 3.89816 4.18484 4.14869 3.86043 3.38577 2.78001 2.08679 1.34021 0.575995 -0.153812 -0.786831 -1.30212 -1.8285 -2.24791 -2.04418 -2.07306 -2.74189 -2.79492 -2.2344 -1.84856 -1.53563
18.255 2.14008 3.21072 3.87551 4.16487 4.13461 3.85211 3.38116 2.77573 2.08002 1.33335 0.57784 -0.139868 -0.781813 -1.33612 -1.80901 -2.12455 -2.11802 -2.22851 -2.6956 -2.71461 -2.16427 -1.81953 -1.57324
18.305 2.13113 3.19341 3.85446 4.14573 4.12041 3.84281 3.3747 2.76969 2.07375 1.32925 0.578494 -0.137718 -0.786222 -1.34211 -1.77777 -2.05471 -2.18033 -2.34455 -2.61125 -2.6575 -2.19807 -1.7825 -1.55932
18.355 2.17618 3.01884 3.47454 4.19265 4.37345 3.809 3.32814 2.75235 2.0707 1.32981 0.579877 -0.136624 -0.784269 -1.33174 -1.7519 -2.03537 -2.22085 -2.39854 -2.57044 -2.57187 -2.2341 -1.83045 -1.51384
18.405 1.69242 2.12709 2.41463 3.77222 5.24048 4.3515 3.20773 2.62011 2.03444 1.34179 0.599995 -0.119996 -0.768262 -1.31132 -1.73001 -2.02894 -2.24442 -2.42146 -2.54381 -2.51289 -2.25486 -1.88028 -1.49338
18.455 0.5033 0.705232 1.20313 2.67565 5.59245 5.32523 3.81919 2.81506 1.83558 1.25555 0.630007 -0.0547135 -0.707564 -1.26243 -1.69483 -2.01337 -2.24778 -2.42325 -2.52326 -2.48704 -2.27208 -1.9245 -1.51099
18.505 -0.986996 -1.06252 -0.138285 1.73257 5.16021 5.09334 4.52025 4.38008 2.37237 1.03015 0.507017 0.0125198 -0.565625 -1.12987 -1.5998 -1.95599 -2.2168 -2.40207 -2.50352 -2.48324 -2.30974 -1.99782 -1.58631
18.555 -1.91643 -2.332 -1.29266 0.466405 4.00131 4.3759 3.94298 5.4085 4.05219 1.78511 0.643724 -0.102751 -0.522954 -0.973093 -1.43595 -1.83552 -2.14136 -2.35601 -2.47827 -2.48791 -2.36138 -2.09711 -1.71087
18.605 -2.66189 -3.01402 -1.96884 -0.7343 2.3517 3.19577 3.34718 5.31613 4.36775 3.2932 2.41885 0.280077 -0.736393 -1.04225 -1.3254 -1.67368 -2.00965 -2.27237 -2.43653 -2.48752 -2.41128 -2.20143 -1.8565
18.655 -3.4324 -3.40503 -2.36259 -1.40418 0.721184 1.61467 2.44721 4.78241 4.18857 3.30535 4.17657 2.29272 -0.190753 -1.10641 -1.45021 -1.62729 -1.86992 -2.13867 -2.35326 -2.46398 -2.44915 -2.30157 -2.01075
18.705 -4.3841 -3.82502 -2.74992 -1.82512 -0.237387 0.603816 1.43826 3.70938 3.62124 3.14182 4.47485 3.15859 1.71002 0.40936 -1.34335 -1.87153 -1.94085 -2.04806 -2.22806 -2.3877 -2.45107 -2.38405 -2.16452
18.755 -5.42177 -4.38024 -3.19143 -2.20016 -0.880301 -0.0642402 0.594253 2.49614 2.68126 2.69792 4.29883 3.37844 2.27355 2.51792 0.445101 -1.65972 -2.17362 -2.1933 -2.19979 -2.29339 -2.39504 -2.41491 -2.28725
18.805 -6.42168 -5.00424 -3.68106 -2.58779 -1.38113 -0.549846 0.0576962 1.35136 1.56198 2.02261 3.82474 3.27652 2.53557 3.35665 1.8629 0.0598568 -1.30381 -2.36899 -2.46888 -2.36836 -2.35086 -2.38415 -2.34489
18.855 -7.35146 -5.69913 -4.27697 -3.10323 -1.94376 -1.07416 -0.427021 0.567973 0.849547 1.36524 3.02982 2.85915 2.49153 3.58791 2.5515 1.18435 0.626262 -1.28555 -2.59507 -2.69261 -2.5144 -2.39584 -2.3436
18.905 -8.05131 -6.15798 -4.70318 -3.6518 -2.60782 -1.62015 -0.872305 0.00360008 0.374361 0.724097 2.10973 2.20793 2.22225 3.50186 2.8225 1.83994 1.95082 0.350179 -1.65037 -2.54592 -2.83968 -2.65515 -2.42004
18.955 -8.47102 -6.33246 -4.90224 -4.00698 -3.25234 -2.25601 -1.34758 -0.465041 0.0196711 0.351021 1.25142 1.36262 1.76979 3.20086 2.82526 2.20523 2.72044 1.60882 -0.446642 -1.62777 -2.50381 -2.97328 -2.75317
19.005 -8.57985 -6.22341 -4.88699 -4.13841 -3.70333 -2.86084 -1.92708 -1.01031 -0.376209 0.0469104 0.679932 0.710104 1.22741 2.71154 2.60976 2.32597 3.1147 2.42141 0.586298 -0.585328 -1.5717 -2.68271 -3.05634
19.055 -8.35776 -5.8416 -4.68278 -4.11071 -3.94718 -3.25501 -2.45574 -1.6809 -0.891378 -0.320584 0.248364 0.319747 0.745176 2.07476 2.25118 2.28389 3.25817 2.8799 1.33864 0.338934 -0.492597 -1.89545 -2.92081
19.105 -7.83835 -5.22664 -4.31569 -3.94953 -4.02327 -3.46278 -2.78257 -2.26865 -1.56406 -0.826324 -0.126024 0.0601674 0.291879 1.3778 1.79767 2.12627 3.231 3.09483 1.85137 1.08268 0.512077 -0.888011 -2.3528
19.155 -6.95527 -4.44077 -3.82047 -3.67886 -3.96291 -3.53009 -2.96582 -2.68891 -2.11377 -1.44694 -0.718791 -0.264697 -0.0373895 0.783635 1.26991 1.86552 3.06098 3.12227 2.16916 1.64338 1.34849 0.133811 -1.49486
19.205 -5.77893 -3.55394 -3.23504 -3.31922 -3.7868 -3.48511 -3.04492 -2.95864 -2.48125 -1.91551 -1.37128 -0.86646 -0.448299 0.237931 0.708596 1.53635 2.78789 3.01572 2.34246 2.05043 2.00289 1.05332 -0.508468
19.255 -4.57892 -2.76809 -2.60198 -2.86109 -3.48324 -3.32082 -3.02033 -3.09384 -2.70213 -2.22415 -1.90381 -1.48986 -1.05839 -0.446456 0.147127 1.13787 2.42688 2.80484 2.40316 2.32822 2.4845 1.81186 0.463186
19.305 -3.43842 -2.23086 -2.03246 -2.34183 -3.07872 -3.04738 -2.89512 -3.10665 -2.80409 -2.42175 -2.28657 -1.95982 -1.61881 -1.20609 -0.573332 0.598545 1.9826 2.50874 2.37587 2.50099 2.81638 2.39631 1.32352
19.355 -2.35641 -1.26675 -0.961819 -1.50565 -2.70772 -2.85725 -2.78763 -3.07061 -2.83183 -2.53566 -2.54166 -2.28971 -2.0318 -1.85803 -1.30667 -0.0691556 1.38152 2.11157 2.2599 2.57907 3.02123 2.82275 2.0373
19.405 -1.3323 0.0950957 0.419544 -0.22277 -1.97256 -2.46884 -2.65187 -3.18314 -2.94901 -2.68351 -2.76429 -2.55806 -2.36957 -2.3837 -1.87066 -0.685566 0.649611 1.54704 2.00145 2.54086 3.10973 3.11213 2.61091
19.455 -0.243649 1.49409 1.62444 0.980781 -0.831342 -1.53874 -2.01599 -3.20468 -3.10314 -2.91882 -3.14851 -2.90341 -2.71904 -2.83585 -2.29738 -1.18677 -0.100838 0.848297 1.58472 2.33963 3.05248 3.26465 3.0451
19.505 0.876843 2.49274 2.09379 1.70728 0.497737 -0.251815 -0.961634 -2.60509 -2.82071 -2.835 -3.53347 -3.2819 -3.01392 -3.27934 -2.74801 -1.71889 -0.870468 0.112356 1.10506 2.02089 2.84458 3.27574 3.33506
19.555 1.74539 3.28601 2.4959 2.06101 1.41125 1.0508 0.181654 -1.62749 -2.13687 -2.40017 -3.49139 -3.42111 -3.2075 -3.66794 -3.19582 -2.26531 -1.63918 -0.644423 0.568428 1.61898 2.50987 3.13502 3.47929
19.605 2.45485 4.07457 3.00539 2.48874 2.11246 1.69595 0.915366 -0.489322 -1.17371 -1.69041 -3.07092 -3.25331 -3.20812 -3.88844 -3.53977 -2.75365 -2.35616 -1.39552 -0.0265521 1.11906 2.04882 2.84753 3.46792
19.655 3.0299 4.80139 3.46222 2.91401 2.68315 2.13648 1.30503 0.347994 -0.169149 -0.901988 -2.38785 -2.81841 -2.99981 -3.89298 -3.7193 -3.12328 -2.96013 -2.08667 -0.643499 0.544134 1.48094 2.42586 3.30059
19.705 3.30636 5.34975 3.85435 3.27165 3.19705 2.60345 1.71499 0.997689 0.348689 -0.418909 -1.59004 -2.18512 -2.61016 -3.67325 -3.70557 -3.33556 -3.40204 -2.66359 -1.23229 -0.0594087 0.851803 1.90673 2.99944
19.755 3.4126 5.6232 4.08749 3.51424 3.62783 3.0331 2.11816 1.52201 0.758707 -0.174216 -1.06003 -1.54997 -2.17077 -3.27053 -3.50527 -3.38098 -3.65663 -3.08988 -1.75292 -0.648941 0.207047 1.32927 2.59209
19.805 3.42099 5.64693 4.15958 3.62142 3.92395 3.34693 2.42857 1.98371 1.18288 0.173352 -0.632673 -1.30452 -1.94511 -2.77884 -3.14663 -3.26857 -3.71176 -3.3401 -2.17314 -1.18655 -0.409746 0.732829 2.10827
19.855 3.37483 5.47144 4.10466 3.6188 4.09895 3.55496 2.65133 2.36774 1.55388 0.493728 -0.237426 -1.00861 -1.85394 -2.51212 -2.80056 -3.09727 -3.59209 -3.40609 -2.46752 -1.63461 -0.952314 0.161245 1.5829
19.905 3.3105 5.17145 3.9973 3.55643 4.16935 3.66259 2.78267 2.65402 1.84072 0.754076 0.126468 -0.693682 -1.61679 -2.28468 -2.73551 -3.03957 -3.36858 -3.30393 -2.63057 -1.96971 -1.38349 -0.345466 1.05151
19.955 3.2362 4.83429 3.96546 3.50808 4.13505 3.67399 2.83685 2.8524 2.05174 0.957222 0.442212 -0.416087 -1.40482 -2.02923 -2.5643 -3.04719 -3.27264 -3.16092 -2.72793 -2.20124 -1.67289 -0.740687 0.563184
