0 0.75376 0.896755 -0.873027 -0.793585 0.51331 0.00809125 5.5096 5.95883 0.263311 0.282566 7.56655 5.04046 4.00536 3.28918 1.64119 0.568178 5.7672 5.4461 
1 0.541053 0.686444 -0.694349 0.681727 0.152069 -0.938919 4.84136 5.29812 0.619775 0.872691 5.76035 0.305405 4.39308 3.14058 1.72769 0.579518 5.84637 5.67487 
2 0.745308 0.288044 -0.640892 1 1 0.149333 5.48305 4.04651 0.72642 1 10 5.74666 4.29947 2.91329 1.57499 0.641838 5.56773 6.01111 
3 0.745308 0.288044 -0.640892 1 1 0.149333 5.48305 4.04651 0.72642 1 10 5.74666 4.47136 3.12506 1.51282 0.66199 5.29519 5.97537 
4 0.745308 0.288044 -0.640892 1 1 0.149333 5.48305 4.04651 0.72642 1 10 5.74666 4.69901 3.55026 1.32469 0.725557 5.91052 5.56175 
5 0.478062 -0.278893 -0.689634 0.310852 -0.358729 -0.628745 4.64347 2.26542 0.62918 0.724341 3.20635 1.85627 4.86272 3.43775 1.31484 0.723852 5.07971 5.06667 
6 0.478062 -0.278893 -0.689634 0.310852 -0.358729 -0.628745 4.64347 2.26542 0.62918 0.724341 3.20635 1.85627 4.6458 3.59041 1.20019 0.721705 5.34105 4.98365 
7 0.85977 0.219007 -0.693063 0.682742 -0.604607 0.149333 5.84264 3.82962 0.622339 0.873097 1.97697 5.74666 4.38852 3.33712 1.45952 0.690938 4.31553 4.36682 
8 0.85977 0.219007 -0.693063 0.682742 -0.604607 0.149333 5.84264 3.82962 0.622339 0.873097 1.97697 5.74666 4.49076 3.63119 1.39045 0.735904 4.8383 4.97453 
9 0.972566 0.399245 -0.862217 0.914406 -0.427839 -0.0721071 6.197 4.39586 0.284878 0.965763 2.86081 4.63946 4.73028 3.53995 1.58507 0.739038 4.69692 4.9975 
10 0.972566 0.399245 -0.862217 0.914406 -0.427839 -0.0721071 6.197 4.39586 0.284878 0.965763 2.86081 4.63946 4.98365 3.35599 1.41454 0.842413 4.01432 4.95958 
11 0.972566 0.399245 -0.862217 0.914406 -0.427839 -0.0721071 6.197 4.39586 0.284878 0.965763 2.86081 4.63946 5.08772 3.22539 1.20669 0.837986 4.42177 4.88072 
12 0.972566 0.399245 -0.862217 0.914406 -0.427839 -0.0721071 6.197 4.39586 0.284878 0.965763 2.86081 4.63946 5.2097 3.34892 1.07397 0.841018 4.09242 4.82169 
13 0.972566 0.399245 -0.862217 0.914406 -0.427839 -0.0721071 6.197 4.39586 0.284878 0.965763 2.86081 4.63946 5.34864 3.40536 0.857468 0.830846 3.69858 4.80129 
14 0.972566 0.399245 -0.862217 0.914406 -0.427839 -0.0721071 6.197 4.39586 0.284878 0.965763 2.86081 4.63946 5.34243 3.49373 0.790782 0.846969 3.50919 4.84531 
15 0.753153 0.282286 -0.79657 0.841384 -0.567821 -0.331673 5.50769 4.02842 0.415844 0.936554 2.1609 3.34164 5.07255 3.02489 0.926022 0.847735 3.4364 5.00586 
16 0.757975 0.319036 -0.759682 0.785128 -0.541608 -0.350791 5.52284 4.14387 0.489434 0.914051 2.29196 3.24605 4.99755 3.37514 0.781338 0.856301 4.08131 4.99566 
17 0.927627 0.0959453 -0.809601 0.61959 -0.327235 -0.478841 6.05582 3.44301 0.389846 0.847836 3.36383 2.60579 4.96755 3.29037 0.935651 0.870771 3.78933 4.90163 
18 0.740337 0.462717 -0.77567 0.867143 -0.484926 -0.438437 5.46743 4.59526 0.457539 0.946857 2.57537 2.80781 5.1903 3.32093 1.21537 0.872823 3.81737 4.16601 
19 0.740337 0.462717 -0.77567 0.867143 -0.484926 -0.438437 5.46743 4.59526 0.457539 0.946857 2.57537 2.80781 5.16724 3.28874 1.36964 0.871823 3.39817 3.87598 
20 0.891151 0.13901 -0.763296 0.998814 -0.220708 -0.399871 5.94123 3.57831 0.482224 0.999526 3.89646 3.00064 5.32083 3.70154 1.27529 0.900042 3.1573 3.72641 
21 0.891151 0.0136627 -0.763296 0.998814 -0.087079 -0.26505 5.94123 3.18452 0.482224 0.999526 4.56461 3.67475 5.34004 3.86122 0.907842 0.92677 2.59347 3.71495 
22 0.891151 0.13901 -0.763296 0.998814 -0.220708 -0.26505 5.94123 3.57831 0.482224 0.999526 3.89646 3.67475 5.42605 3.78474 0.919071 0.898941 2.62519 3.60709 
23 0.891151 0.13901 -0.763296 0.998814 -0.220708 -0.26505 5.94123 3.57831 0.482224 0.999526 3.89646 3.67475 5.44159 3.86374 0.888146 0.884932 2.42332 3.64023 
24 0.891151 0.13901 -0.763296 0.998814 -0.220708 -0.26505 5.94123 3.57831 0.482224 0.999526 3.89646 3.67475 5.29429 3.8236 1.07517 0.861914 2.87372 3.6732 
25 0.891151 0.13901 -0.763296 0.998814 -0.220708 -0.26505 5.94123 3.57831 0.482224 0.999526 3.89646 3.67475 5.44171 3.89169 1.04145 0.872537 3.30518 4.05137 
26 0.891151 0.13901 -0.763296 0.998814 -0.220708 -0.26505 5.94123 3.57831 0.482224 0.999526 3.89646 3.67475 5.57247 3.94159 0.768822 0.884004 3.2311 4.03429 
27 0.891151 0.13901 -0.763296 0.998814 -0.220708 -0.26505 5.94123 3.57831 0.482224 0.999526 3.89646 3.67475 5.52989 3.99317 0.618554 0.898051 2.77658 4.11493 
28 0.891151 0.13901 -0.763296 0.998814 -0.220708 -0.26505 5.94123 3.57831 0.482224 0.999526 3.89646 3.67475 5.58112 3.9467 0.670264 0.890175 2.70743 4.31886 
29 0.891151 0.13901 -0.763296 0.998814 -0.220708 -0.26505 5.94123 3.57831 0.482224 0.999526 3.89646 3.67475 5.49501 3.82609 0.677009 0.900877 2.84441 3.57465 
30 0.891151 0.13901 -0.763296 0.998814 -0.220708 -0.26505 5.94123 3.57831 0.482224 0.999526 3.89646 3.67475 5.50101 3.92207 0.555132 0.889961 2.56035 3.83128 
31 0.891151 0.13901 -0.763296 0.998814 -0.220708 -0.26505 5.94123 3.57831 0.482224 0.999526 3.89646 3.67475 5.43883 3.89025 0.558724 0.923158 2.67708 3.55309 
32 0.891151 0.13901 -0.763296 0.998814 -0.220708 -0.26505 5.94123 3.57831 0.482224 0.999526 3.89646 3.67475 5.35151 3.88439 0.590119 0.937789 2.63916 3.35271 
33 0.891151 0.13901 -0.763296 0.998814 -0.220708 -0.26505 5.94123 3.57831 0.482224 0.999526 3.89646 3.67475 5.49135 4.11657 0.518974 0.932889 2.95989 3.18703 
34 0.891151 0.13901 -0.763296 0.998814 -0.220708 -0.26505 5.94123 3.57831 0.482224 0.999526 3.89646 3.67475 5.52137 4.03452 0.51116 0.938862 2.63669 3.40535 
35 0.891151 0.13901 -0.763296 0.998814 -0.220708 -0.26505 5.94123 3.57831 0.482224 0.999526 3.89646 3.67475 5.52811 3.84274 0.489628 0.9417 2.45086 2.92954 
36 0.891151 0.13901 -0.763296 0.998814 -0.220708 -0.26505 5.94123 3.57831 0.482224 0.999526 3.89646 3.67475 5.50682 3.60462 0.472733 0.929945 2.26264 2.78248 
37 0.855796 0.170797 -0.767427 0.96525 -0.213123 -0.288284 5.83015 3.67817 0.473984 0.9861 3.93439 3.55858 5.36768 3.82614 0.49287 0.918281 2.42617 2.76654 
38 0.855796 0.170797 -0.767427 0.96525 -0.213123 -0.288284 5.83015 3.67817 0.473984 0.9861 3.93439 3.55858 5.46249 3.92854 0.488014 0.925187 2.42123 2.33709 
39 0.855796 0.170797 -0.767427 0.96525 -0.213123 -0.288284 5.83015 3.67817 0.473984 0.9861 3.93439 3.55858 5.43148 4.01347 0.570707 0.941591 2.57395 2.36988 
40 0.855796 0.170797 -0.767427 0.96525 -0.213123 -0.288284 5.83015 3.67817 0.473984 0.9861 3.93439 3.55858 5.53712 3.90622 0.447833 0.96956 2.60263 2.52072 
41 0.855796 0.170797 -0.767427 0.96525 -0.213123 -0.288284 5.83015 3.67817 0.473984 0.9861 3.93439 3.55858 5.3374 3.79829 0.574569 0.954436 2.94184 3.17747 
42 0.855796 0.170797 -0.767427 0.96525 -0.213123 -0.288284 5.83015 3.67817 0.473984 0.9861 3.93439 3.55858 5.35296 3.87343 0.614902 0.960604 2.83022 2.83691 
43 0.85777 0.173855 -0.769474 0.9588 -0.216276 -0.289892 5.83636 3.68778 0.4699 0.98352 3.91862 3.55054 5.23084 3.77368 0.66675 0.955132 2.86314 3.03683 
44 0.85777 0.173855 -0.769474 0.9588 -0.216276 -0.289892 5.83636 3.68778 0.4699 0.98352 3.91862 3.55054 5.37654 3.81832 0.689412 0.960021 3.01584 3.00212 
45 0.85777 0.173855 -0.769474 0.9588 -0.216276 -0.289892 5.83636 3.68778 0.4699 0.98352 3.91862 3.55054 5.18839 3.58233 0.776705 0.963572 3.33548 3.49441 
46 0.85777 0.173855 -0.769474 0.9588 -0.216276 -0.289892 5.83636 3.68778 0.4699 0.98352 3.91862 3.55054 4.99817 3.81582 0.757961 0.971591 3.21783 3.16947 
47 0.85777 0.173855 -0.769474 0.9588 -0.216276 -0.289892 5.83636 3.68778 0.4699 0.98352 3.91862 3.55054 4.99925 3.68415 0.806518 0.962865 3.37551 3.0631 
48 0.896363 0.128899 -0.784473 1 -0.371698 -0.338026 5.9576 3.54654 0.439977 1 3.14151 3.30987 5.20671 3.484 0.778039 0.969514 3.40828 3.40147 
49 0.896363 0.128899 -0.784473 1 -0.371698 -0.338026 5.9576 3.54654 0.439977 1 3.14151 3.30987 5.09855 3.58487 0.75341 0.973403 3.377 3.18391 
50 0.896363 0.128899 -0.784473 1 -0.371698 -0.338026 5.9576 3.54654 0.439977 1 3.14151 3.30987 4.98168 3.40395 0.780092 0.964671 3.20523 3.6049 
51 0.896363 0.128899 -0.784473 1 -0.371698 -0.338026 5.9576 3.54654 0.439977 1 3.14151 3.30987 5.15802 3.63652 0.796159 0.97085 2.8539 3.21998 
52 0.896363 0.128899 -0.784473 1 -0.371698 -0.338026 5.9576 3.54654 0.439977 1 3.14151 3.30987 5.05471 3.48946 0.750823 0.969248 2.75543 3.27879 
53 0.896363 0.128899 -0.784473 1 -0.371698 -0.338026 5.9576 3.54654 0.439977 1 3.14151 3.30987 5.09142 3.57372 0.813869 0.954341 2.16342 3.52676 
54 0.896363 0.128899 -0.784473 1 -0.371698 -0.338026 5.9576 3.54654 0.439977 1 3.14151 3.30987 5.05255 3.61581 0.839863 0.945383 2.46612 3.59853 
55 0.896363 0.128899 -0.784473 1 -0.371698 -0.338026 5.9576 3.54654 0.439977 1 3.14151 3.30987 5.1553 3.52164 0.710116 0.941581 2.45906 3.63389 
56 0.896363 0.128899 -0.784473 1 -0.371698 -0.338026 5.9576 3.54654 0.439977 1 3.14151 3.30987 5.20118 3.52118 0.820432 0.931131 2.56614 3.55732 
57 0.896363 0.128899 -0.784473 1 -0.371698 -0.338026 5.9576 3.54654 0.439977 1 3.14151 3.30987 5.353 3.57582 0.927733 0.925438 2.73462 3.21383 
58 0.896363 0.128899 -0.784473 1 -0.371698 -0.338026 5.9576 3.54654 0.439977 1 3.14151 3.30987 5.30987 3.61655 0.993708 0.913881 2.87217 3.66151 
59 0.896363 0.128899 -0.784473 1 -0.371698 -0.338026 5.9576 3.54654 0.439977 1 3.14151 3.30987 5.23017 3.51272 1.01889 0.911552 3.0489 3.66025 
60 0.896363 0.128899 -0.784473 1 -0.371698 -0.338026 5.9576 3.54654 0.439977 1 3.14151 3.30987 5.16036 3.72055 0.841491 0.907776 2.84998 3.80014 
61 0.896363 0.128899 -0.784473 1 -0.371698 -0.338026 5.9576 3.54654 0.439977 1 3.14151 3.30987 5.12622 3.662 0.803212 0.908915 2.94649 4.1354 
62 0.896363 0.128899 -0.784473 1 -0.371698 -0.338026 5.9576 3.54654 0.439977 1 3.14151 3.30987 5.09311 3.5628 0.915112 0.911536 2.93401 4.17219 
63 0.896363 0.128899 -0.784473 1 -0.371698 -0.338026 5.9576 3.54654 0.439977 1 3.14151 3.30987 5.29618 3.74656 0.783705 0.908509 2.86039 4.20994 
64 0.896363 0.128899 -0.784473 1 -0.371698 -0.338026 5.9576 3.54654 0.439977 1 3.14151 3.30987 5.36873 3.51125 0.715013 0.908322 2.79879 4.3476 
65 0.896363 0.128899 -0.784473 0.99144 -0.371698 -0.338026 5.9576 3.54654 0.439977 0.996576 3.14151 3.30987 5.32602 3.65065 0.805354 0.919381 2.96457 4.45376 
66 0.896363 0.128899 -0.784473 0.99144 -0.371698 -0.338026 5.9576 3.54654 0.439977 0.996576 3.14151 3.30987 5.52125 3.42147 0.653794 0.927686 3.09166 4.20902 
67 0.905552 0.531274 -0.782932 0.99144 -0.630986 -0.329359 5.98647 4.81064 0.443052 0.996576 1.84507 3.3532 5.37588 3.37369 0.595899 0.929633 3.02086 4.14454 
68 0.905552 0.531274 -0.782932 0.99144 -0.630986 -0.329359 5.98647 4.81064 0.443052 0.996576 1.84507 3.3532 5.40793 3.45994 0.590604 0.914389 2.77912 3.95322 
69 0.905552 0.531274 -0.782932 0.99144 -0.630986 -0.329359 5.98647 4.81064 0.443052 0.996576 1.84507 3.3532 5.48548 3.57458 0.476347 0.920506 2.10054 3.80193 
70 0.905552 0.531274 -0.782932 0.99144 -0.630986 -0.329359 5.98647 4.81064 0.443052 0.996576 1.84507 3.3532 5.51815 3.66628 0.329823 0.93582 1.79544 3.70143 
71 0.905552 0.531274 -0.782932 0.99144 -0.630986 -0.329359 5.98647 4.81064 0.443052 0.996576 1.84507 3.3532 5.34235 3.69035 0.386281 0.927302 1.97394 3.96547 
72 0.905552 0.531274 -0.782932 0.99144 -0.630986 -0.329359 5.98647 4.81064 0.443052 0.996576 1.84507 3.3532 5.36967 3.81649 0.389129 0.929679 2.12044 3.5102 
73 0.907527 0.534332 -0.784979 0.984991 -0.634139 -0.330967 5.99267 4.82025 0.438967 0.993996 1.8293 3.34516 5.39494 3.90378 0.427472 0.952118 2.3755 3.7771 
74 0.907527 0.534332 -0.784979 0.984991 -0.634139 -0.330967 5.99267 4.82025 0.438967 0.993996 1.8293 3.34516 5.47992 4.0618 0.451265 0.953837 2.70589 3.73467 
75 0.907527 0.534332 -0.784979 0.984991 -0.634139 -0.330967 5.99267 4.82025 0.438967 0.993996 1.8293 3.34516 5.43961 3.94422 0.432351 0.952307 2.46968 3.45087 
76 0.907527 0.534332 -0.784979 0.984991 -0.634139 -0.330967 5.99267 4.82025 0.438967 0.993996 1.8293 3.34516 5.54717 4.00882 0.406736 0.95892 2.53631 3.32664 
77 0.907527 0.534332 -0.784979 0.984991 -0.634139 -0.330967 5.99267 4.82025 0.438967 0.993996 1.8293 3.34516 5.41184 3.83901 0.398419 0.947791 2.63186 2.90177 
78 0.907527 0.534332 -0.784979 0.984991 -0.634139 -0.330967 5.99267 4.82025 0.438967 0.993996 1.8293 3.34516 5.46329 3.95628 0.414183 0.958451 2.45952 3.40322 
79 0.907527 0.534332 -0.784979 0.984991 -0.634139 -0.330967 5.99267 4.82025 0.438967 0.993996 1.8293 3.34516 5.29875 4.04815 0.381592 0.967929 2.45333 3.77185 
80 0.907527 0.534332 -0.784979 0.984991 -0.634139 -0.330967 5.99267 4.82025 0.438967 0.993996 1.8293 3.34516 5.52313 3.86356 0.397694 0.961753 2.20486 3.92011 
81 0.907527 0.534332 -0.784979 0.984991 -0.634139 -0.330967 5.99267 4.82025 0.438967 0.993996 1.8293 3.34516 5.46149 3.7797 0.413629 0.95852 3.03394 4.06899 
82 0.907527 0.534332 -0.784979 0.984991 -0.634139 -0.330967 5.99267 4.82025 0.438967 0.993996 1.8293 3.34516 5.49225 3.49943 0.467146 0.942985 2.56887 3.97721 
83 0.907527 0.534332 -0.784979 0.984991 -0.634139 -0.330967 5.99267 4.82025 0.438967 0.993996 1.8293 3.34516 5.37633 3.59035 0.510707 0.961053 1.9056 4.1439 
84 0.907527 0.534332 -0.784979 0.984991 -0.634139 -0.330967 5.99267 4.82025 0.438967 0.993996 1.8293 3.34516 5.43403 3.88546 0.542973 0.966712 1.84476 4.11017 
85 0.907527 0.534332 -0.784979 0.984991 -0.634139 -0.330967 5.99267 4.82025 0.438967 0.993996 1.8293 3.34516 5.41488 4.03533 0.508995 0.959693 1.98718 4.2777 
86 0.907527 0.534332 -0.784979 0.984991 -0.634139 -0.330967 5.99267 4.82025 0.438967 0.993996 1.8293 3.34516 5.48441 4.2849 0.587148 0.948174 1.65218 4.64619 
87 0.907527 0.534332 -0.784979 0.984991 -0.634139 -0.330967 5.99267 4.82025 0.438967 0.993996 1.8293 3.34516 5.4434 4.39126 0.597187 0.953609 1.64995 4.46348 
88 0.907527 0.534332 -0.784979 0.984991 -0.634139 -0.330967 5.99267 4.82025 0.438967 0.993996 1.8293 3.34516 5.48024 4.57081 0.641312 0.947873 1.78862 4.18665 
89 0.907527 0.534332 -0.784979 0.984991 -0.634139 -0.330967 5.99267 4.82025 0.438967 0.993996 1.8293 3.34516 5.65703 4.47287 0.614013 0.946954 1.67831 4.10604 
90 0.907527 0.534332 -0.784979 0.984991 -0.634139 -0.330967 5.99267 4.82025 0.438967 0.993996 1.8293 3.34516 5.82189 4.67885 0.52628 0.953598 1.49882 4.2006 
91 0.907527 0.534332 -0.784979 0.984991 -0.634139 -0.330967 5.99267 4.82025 0.438967 0.993996 1.8293 3.34516 5.68465 4.47692 0.354772 0.956905 1.63498 4.1188 
92 0.907527 0.534332 -0.784979 0.984991 -0.634139 -0.330967 5.99267 4.82025 0.438967 0.993996 1.8293 3.34516 5.53002 4.63173 0.234767 0.953041 1.6414 4.31706 
93 0.907527 0.534332 -0.784979 0.984991 -0.634139 -0.330967 5.99267 4.82025 0.438967 0.993996 1.8293 3.34516 5.75948 4.49512 0.258273 0.940773 1.71468 3.97058 
94 0.907527 0.534332 -0.784979 0.984991 -0.634139 -0.330967 5.99267 4.82025 0.438967 0.993996 1.8293 3.34516 5.80438 4.41177 0.285115 0.943324 1.89861 3.59482 
95 0.907527 0.534332 -0.784979 0.984991 -0.634139 -0.330967 5.99267 4.82025 0.438967 0.993996 1.8293 3.34516 5.78559 4.54921 0.341618 0.918046 1.84655 3.52498 
96 0.907527 0.534332 -0.784979 0.984991 -0.634139 -0.330967 5.99267 4.82025 0.438967 0.993996 1.8293 3.34516 5.81588 4.53243 0.354723 0.939168 2.01475 3.72274 
97 0.907527 0.534332 -0.784979 0.984991 -0.634139 -0.330967 5.99267 4.82025 0.438967 0.993996 1.8293 3.34516 5.79548 4.60135 0.411279 0.936138 1.98743 4.1427 
98 0.907527 0.534332 -0.784979 0.984991 -0.634139 -0.330967 5.99267 4.82025 0.438967 0.993996 1.8293 3.34516 5.88825 4.6478 0.360789 0.931363 2.0613 4.23659 
99 0.907527 0.534332 -0.784979 0.984991 -0.634139 -0.330967 5.99267 4.82025 0.438967 0.993996 1.8293 3.34516 5.79617 4.69012 0.472568 0.928379 2.39899 4.15013 
100 0.907527 0.534332 -0.784979 0.984991 -0.634139 -0.330967 5.99267 4.82025 0.438967 0.993996 1.8293 3.34516 5.7892 4.61662 0.434628 0.927942 2.56292 3.92941 
101 0.907527 0.534332 -0.784979 0.984991 -0.634139 -0.330967 5.99267 4.82025 0.438967 0.993996 1.8293 3.34516 5.82394 4.68291 0.477225 0.951145 2.20297 3.93657 
102 0.907527 0.534332 -0.784979 0.984991 -0.634139 -0.330967 5.99267 4.82025 0.438967 0.993996 1.8293 3.34516 5.75034 4.61618 0.454051 0.940143 2.18201 3.65739 
103 0.907527 0.534332 -0.784979 0.984991 -0.634139 -0.330967 5.99267 4.82025 0.438967 0.993996 1.8293 3.34516 5.76455 4.47846 0.502318 0.928667 2.03573 3.67819 
104 0.907527 0.534332 -0.784979 0.984991 -0.634139 -0.330967 5.99267 4.82025 0.438967 0.993996 1.8293 3.34516 5.69196 4.64977 0.631388 0.941817 2.15416 3.84005 
105 0.907527 0.534332 -0.784979 0.984991 -0.634139 -0.330967 5.99267 4.82025 0.438967 0.993996 1.8293 3.34516 5.78265 4.67298 0.65674 0.942307 2.26471 3.8396 
106 0.907527 0.534332 -0.784979 0.984991 -0.634139 -0.330967 5.99267 4.82025 0.438967 0.993996 1.8293 3.34516 5.62299 4.8301 0.517908 0.929761 2.316 4.16361 
107 0.907527 0.534332 -0.784979 0.984991 -0.634139 -0.330967 5.99267 4.82025 0.438967 0.993996 1.8293 3.34516 5.84794 5.01593 0.439802 0.947255 2.3889 4.16852 
108 0.907527 0.534332 -0.784979 0.984991 -0.634139 -0.330967 5.99267 4.82025 0.438967 0.993996 1.8293 3.34516 5.87691 4.91586 0.41389 0.944456 2.43412 4.21829 
109 0.907527 0.534332 -0.784979 0.984991 -0.634139 -0.330967 5.99267 4.82025 0.438967 0.993996 1.8293 3.34516 5.93215 5.04305 0.563401 0.96745 2.63453 4.1868 
110 0.907527 0.534332 -0.784979 0.984991 -0.634139 -0.330967 5.99267 4.82025 0.438967 0.993996 1.8293 3.34516 5.91795 5.26286 0.541303 0.984921 2.89532 4.31463 
111 0.907527 0.534332 -0.784979 0.984991 -0.634139 -0.330967 5.99267 4.82025 0.438967 0.993996 1.8293 3.34516 6.01091 5.18614 0.543209 0.986769 2.89712 4.13099 
112 0.907527 0.534332 -0.784979 0.984991 -0.634139 -0.330967 5.99267 4.82025 0.438967 0.993996 1.8293 3.34516 5.87547 5.0012 0.468892 0.980382 3.56587 4.61313 
113 0.907527 0.534332 -0.784979 0.984991 -0.634139 -0.330967 5.99267 4.82025 0.438967 0.993996 1.8293 3.34516 5.97272 4.76529 0.486717 0.96784 3.14525 4.27048 
114 0.907527 0.534332 -0.784979 0.984991 -0.634139 -0.330967 5.99267 4.82025 0.438967 0.993996 1.8293 3.34516 5.90934 4.78785 0.534012 0.93768 2.94704 4.23346 
115 0.907527 0.534332 -0.784979 0.984991 -0.634139 -0.330967 5.99267 4.82025 0.438967 0.993996 1.8293 3.34516 5.75973 4.73783 0.601307 0.926612 2.91906 4.01595 
116 0.907527 0.534332 -0.784979 0.984991 -0.634139 -0.330967 5.99267 4.82025 0.438967 0.993996 1.8293 3.34516 5.91371 4.84999 0.49458 0.933168 2.94158 4.11428 
117 0.907527 0.534332 -0.784979 0.984991 -0.634139 -0.330967 5.99267 4.82025 0.438967 0.993996 1.8293 3.34516 5.90337 4.86559 0.442278 0.904988 3.09234 3.93573 
118 0.907527 0.534332 -0.784979 0.984991 -0.634139 -0.330967 5.99267 4.82025 0.438967 0.993996 1.8293 3.34516 5.84992 4.58325 0.412573 0.89045 1.98525 3.45245 
119 0.907527 0.534332 -0.784979 0.984991 -0.634139 -0.330967 5.99267 4.82025 0.438967 0.993996 1.8293 3.34516 5.81312 4.49825 0.453897 0.879296 2.01557 3.51564 
120 0.907527 0.534332 -0.784979 0.984991 -0.634139 -0.330967 5.99267 4.82025 0.438967 0.993996 1.8293 3.34516 5.85458 4.62842 0.491118 0.901258 1.8302 3.43541 
121 0.907527 0.534332 -0.784979 0.984991 -0.634139 -0.330967 5.99267 4.82025 0.438967 0.993996 1.8293 3.34516 5.82641 4.70862 0.542631 0.907353 2.35463 3.08902 
122 0.907527 0.534332 -0.784979 0.984991 -0.634139 -0.330967 5.99267 4.82025 0.438967 0.993996 1.8293 3.34516 5.6856 4.52378 0.557313 0.880016 2.29456 2.99698 
123 0.907527 0.534332 -0.784979 0.984991 -0.634139 -0.330967 5.99267 4.82025 0.438967 0.993996 1.8293 3.34516 5.72676 4.37028 0.647693 0.877206 2.14768 3.0096 
124 0.907527 0.534332 -0.784979 0.984991 -0.634139 -0.330967 5.99267 4.82025 0.438967 0.993996 1.8293 3.34516 5.7975 4.49831 0.674132 0.846357 2.14275 2.86809 
125 0.907527 0.534332 -0.784979 0.984991 -0.634139 -0.330967 5.99267 4.82025 0.438967 0.993996 1.8293 3.34516 5.77904 4.36894 0.766712 0.900089 2.49376 3.30277 
126 0.907527 0.534332 -0.784979 0.984991 -0.634139 -0.330967 5.99267 4.82025 0.438967 0.993996 1.8293 3.34516 5.77053 3.98994 0.820583 0.888487 2.42005 3.85872 
127 0.907527 0.534332 -0.784979 0.984991 -0.634139 -0.330967 5.99267 4.82025 0.438967 0.993996 1.8293 3.34516 5.83948 3.98664 0.840161 0.879136 2.2882 3.9519 
128 0.907527 0.534332 -0.784979 0.984991 -0.634139 -0.330967 5.99267 4.82025 0.438967 0.993996 1.8293 3.34516 5.97461 3.58178 0.783184 0.868619 2.20058 4.47186 
129 0.907527 0.534332 -0.784979 0.984991 -0.634139 -0.330967 5.99267 4.82025 0.438967 0.993996 1.8293 3.34516 6.01533 3.55671 0.609627 0.903421 2.3633 4.6374 
130 0.907527 0.534332 -0.784979 0.984991 -0.634139 -0.330967 5.99267 4.82025 0.438967 0.993996 1.8293 3.34516 5.98926 3.04118 0.613566 0.895849 2.54239 4.7554 
131 0.907527 0.534332 -0.784979 0.984991 -0.634139 -0.330967 5.99267 4.82025 0.438967 0.993996 1.8293 3.34516 6.02472 2.3955 0.676675 0.870312 2.91326 4.86513 
132 0.907527 0.534332 -0.784979 0.984991 -0.634139 -0.330967 5.99267 4.82025 0.438967 0.993996 1.8293 3.34516 6.08182 2.7675 0.621493 0.883995 2.83919 4.99839 
133 0.907527 0.534332 -0.784979 0.984991 -0.634139 -0.330967 5.99267 4.82025 0.438967 0.993996 1.8293 3.34516 6.0877 3.14713 0.562234 0.927687 2.62553 5.04738 
134 0.907527 0.534332 -0.784979 0.984991 -0.634139 -0.330967 5.99267 4.82025 0.438967 0.993996 1.8293 3.34516 6.06529 3.28718 0.595424 0.931349 2.56092 5.1695 
135 0.907527 0.534332 -0.784979 0.984991 -0.634139 -0.330967 5.99267 4.82025 0.438967 0.993996 1.8293 3.34516 5.89269 3.34427 0.619194 0.934546 2.80703 4.91774 
136 0.907527 0.534332 -0.784979 0.984991 -0.634139 -0.330967 5.99267 4.82025 0.438967 0.993996 1.8293 3.34516 5.87301 3.36916 0.635641 0.918389 2.89499 4.57181 
137 0.907527 0.534332 -0.784979 0.984991 -0.634139 -0.330967 5.99267 4.82025 0.438967 0.993996 1.8293 3.34516 5.75856 3.37782 0.604029 0.919221 2.95226 4.24061 
138 0.907527 0.534332 -0.784979 0.984991 -0.634139 -0.330967 5.99267 4.82025 0.438967 0.993996 1.8293 3.34516 5.76234 2.77044 0.683515 0.917524 2.81933 3.29446 
139 0.907527 0.534332 -0.784979 0.984991 -0.634139 -0.330967 5.99267 4.82025 0.438967 0.993996 1.8293 3.34516 5.83689 3.03323 0.642188 0.925014 2.30088 3.36358 
140 0.907527 0.534332 -0.784979 0.984991 -0.634139 -0.330967 5.99267 4.82025 0.438967 0.993996 1.8293 3.34516 5.70366 3.35997 0.37573 0.926344 2.09984 3.54926 
141 0.907527 0.534332 -0.784979 0.984991 -0.634139 -0.330967 5.99267 4.82025 0.438967 0.993996 1.8293 3.34516 5.62551 3.67595 0.437566 0.94587 1.74296 3.25035 
142 0.907527 0.534332 -0.784979 0.984991 -0.634139 -0.330967 5.99267 4.82025 0.438967 0.993996 1.8293 3.34516 5.65419 3.46938 0.420848 0.934878 1.79399 2.77602 
143 0.907527 0.534332 -0.784979 0.984991 -0.634139 -0.330967 5.99267 4.82025 0.438967 0.993996 1.8293 3.34516 5.64437 3.74785 0.474091 0.94957 1.80121 2.47554 
144 0.907527 0.534332 -0.784979 0.984991 -0.634139 -0.330967 5.99267 4.82025 0.438967 0.993996 1.8293 3.34516 5.57372 3.57846 0.521671 0.955963 2.00393 2.69246 
145 0.907527 0.534332 -0.784979 0.984991 -0.634139 -0.330967 5.99267 4.82025 0.438967 0.993996 1.8293 3.34516 5.60079 3.59663 0.508362 0.954463 2.07574 2.62964 
146 0.907527 0.534332 -0.784979 0.984991 -0.634139 -0.330967 5.99267 4.82025 0.438967 0.993996 1.8293 3.34516 5.82223 3.51925 0.494835 0.943685 1.86786 2.54628 
147 0.907527 0.534332 -0.784979 0.984991 -0.634139 -0.330967 5.99267 4.82025 0.438967 0.993996 1.8293 3.34516 5.77238 3.6176 0.492149 0.926655 1.79039 2.60149 
148 0.907527 0.534332 -0.784979 0.984991 -0.634139 -0.330967 5.99267 4.82025 0.438967 0.993996 1.8293 3.34516 5.85202 3.50952 0.566358 0.932571 1.88938 2.37573 
149 0.907527 0.534332 -0.784979 0.984991 -0.634139 -0.330967 5.99267 4.82025 0.438967 0.993996 1.8293 3.34516 5.76436 3.74154 0.612781 0.937495 2.00509 2.21966 
150 0.907527 0.534332 -0.784979 0.984991 -0.634139 -0.330967 5.99267 4.82025 0.438967 0.993996 1.8293 3.34516 5.71756 3.79546 0.63212 0.936784 1.81149 2.11882 
151 0.907527 0.534332 -0.784979 0.984991 -0.634139 -0.330967 5.99267 4.82025 0.438967 0.993996 1.8293 3.34516 5.76761 3.70711 0.652135 0.943339 1.70726 2.46835 
152 0.907527 0.534332 -0.784979 0.984991 -0.634139 -0.330967 5.99267 4.82025 0.438967 0.993996 1.8293 3.34516 5.72785 3.72369 0.594546 0.9585 1.84492 2.56268 
153 0.907527 0.534332 -0.784979 0.984991 -0.634139 -0.330967 5.99267 4.82025 0.438967 0.993996 1.8293 3.34516 5.64936 3.83458 0.540967 0.953826 1.95922 2.46368 
154 0.907527 0.534332 -0.784979 0.984991 -0.634139 -0.330967 5.99267 4.82025 0.438967 0.993996 1.8293 3.34516 5.60122 4.11512 0.597491 0.913092 2.26501 2.79115 
155 0.907527 0.534332 -0.784979 0.984991 -0.634139 -0.330967 5.99267 4.82025 0.438967 0.993996 1.8293 3.34516 5.44876 4.26748 0.559293 0.934604 2.35703 2.71334 
156 0.907527 0.534332 -0.784979 0.984991 -0.634139 -0.330967 5.99267 4.82025 0.438967 0.993996 1.8293 3.34516 5.45342 4.18709 0.57612 0.97542 2.47505 2.77095 
157 0.907527 0.534332 -0.784979 0.984991 -0.634139 -0.330967 5.99267 4.82025 0.438967 0.993996 1.8293 3.34516 5.4687 4.26234 0.692547 0.968194 2.08465 2.62208 
158 0.907527 0.534332 -0.784979 0.984991 -0.634139 -0.330967 5.99267 4.82025 0.438967 0.993996 1.8293 3.34516 5.40302 4.65525 0.675123 0.9599 1.85379 2.66469 
159 0.907527 0.534332 -0.784979 0.984991 -0.634139 -0.330967 5.99267 4.82025 0.438967 0.993996 1.8293 3.34516 5.45601 4.73156 0.693048 0.959775 1.69002 2.88678 
160 0.907527 0.534332 -0.784979 0.984991 -0.634139 -0.330967 5.99267 4.82025 0.438967 0.993996 1.8293 3.34516 5.43287 4.83436 0.749301 0.964035 1.8181 3.04462
161 0.907527 0.534332 -0.784979 0.984991 -0.634139 -0.330967 5.99267 4.82025 0.438967 0.993996 1.8293 3.34516 5.4726 4.9354 0.623959 0.974373 1.74338 2.93268
162 0.907527 0.534332 -0.784979 0.984991 -0.634139 -0.330967 5.99267 4.82025 0.438967 0.993996 1.8293 3.34516 5.44932 4.74887 0.56932 0.960159 1.69952 3.21269
163 0.907527 0.534332 -0.784979 0.984991 -0.634139 -0.330967 5.99267 4.82025 0.438967 0.993996 1.8293 3.34516 5.49477 4.7106 0.566537 0.94671 1.55758 3.39406
164 0.907527 0.534332 -0.784979 0.984991 -0.634139 -0.330967 5.99267 4.82025 0.438967 0.993996 1.8293 3.34516 5.46205 4.69258 0.683917 0.9376 1.71429 2.89098
165 0.907527 0.534332 -0.784979 0.984991 -0.634139 -0.330967 5.99267 4.82025 0.438967 0.993996 1.8293 3.34516 5.44428 4.5915 0.740033 0.939289 1.83986 2.97959
166 0.907527 0.534332 -0.784979 0.984991 -0.634139 -0.330967 5.99267 4.82025 0.438967 0.993996 1.8293 3.34516 5.48954 4.68267 0.562992 0.939705 2.00322 2.93479
167 0.907527 0.534332 -0.784979 0.984991 -0.634139 -0.330967 5.99267 4.82025 0.438967 0.993996 1.8293 3.34516 5.36 4.59075 0.675044 0.932333 1.9059 2.87326
168 0.907527 0.534332 -0.784979 0.984991 -0.634139 -0.330967 5.99267 4.82025 0.438967 0.993996 1.8293 3.34516 5.64106 4.46729 0.710103 0.958077 1.87851 3.24217
169 0.907527 0.534332 -0.784979 0.984991 -0.634139 -0.330967 5.99267 4.82025 0.438967 0.993996 1.8293 3.34516 5.66092 4.50706 0.651946 0.974206 1.87768 3.26011
170 0.907527 0.534332 -0.784979 0.984991 -0.634139 -0.330967 5.99267 4.82025 0.438967 0.993996 1.8293 3.34516 5.63036 4.51796 0.611325 0.975434 1.73752 3.03053
171 0.907527 0.534332 -0.784979 0.984991 -0.634139 -0.330967 5.99267 4.82025 0.438967 0.993996 1.8293 3.34516 5.52698 4.3404 0.6055 0.965618 1.8443 3.03023
172 0.907527 0.534332 -0.784979 0.984991 -0.634139 -0.330967 5.99267 4.82025 0.438967 0.993996 1.8293 3.34516 5.45429 4.32893 0.685882 0.958181 1.84564 3.14726
173 0.907527 0.534332 -0.784979 0.984991 -0.634139 -0.330967 5.99267 4.82025 0.438967 0.993996 1.8293 3.34516 5.51352 4.25891 0.59478 0.958831 2.01933 3.18157
174 0.907527 0.534332 -0.784979 0.984991 -0.634139 -0.330967 5.99267 4.82025 0.438967 0.993996 1.8293 3.34516 5.6084 4.07531 0.568279 0.950497 2.12616 3.69909
175 0.907527 0.534332 -0.784979 0.984991 -0.634139 -0.330967 5.99267 4.82025 0.438967 0.993996 1.8293 3.34516 5.53176 4.02534 0.562508 0.934487 2.399 3.7232
176 0.907527 0.534332 -0.784979 0.984991 -0.634139 -0.330967 5.99267 4.82025 0.438967 0.993996 1.8293 3.34516 5.58982 4.126 0.588958 0.933123 2.38456 4.15227
177 0.907527 0.534332 -0.784979 0.984991 -0.634139 -0.330967 5.99267 4.82025 0.438967 0.993996 1.8293 3.34516 5.56364 4.20602 0.570942 0.931521 2.27616 3.85574
178 0.907527 0.534332 -0.784979 0.984991 -0.634139 -0.330967 5.99267 4.82025 0.438967 0.993996 1.8293 3.34516 5.41432 4.27869 0.585884 0.947029 1.88723 3.60222
179 0.907527 0.534332 -0.784979 0.984991 -0.634139 -0.330967 5.99267 4.82025 0.438967 0.993996 1.8293 3.34516 5.51057 4.48928 0.628923 0.947053 2.15458 3.39681
180 0.907527 0.534332 -0.784979 0.984991 -0.634139 -0.330967 5.99267 4.82025 0.438967 0.993996 1.8293 3.34516 5.52702 4.48097 0.479745 0.957055 2.04703 3.47583
181 0.907527 0.534332 -0.784979 0.984991 -0.634139 -0.330967 5.99267 4.82025 0.438967 0.993996 1.8293 3.34516 5.59759 4.08943 0.452674 0.932769 2.37391 3.85867
182 0.907527 0.534332 -0.784979 0.984991 -0.634139 -0.330967 5.99267 4.82025 0.438967 0.993996 1.8293 3.34516 5.45033 3.95484 0.442233 0.915977 2.48383 4.13599
183 0.907527 0.534332 -0.784979 0.984991 -0.634139 -0.330967 5.99267 4.82025 0.438967 0.993996 1.8293 3.34516 5.52803 4.29092 0.337544 0.895994 2.37868 3.85661
184 0.907527 0.534332 -0.784979 0.984991 -0.634139 -0.330967 5.99267 4.82025 0.438967 0.993996 1.8293 3.34516 5.44692 4.62075 0.351088 0.887738 2.17487 3.50249
185 0.907527 0.534332 -0.784979 0.984991 -0.634139 -0.330967 5.99267 4.82025 0.438967 0.993996 1.8293 3.34516 5.44469 4.52159 0.334194 0.875779 2.22223 3.48481
186 0.907527 0.534332 -0.784979 0.984991 -0.634139 -0.330967 5.99267 4.82025 0.438967 0.993996 1.8293 3.34516 5.33735 4.43103 0.354692 0.896417 2.27898 3.20616
187 0.907527 0.534332 -0.784979 0.984991 -0.634139 -0.330967 5.99267 4.82025 0.438967 0.993996 1.8293 3.34516 5.1945 4.34378 0.389229 0.918979 2.49143 2.96481
188 0.907527 0.534332 -0.784979 0.984991 -0.634139 -0.330967 5.99267 4.82025 0.438967 0.993996 1.8293 3.34516 5.12412 4.64764 0.424896 0.909897 2.42593 2.92244
189 0.907527 0.534332 -0.784979 0.984991 -0.634139 -0.330967 5.99267 4.82025 0.438967 0.993996 1.8293 3.34516 5.09577 4.40805 0.465672 0.90801 2.63682 2.65189
190 0.907527 0.534332 -0.784979 0.984991 -0.634139 -0.330967 5.99267 4.82025 0.438967 0.993996 1.8293 3.34516 5.1606 4.68342 0.538379 0.912499 2.64933 2.70233
191 0.907527 0.534332 -0.784979 0.984991 -0.634139 -0.330967 5.99267 4.82025 0.438967 0.993996 1.8293 3.34516 5.24686 4.85627 0.537577 0.929026 2.86856 2.97824
192 0.907527 0.534332 -0.784979 0.984991 -0.634139 -0.330967 5.99267 4.82025 0.438967 0.993996 1.8293 3.34516 5.21008 4.75697 0.574922 0.930272 2.97161 3.03387
193 0.907527 0.534332 -0.784979 0.984991 -0.634139 -0.330967 5.99267 4.82025 0.438967 0.993996 1.8293 3.34516 5.39274 4.51871 0.469747 0.943686 2.97475 3.11239
194 0.907527 0.534332 -0.784979 0.989928 -0.634139 -0.29999 5.99267 4.82025 0.438967 0.995971 1.8293 3.50005 5.55887 4.63681 0.436058 0.958527 2.97619 3.15038
195 0.907527 0.534332 -0.784979 0.989928 -0.634139 -0.29999 5.99267 4.82025 0.438967 0.995971 1.8293 3.50005 5.5298 4.74098 0.428214 0.969652 2.9954 3.32302
196 0.907527 0.534332 -0.784979 0.989928 -0.634139 -0.29999 5.99267 4.82025 0.438967 0.995971 1.8293 3.50005 5.48309 4.76454 0.429997 0.958625 2.75688 2.98298
197 0.907527 0.534332 -0.784979 0.989928 -0.634139 -0.29999 5.99267 4.82025 0.438967 0.995971 1.8293 3.50005 5.34627 4.58155 0.501065 0.949204 2.57418 2.93661
198 0.907527 0.534332 -0.784979 0.989928 -0.634139 -0.29999 5.99267 4.82025 0.438967 0.995971 1.8293 3.50005 5.40139 4.49438 0.407193 0.93226 3.03381 2.80415
199 0.907527 0.534332 -0.784979 0.989928 -0.634139 -0.29999 5.99267 4.82025 0.438967 0.995971 1.8293 3.50005 5.54199 4.23825 0.396565 0.934548 2.73218 3.09098
200 0.907527 0.534332 -0.784979 0.989928 -0.634139 -0.29999 5.99267 4.82025 0.438967 0.995971 1.8293 3.50005 5.54162 3.95595 0.438708 0.951925 2.59663 3.18345
