10.005 0.628337 0.84106 0.824844 0.650868 0.952225 0.406129 0.999803 0.127354 0.963592 -0.162093 0.846626 -0.437957 0.658708 -0.677117
10.055 0.515429 0.907438 0.739294 0.749054 0.901202 0.527895 0.987583 0.262495 0.9912 -0.0249036 0.911748 -0.310215 0.755886 -0.569529
10.105 0.392734 0.956585 0.639706 0.833017 0.833067 0.639637 0.956612 0.392651 0.999987 0.112759 0.959557 -0.176583 0.838711 -0.451126
10.155 0.262582 0.987569 0.527971 0.901163 0.749113 0.739233 0.907476 0.515352 0.989786 0.248281 0.989147 -0.0395976 0.905611 -0.324157
10.205 0.127443 0.999801 0.406211 0.952197 0.650936 0.824793 0.841109 0.628267 0.960792 0.379088 0.999954 0.0981395 0.955315 -0.191034
10.255 -0.0101145 0.993049 0.276738 0.985152 0.540399 0.894693 0.758771 0.729253 0.913554 0.502698 0.991775 0.234013 0.98688 -0.054283
10.305 -0.14748 0.967441 0.142011 0.9994 0.419601 0.947603 0.662026 0.816392 0.848969 0.616762 0.964764 0.365443 0.999706 0.0834986
10.355 -0.282046 0.923464 0.00458706 0.994672 0.290836 0.982521 0.55271 0.888029 0.768265 0.719115 0.919434 0.489935 0.993549 0.219695
10.405 -0.411256 0.861952 -0.132924 0.971058 0.156548 0.998783 0.4329 0.942805 0.672973 0.807814 0.856646 0.605123 0.968528 0.351719
10.455 -0.532657 0.784073 -0.267911 0.929005 0.0192876 0.99608 0.30487 0.979678 0.564902 0.881174 0.777593 0.708821 0.925116 0.477066
10.505 -0.643945 0.691307 -0.397811 0.869312 -0.118339 0.974464 0.171051 0.99795 0.446106 0.937802 0.683774 0.799061 0.864138 0.593353
10.555 -0.743005 0.585414 -0.520158 0.793113 -0.253718 0.934345 0.033984 0.997273 0.318838 0.976624 0.576972 0.874128 0.786752 0.698375
10.605 -0.827957 0.468405 -0.632627 0.701854 -0.38428 0.876484 -0.103728 0.97766 0.185517 0.996902 0.459215 0.932597 0.694428 0.790135
10.655 -0.897188 0.342502 -0.733085 0.597269 -0.507546 0.801981 -0.239471 0.939483 0.0486731 0.99825 0.332738 0.973358 0.588917 0.866893
10.705 -0.949383 0.210096 -0.819623 0.481343 -0.621174 0.712251 -0.370666 0.883467 -0.089095 0.980644 0.199943 0.995637 0.472225 0.92719
10.755 -0.983551 0.0737007 -0.890598 0.356277 -0.723007 0.608996 -0.494824 0.810677 -0.225171 0.944418 0.0633516 0.999012 0.346565 0.969882
10.805 -0.999044 -0.0640941 -0.944662 0.224446 -0.811112 0.494177 -0.609586 0.722493 -0.356972 0.890259 -0.0744426 0.983417 0.214326 0.994158
10.855 -0.995568 -0.200672 -0.98079 0.0883539 -0.883816 0.369975 -0.712773 0.62059 -0.481995 0.819196 -0.210823 0.949149 0.0780165 0.999557
10.905 -0.973187 -0.333439 -0.998294 -0.0494162 -0.939738 0.238748 -0.802426 0.506904 -0.597866 0.732579 -0.343201 0.896859 -0.0597742 0.985977
10.955 -0.932328 -0.459876 -0.996843 -0.186248 -0.977816 0.102988 -0.876842 0.383593 -0.702384 0.632051 -0.469062 0.827539 -0.19643 0.953675
11.005 -0.873766 -0.57758 -0.976464 -0.319543 -0.997328 -0.0347276 -0.93461 0.252999 -0.793566 0.519522 -0.586017 0.742506 -0.329356 0.903264
11.055 -0.798613 -0.684317 -0.937544 -0.446771 -0.997902 -0.171784 -0.974631 0.1176 -0.86968 0.397128 -0.691844 0.643375 -0.456028 0.835703
11.105 -0.708296 -0.77806 -0.880822 -0.565516 -0.979529 -0.305578 -0.996146 -0.0200315 -0.92928 0.267194 -0.784535 0.532027 -0.574041 0.752274
11.155 -0.60453 -0.85703 -0.807375 -0.673523 -0.942556 -0.433571 -0.998746 -0.157283 -0.971235 0.132187 -0.862329 0.410578 -0.681154 0.65456
11.205 -0.489286 -0.919727 -0.718598 -0.768741 -0.887687 -0.55333 -0.982383 -0.291547 -0.994749 -0.00533107 -0.923749 0.281332 -0.775334 0.544418
11.255 -0.364751 -0.964959 -0.616176 -0.849362 -0.815962 -0.662583 -0.947365 -0.420276 -0.999374 -0.142747 -0.96763 0.146744 -0.854792 0.423938
11.305 -0.23329 -0.99187 -0.502054 -0.913856 -0.728744 -0.759256 -0.89436 -0.541025 -0.985024 -0.277453 -0.993137 0.00937052 -0.918019 0.295409
11.355 -0.0973991 -0.999947 -0.3784 -0.960998 -0.627688 -0.841511 -0.824373 -0.651501 -0.95197 -0.406891 -0.999786 -0.128181 -0.963815 0.161271
11.405 0.040341 -0.989037 -0.24756 -0.989892 -0.514714 -0.907788 -0.738732 -0.749606 -0.90084 -0.528603 -0.987452 -0.263299 -0.99131 0.0240701
11.455 0.177315 -0.959348 -0.11202 -0.99999 -0.391967 -0.956828 -0.639065 -0.833478 -0.832605 -0.640277 -0.956368 -0.393418 -0.999982 -0.113588
11.505 0.310922 -0.911442 0.0256474 -0.991101 -0.261777 -0.9877 -0.527263 -0.901524 -0.748561 -0.739795 -0.907125 -0.516066 -0.989667 -0.249088
11.555 0.438626 -0.84623 0.162828 -0.963393 -0.126616 -0.999818 -0.405449 -0.952452 -0.650303 -0.825265 -0.840658 -0.628916 -0.96056 -0.37986
11.605 0.558001 -0.76495 0.296916 -0.917392 0.0109482 -0.992951 -0.275937 -0.985295 -0.539697 -0.895065 -0.758228 -0.729823 -0.913214 -0.503418
11.655 0.66678 -0.669146 0.425367 -0.853972 0.148305 -0.96723 -0.141186 -0.999429 -0.418844 -0.947869 -0.661401 -0.816873 -0.848528 -0.617418
11.705 0.762899 -0.560635 0.545741 -0.774337 0.282846 -0.923144 -0.0037533 -0.994586 -0.290038 -0.982676 -0.552015 -0.888412 -0.767731 -0.719694
11.755 0.844532 -0.44148 0.655752 -0.679998 0.412016 -0.861529 0.13375 -0.970858 -0.155724 -0.998824 -0.432148 -0.943082 -0.672356 -0.808305
11.805 0.91013 -0.313942 0.753312 -0.572748 0.533363 -0.783555 0.268714 -0.928696 -0.018454 -0.996006 -0.304076 -0.979845 -0.564214 -0.881568
11.855 0.958446 -0.180442 0.836569 -0.454623 0.644582 -0.690704 0.398576 -0.8689 0.119167 -0.974277 -0.170229 -0.998003 -0.445359 -0.938091
11.905 0.988563 -0.0435165 0.90394 -0.327866 0.743562 -0.584737 0.52087 -0.792605 0.254525 -0.934047 -0.0331507 -0.997211 -0.318048 -0.976803
11.955 0.999909 0.0942353 0.954148 -0.194883 0.828424 -0.467668 0.633273 -0.70126 0.38505 -0.876083 0.104557 -0.977484 -0.184698 -0.996967
12.005 0.992269 0.230198 0.986239 -0.0581991 0.897556 -0.341719 0.733652 -0.5966 0.508264 -0.801483 0.24028 -0.939197 -0.0478403 -0.998201
12.055 0.965789 0.361789 0.999603 0.0795893 0.949644 -0.209281 0.8201 -0.480612 0.621827 -0.711665 0.371441 -0.883076 0.0899255 -0.980481
12.105 0.92097 0.486511 0.993987 0.215867 0.983702 -0.0728691 0.890977 -0.355498 0.723583 -0.608334 0.495548 -0.810188 0.225984 -0.944144
12.155 0.858663 0.601996 0.969497 0.348045 0.999081 0.0649262 0.944936 -0.223634 0.811599 -0.493452 0.610246 -0.721916 0.357751 -0.889879
12.205 0.780053 0.706049 0.926598 0.473615 0.995489 0.201489 0.980952 -0.0875234 0.884205 -0.3692 0.713357 -0.619936 0.482725 -0.818718
12.255 0.686631 0.796696 0.866105 0.590192 0.972995 0.334225 0.998342 0.0502489 0.940022 -0.237939 0.802923 -0.506185 0.598534 -0.732011
12.305 0.580171 0.872216 0.789167 0.695562 0.932026 0.460616 0.996776 0.187067 0.97799 -0.102159 0.877243 -0.382823 0.702977 -0.631405
12.355 0.462696 0.931174 0.697245 0.787725 0.87336 0.57826 0.976284 0.320333 0.997388 0.0355609 0.934906 -0.252192 0.794073 -0.518809
12.405 0.336434 0.972451 0.592083 0.864931 0.798111 0.684925 0.937253 0.447517 0.997848 0.172605 0.974817 -0.116772 0.870091 -0.396363
12.455 0.203785 0.995264 0.475678 0.925714 0.707708 0.778584 0.880427 0.566204 0.979361 0.306372 0.996219 0.0208651 0.929588 -0.266391
12.505 0.0672656 0.999178 0.350242 0.968919 0.603866 0.857459 0.806883 0.674139 0.942278 0.434322 0.998704 0.158106 0.971433 -0.13136
12.555 -0.0705306 0.984121 0.218155 0.993727 0.488558 0.920054 0.718018 0.769274 0.887303 0.554025 0.982226 0.292345 0.994834 0.00616482
12.605 -0.206988 0.950376 0.0819263 0.999666 0.363974 0.965178 0.615519 0.849802 0.81548 0.663208 0.947098 0.421033 0.999344 0.143573
12.655 -0.339514 0.898587 -0.0558584 0.986624 0.232479 0.991976 0.501333 0.914194 0.728172 0.759798 0.893987 0.541726 0.98488 0.278254
12.705 -0.465594 0.829735 -0.192582 0.954847 0.0965692 0.999938 0.377628 0.961228 0.627039 0.841961 0.8239 0.652133 0.951714 0.407653
12.755 -0.582834 0.745128 -0.32565 0.904941 -0.0411741 0.988914 0.246752 0.99001 0.513999 0.908137 0.73817 0.750158 0.900478 0.52931
12.805 -0.689007 0.646373 -0.452534 0.837851 -0.178136 0.959112 0.111191 0.999994 0.3912 0.95707 0.638423 0.833938 0.832143 0.640918
12.855 -0.782097 0.535345 -0.570825 0.754852 -0.311715 0.911099 -0.0264809 0.99099 0.260972 0.98783 0.526554 0.901884 0.748008 0.740355
12.905 -0.860336 0.414151 -0.678277 0.65752 -0.439375 0.845786 -0.16365 0.963169 0.125789 0.999833 0.404687 0.952705 0.649669 0.825735
12.955 -0.92224 0.285094 -0.772851 0.547704 -0.558692 0.764413 -0.297712 0.91706 -0.0117819 0.992852 0.275136 0.985437 0.538995 0.895436
13.005 -0.966632 0.150623 -0.85275 0.427488 -0.667401 0.668526 -0.426121 0.853538 -0.149129 0.967018 0.14036 0.999457 0.418087 0.948135
13.055 -0.99267 0.0132926 -0.916456 0.299154 -0.763438 0.559945 -0.546439 0.773809 -0.283645 0.922823 0.00291953 0.994499 0.28924 0.98283
13.105 -0.99986 -0.12429 -0.962762 0.16514 -0.844979 0.440732 -0.656381 0.679387 -0.412775 0.861105 -0.134577 0.970658 0.154901 0.998864
13.155 -0.988064 -0.259513 -0.990786 0.0279911 -0.910475 0.31315 -0.75386 0.572065 -0.534068 0.783037 -0.269517 0.928386 0.0176204 0.995931
13.205 -0.957507 -0.389809 -0.999998 -0.10969 -0.958683 0.179622 -0.837025 0.45388 -0.645219 0.690101 -0.399341 0.868487 -0.119995 0.974088
13.255 -0.908769 -0.512703 -0.990222 -0.245288 -0.988688 0.0426836 -0.904297 0.327078 -0.74412 0.584061 -0.521581 0.792096 -0.255331 0.933749
13.305 -0.842775 -0.625861 -0.961643 -0.376228 -0.99992 -0.0950653 -0.954397 0.194065 -0.828891 0.466931 -0.633918 0.700666 -0.385819 0.87568
13.355 -0.760779 -0.727136 -0.914806 -0.500025 -0.992166 -0.231009 -0.986376 0.0573668 -0.897923 0.340935 -0.734218 0.595931 -0.508982 0.800984
13.405 -0.664338 -0.814604 -0.850597 -0.614328 -0.965572 -0.362567 -0.999626 -0.0804204 -0.949905 0.208465 -0.820577 0.479881 -0.62248 0.711079
13.455 -0.555282 -0.886605 -0.770238 -0.716965 -0.920644 -0.48724 -0.993895 -0.216681 -0.983851 0.0720376 -0.891355 0.354719 -0.724158 0.607672
13.505 -0.435682 -0.941771 -0.675254 -0.805989 -0.858236 -0.602661 -0.969292 -0.348827 -0.999116 -0.0657581 -0.945208 0.222821 -0.812086 0.492727
13.555 -0.30781 -0.979054 -0.567448 -0.879709 -0.779531 -0.706639 -0.926284 -0.474349 -0.99541 -0.202305 -0.981114 0.0866928 -0.884595 0.368425
13.605 -0.174093 -0.997748 -0.448868 -0.936725 -0.686025 -0.7972 -0.865688 -0.590864 -0.972802 -0.335011 -0.99839 -0.0510816 -0.940306 0.237129
13.655 -0.0370707 -0.997496 -0.321764 -0.975955 -0.579492 -0.872624 -0.788655 -0.696161 -0.931724 -0.461356 -0.996709 -0.187886 -0.978164 0.101329
13.705 0.100656 -0.978304 -0.188551 -0.996654 -0.461956 -0.931478 -0.696647 -0.788239 -0.872954 -0.57894 -0.976103 -0.321123 -0.997448 -0.0363941
13.755 0.236471 -0.940537 -0.0517578 -0.998428 -0.335649 -0.972645 -0.591411 -0.865349 -0.797609 -0.685532 -0.936962 -0.448263 -0.997793 -0.173426
13.805 0.367796 -0.88491 0.0860183 -0.981244 -0.202968 -0.995345 -0.474945 -0.926029 -0.707118 -0.779107 -0.880031 -0.566891 -0.979192 -0.307166
13.855 0.492137 -0.812481 0.222161 -0.945429 -0.0664337 -0.999144 -0.349461 -0.969125 -0.603201 -0.857888 -0.80639 -0.674755 -0.941998 -0.435073
13.905 0.607134 -0.724625 0.354085 -0.891662 0.0713623 -0.983972 -0.217342 -0.99382 -0.487831 -0.92038 -0.717437 -0.769806 -0.886918 -0.554719
13.955 0.710603 -0.623009 0.479287 -0.820964 0.207803 -0.950117 -0.0810953 -0.999644 -0.363198 -0.965396 -0.614862 -0.850241 -0.814997 -0.663832
14.005 0.800579 -0.509564 0.595387 -0.734678 0.340298 -0.898221 0.0566908 -0.986487 -0.231668 -0.992081 -0.500611 -0.914532 -0.727601 -0.76034
14.055 0.875353 -0.386444 0.700182 -0.634441 0.466332 -0.829269 0.1934 -0.954599 -0.0957393 -0.999928 -0.376856 -0.961457 -0.626389 -0.842411
14.105 0.933507 -0.255986 0.791683 -0.522159 0.583511 -0.744572 0.326438 -0.904585 0.0420071 -0.988789 -0.245944 -0.990127 -0.513284 -0.908486
14.155 0.973935 -0.120667 0.868151 -0.399961 0.689611 -0.645737 0.453277 -0.837395 0.178956 -0.958876 -0.110363 -0.999996 -0.390432 -0.957311
14.205 0.99587 0.0169434 0.928135 -0.270169 0.782616 -0.53464 0.571509 -0.754305 0.312507 -0.910755 0.0273143 -0.990878 -0.260167 -0.987959
14.255 0.998896 0.154232 0.970495 -0.135247 0.860761 -0.413392 0.67889 -0.656892 0.440124 -0.845341 0.164473 -0.962945 -0.124962 -0.999848
14.305 0.982955 0.288592 0.994428 0.00224249 0.922562 -0.284295 0.77338 -0.547006 0.559384 -0.763875 0.298508 -0.916727 0.0126156 -0.992752
14.355 0.94835 0.417472 0.999479 0.13969 0.966845 -0.149799 0.853185 -0.426734 0.668022 -0.667906 0.426875 -0.853103 0.149954 -0.966805
14.405 0.895737 0.538425 0.985552 0.274485 0.992771 -0.0124589 0.91679 -0.298358 0.763976 -0.559254 0.547137 -0.77328 0.284445 -0.922501
14.455 0.826117 0.649155 0.952911 0.404068 0.999845 0.125118 0.962987 -0.164318 0.845424 -0.439983 0.65701 -0.678775 0.413535 -0.860681
14.505 0.74081 0.747558 0.902177 0.525978 0.987935 0.260318 0.990899 -0.0271577 0.910819 -0.312358 0.754408 -0.571381 0.534773 -0.782518
14.555 0.641437 0.831767 0.834312 0.637902 0.957266 0.390576 0.999996 0.110518 0.95892 -0.178802 0.837481 -0.453137 0.645856 -0.689497
14.605 0.529885 0.900183 0.750605 0.737713 0.908421 0.513418 0.990105 0.246096 0.988813 -0.0418505 0.904652 -0.32629 0.744676 -0.583384
14.655 0.408271 0.951506 0.652646 0.823516 0.842326 0.626511 0.961414 0.377001 0.99993 0.0958953 0.954646 -0.193247 0.829357 -0.466193
14.705 0.278905 0.984762 0.542295 0.893683 0.760238 0.727708 0.914468 0.500747 0.992061 0.23182 0.986513 -0.0565343 0.89829 -0.340151
14.755 0.144243 0.99932 0.421647 0.946881 0.663714 0.815088 0.850159 0.614985 0.965355 0.363344 0.999648 0.0812515 0.950166 -0.20765
14.805 0.00684186 0.994902 0.292992 0.982099 0.554588 0.88699 0.769706 0.717546 0.920319 0.487968 0.993803 0.217495 0.984 -0.0712059
14.855 -0.130689 0.971594 0.158775 0.998669 0.434932 0.942051 0.674639 0.806482 0.857807 0.603326 0.969087 0.349608 0.999151 0.0665901
14.905 -0.265738 0.929837 0.021542 0.996277 0.307017 0.979224 0.566762 0.880105 0.779008 0.707229 0.92597 0.475083 0.995329 0.203122
14.955 -0.395741 0.870424 -0.1161 0.974968 0.173272 0.997803 0.448123 0.937017 0.685418 0.797703 0.865271 0.591537 0.972609 0.335796
15.005 -0.518231 0.794484 -0.251537 0.935146 0.0362375 0.997437 0.320975 0.976137 0.578812 0.87303 0.788142 0.696759 0.931421 0.462095
15.055 -0.63088 0.703459 -0.382198 0.877568 -0.101485 0.978131 0.187732 0.996722 0.461217 0.931781 0.696048 0.788751 0.872547 0.57962
15.105 -0.73155 0.599076 -0.505601 0.803326 -0.237281 0.940253 0.0509251 0.998381 0.334863 0.972839 0.590738 0.865767 0.797105 0.686139
15.155 -0.818329 0.483318 -0.619405 0.713831 -0.368571 0.884521 -0.0868489 0.981083 0.202152 0.995425 0.474211 0.926343 0.706528 0.779629
15.205 -0.88957 0.358383 -0.721447 0.610783 -0.492863 0.811995 -0.222974 0.945157 0.0656018 0.999109 0.34868 0.969331 0.602536 0.858316
15.255 -0.94392 0.226643 -0.809791 0.496136 -0.607797 0.72405 -0.354865 0.891284 -0.0721939 0.983823 0.216528 0.993912 0.487103 0.920706
15.305 -0.980347 0.0905997 -0.882759 0.372069 -0.711189 0.622357 -0.480018 0.820488 -0.208619 0.949856 0.0802642 0.999622 0.362421 0.965613
15.355 -0.99816 -0.047164 -0.938964 0.240937 -0.801078 0.508847 -0.596057 0.734112 -0.341082 0.897854 -0.0575232 0.986351 0.230857 0.992185
15.405 -0.997019 -0.184032 -0.977341 0.105231 -0.875756 0.385675 -0.700777 0.633797 -0.46707 0.828803 -0.194218 0.954351 0.0949093 0.999918
15.455 -0.976948 -0.317406 -0.99716 -0.032474 -0.933805 0.255179 -0.792192 0.521447 -0.584188 0.744015 -0.327226 0.90423 -0.0428401 0.988665
15.505 -0.938326 -0.444753 -0.998046 -0.169562 -0.974124 0.119839 -0.868564 0.399197 -0.690214 0.6451 -0.45402 0.836939 -0.179776 0.958639
15.555 -0.881887 -0.563655 -0.97998 -0.303431 -0.995946 -0.0177771 -0.928445 0.269366 -0.783135 0.533935 -0.572193 0.753757 -0.313299 0.91041
15.605 -0.808703 -0.671855 -0.943307 -0.431538 -0.998857 -0.155056 -0.970696 0.134421 -0.861185 0.412633 -0.679502 0.656263 -0.440872 0.844895
15.655 -0.720164 -0.767297 -0.888723 -0.551451 -0.982801 -0.28939 -0.994515 -0.00307626 -0.922883 0.283495 -0.773908 0.546308 -0.560075 0.763337
15.705 -0.61795 -0.84817 -0.817263 -0.660893 -0.948085 -0.418229 -0.999451 -0.140515 -0.967058 0.148975 -0.853619 0.425979 -0.668642 0.667285
15.755 -0.504003 -0.912938 -0.730286 -0.757786 -0.895366 -0.539127 -0.98541 -0.275286 -0.99287 0.0116252 -0.917122 0.297563 -0.764514 0.558562
15.805 -0.380486 -0.960372 -0.629442 -0.840291 -0.825647 -0.649789 -0.952658 -0.40483 -0.99983 -0.125945 -0.963211 0.163496 -0.845869 0.439234
15.855 -0.249744 -0.98957 -0.516646 -0.90684 -0.74025 -0.748112 -0.901817 -0.526687 -0.987806 -0.261123 -0.991011 0.0263242 -0.911163 0.311566
15.905 -0.11426 -0.999978 -0.39404 -0.95617 -0.640797 -0.83223 -0.833852 -0.638544 -0.957025 -0.391344 -0.999993 -0.111347 -0.959156 0.177981
15.955 0.0233932 -0.991399 -0.263952 -0.987345 -0.529177 -0.900546 -0.750054 -0.738276 -0.908072 -0.514134 -0.989988 -0.246904 -0.988937 0.0410175
16.005 0.160602 -0.963995 -0.128853 -0.999772 -0.407509 -0.951762 -0.652014 -0.823989 -0.841877 -0.627161 -0.961185 -0.377773 -0.99994 -0.0967252
16.055 0.294762 -0.918287 0.0086935 -0.993216 -0.278104 -0.984907 -0.541594 -0.894057 -0.759696 -0.72828 -0.914131 -0.501469 -0.991956 -0.232631
16.105 0.423325 -0.855143 0.146075 -0.9678 -0.143418 -0.99935 -0.420891 -0.947148 -0.66309 -0.81557 -0.849719 -0.615642 -0.965137 -0.36412
16.155 0.54385 -0.775761 0.280682 -0.924008 -0.0060081 -0.994818 -0.292195 -0.982256 -0.553894 -0.887375 -0.769174 -0.718127 -0.919992 -0.488695
16.205 0.654048 -0.68165 0.40996 -0.862671 0.131515 -0.971396 -0.157951 -0.998712 -0.434181 -0.94233 -0.674023 -0.806975 -0.857379 -0.603991
16.255 0.751827 -0.574595 0.531454 -0.784954 0.266542 -0.92953 -0.0207084 -0.996205 -0.306223 -0.979392 -0.566074 -0.880501 -0.778485 -0.707818
16.305 0.835331 -0.45663 0.642857 -0.692333 0.396507 -0.870014 0.116928 -0.974782 -0.172451 -0.997858 -0.447377 -0.937308 -0.68481 -0.798206
16.355 0.902974 -0.329995 0.742053 -0.586565 0.518943 -0.793978 0.252344 -0.93485 -0.0354042 -0.997377 -0.320185 -0.976317 -0.578132 -0.873437
16.405 0.953471 -0.197094 0.827159 -0.46966 0.631526 -0.702866 0.382968 -0.877168 0.102315 -0.977958 -0.186913 -0.996789 -0.460477 -0.932083
16.455 0.985864 -0.06045 0.896559 -0.343837 0.732118 -0.598408 0.506321 -0.80283 0.238091 -0.939969 -0.0500924 -0.998333 -0.334078 -0.973031
16.505 0.999537 0.0773415 0.948936 -0.211485 0.818808 -0.482588 0.620059 -0.713247 0.369346 -0.884132 0.0876795 -0.980922 -0.201335 -0.995504
16.555 0.994231 0.213664 0.983294 -0.0751178 0.889951 -0.357605 0.722024 -0.610122 0.493588 -0.811508 0.223787 -0.944884 -0.0647698 -0.999074
16.605 0.970047 0.34593 0.998981 0.0626759 0.944195 -0.225831 0.81028 -0.495412 0.608458 -0.723475 0.355644 -0.890906 0.0730255 -0.983674
16.655 0.927444 0.471628 0.9957 0.19928 0.980511 -0.0897694 0.88315 -0.371295 0.711775 -0.621704 0.480749 -0.820011 0.209434 -0.949595
16.705 0.86723 0.58837 0.973513 0.332099 0.99821 0.0479968 0.939251 -0.240128 0.801577 -0.508129 0.596726 -0.733545 0.341866 -0.897486
16.755 0.79055 0.69394 0.932841 0.458613 0.996955 0.184852 0.977517 -0.104402 0.876158 -0.384905 0.701372 -0.633152 0.467807 -0.828336
16.805 0.698859 0.786334 0.874457 0.576419 0.976769 0.318197 0.997223 0.0333074 0.934103 -0.254373 0.7927 -0.520736 0.584865 -0.743458
16.855 0.593898 0.863797 0.799468 0.68328 0.938037 0.4455 0.997993 0.170384 0.974312 -0.119011 0.868977 -0.398432 0.690817 -0.644462
16.905 0.477661 0.924859 0.709299 0.777167 0.881494 0.564344 0.979814 0.304225 0.99602 0.0186107 0.928754 -0.268563 0.783653 -0.53323
16.955 0.352353 0.968359 0.605662 0.856297 0.808213 0.672472 0.94303 0.43229 0.998816 0.155879 0.970896 -0.133595 0.861608 -0.411873
17.005 0.220355 0.993472 0.490525 0.919168 0.719585 0.767831 0.88834 0.552146 0.982647 0.290188 0.994602 0.00391002 0.923204 -0.282695
17.055 0.0841733 0.999722 0.366073 0.964586 0.617294 0.848611 0.816783 0.661518 0.947819 0.418986 0.999423 0.141341 0.96727 -0.14815
17.105 -0.0536069 0.986989 0.234671 0.991688 0.503283 0.913278 0.729716 0.75833 0.894995 0.539829 0.985268 0.276088 0.992969 -0.0107915
17.155 -0.190369 0.955515 0.0988133 0.999961 0.379715 0.960604 0.628794 0.840742 0.825176 0.650422 0.952404 0.405593 0.999815 0.126772
17.205 -0.323517 0.905898 -0.038921 0.989246 0.248937 0.989689 0.515932 0.907191 0.739689 0.748665 0.901456 0.527396 0.987675 0.261928
17.255 -0.450522 0.83908 -0.175916 0.959748 0.113432 0.999983 0.393274 0.956414 0.640157 0.832692 0.833391 0.639185 0.956782 0.392111
17.305 -0.568972 0.756329 -0.309571 0.912026 -0.0242268 0.991289 0.263148 0.987477 0.52847 0.900908 0.749502 0.738838 0.907722 0.514848
17.355 -0.676619 0.659218 -0.437348 0.846987 -0.161425 0.963773 0.128026 0.999789 0.406748 0.952018 0.651382 0.824461 0.841426 0.62781
17.405 -0.771418 0.549589 -0.556821 0.765865 -0.295559 0.917957 -0.00952723 0.993118 0.277303 0.985051 0.540893 0.89443 0.759154 0.728851
17.455 -0.85157 0.429525 -0.665721 0.670201 -0.42408 0.85471 -0.146899 0.96759 0.142592 0.99938 0.420134 0.947416 0.662466 0.816052
17.505 -0.915552 0.301305 -0.76198 0.561812 -0.544549 0.775235 -0.281482 0.923689 0.00517435 0.994733 0.291398 0.982412 0.5532 0.887759
17.555 -0.96215 0.167364 -0.843771 0.442754 -0.654679 0.68104 -0.410721 0.862249 -0.132342 0.971198 0.157128 0.998754 0.433429 0.942609
17.605 -0.990478 0.030245 -0.90954 0.31529 -0.752377 0.573913 -0.53216 0.784438 -0.267345 0.929222 0.0198748 0.996132 0.305429 0.97956
17.655 -1 -0.107448 -0.958039 0.18184 -0.835789 0.455888 -0.643495 0.691731 -0.397272 0.869602 -0.117756 0.974596 0.17163 0.997912
17.705 -0.990534 -0.243101 -0.988347 0.0449362 -0.903332 0.329208 -0.742611 0.58589 -0.519656 0.793471 -0.25315 0.934554 0.034571 0.997316
17.755 -0.962259 -0.374138 -0.999889 -0.0928205 -0.953722 0.196276 -0.827627 0.468924 -0.632173 0.702273 -0.383738 0.876767 -0.103144 0.977783
17.805 -0.915714 -0.498071 -0.992445 -0.228815 -0.986003 0.0596177 -0.896928 0.343054 -0.732685 0.59774 -0.507039 0.802332 -0.238901 0.939684
17.855 -0.851781 -0.612547 -0.966156 -0.360464 -0.999562 -0.0781727 -0.949198 0.21067 -0.819286 0.481858 -0.620713 0.712663 -0.370121 0.883742
17.905 -0.771674 -0.715392 -0.921522 -0.485269 -0.994141 -0.214479 -0.983445 0.0742864 -0.890331 0.356826 -0.722601 0.609461 -0.494313 0.81102
17.955 -0.676916 -0.804652 -0.859391 -0.60086 -0.969844 -0.346712 -0.999019 -0.063508 -0.94447 0.225019 -0.810768 0.494688 -0.60912 0.722899
18.005 -0.569303 -0.878635 -0.780941 -0.705042 -0.927132 -0.472363 -0.995623 -0.200097 -0.980675 0.0889389 -0.883541 0.370521 -0.712361 0.621051
18.055 -0.450882 -0.935934 -0.687663 -0.795837 -0.866815 -0.589044 -0.973322 -0.332886 -0.998259 -0.0488296 -0.939537 0.239319 -0.802075 0.507411
18.105 -0.323898 -0.975461 -0.581328 -0.87152 -0.790039 -0.69454 -0.93254 -0.459354 -0.996889 -0.185671 -0.977693 0.103572 -0.87656 0.384136
18.155 -0.190765 -0.996467 -0.463955 -0.930655 -0.698263 -0.786849 -0.874052 -0.5771 -0.97659 -0.318987 -0.997285 -0.0341407 -0.934401 0.253567
18.205 -0.0540095 -0.998552 -0.337772 -0.972119 -0.593227 -0.864217 -0.798967 -0.683888 -0.937748 -0.446246 -0.99794 -0.171205 -0.974499 0.118183
18.255 0.0837716 -0.981677 -0.205176 -0.995125 -0.476928 -0.925175 -0.708711 -0.777691 -0.8811 -0.565032 -0.979647 -0.305019 -0.996094 -0.0194443
18.305 0.219962 -0.946161 -0.0686834 -0.999235 -0.351573 -0.968567 -0.604998 -0.856727 -0.807721 -0.673089 -0.942752 -0.433041 -0.998775 -0.156703
18.355 0.351976 -0.89268 0.069113 -0.984372 -0.219542 -0.993567 -0.489798 -0.919496 -0.719006 -0.768365 -0.887957 -0.552841 -0.982492 -0.290986
18.405 0.477306 -0.822249 0.205597 -0.950818 -0.0833425 -0.999702 -0.365297 -0.964805 -0.616638 -0.849052 -0.816301 -0.662144 -0.947553 -0.419743
18.455 0.593574 -0.736205 0.338177 -0.899209 0.0544395 -0.986854 -0.233861 -0.991795 -0.502562 -0.913617 -0.729146 -0.758873 -0.894623 -0.540531
18.505 0.698571 -0.636183 0.464336 -0.830527 0.191188 -0.955269 -0.0979835 -0.999953 -0.378943 -0.960835 -0.628145 -0.841194 -0.824705 -0.651055
18.555 0.790303 -0.52408 0.581679 -0.746075 0.324306 -0.905544 0.0397542 -0.989124 -0.248129 -0.989808 -0.515218 -0.907542 -0.739128 -0.749217
18.605 0.86703 -0.402027 0.687976 -0.647457 0.451266 -0.838626 0.176737 -0.959513 -0.112603 -0.999988 -0.392507 -0.956657 -0.639516 -0.833153
18.655 0.927293 -0.27234 0.78121 -0.536544 0.569657 -0.755783 0.310364 -0.911683 0.0250603 -0.991179 -0.262344 -0.987608 -0.527762 -0.901269
18.705 0.969949 -0.137481 0.859611 -0.415444 0.677232 -0.65859 0.438098 -0.846543 0.162248 -0.96355 -0.127199 -0.999806 -0.405986 -0.952273
18.755 0.994188 -1.23404e-05 0.921689 -0.286456 0.771948 -0.548892 0.557513 -0.765328 0.296355 -0.917626 0.010361 -0.99302 -0.276502 -0.985194
18.805 0.999549 0.137457 0.966267 -0.152028 0.852006 -0.428772 0.666343 -0.669582 0.424835 -0.854277 0.147724 -0.967379 -0.141767 -0.999409
18.855 0.985931 0.272316 0.992497 -0.0147136 0.915887 -0.30051 0.762519 -0.561122 0.545248 -0.774708 0.282282 -0.923369 -0.00434059 -0.994647
18.905 0.953592 0.402004 0.999882 0.12288 0.962377 -0.166542 0.844218 -0.442007 0.655309 -0.680429 0.411481 -0.861827 0.133168 -0.970999
18.955 0.903147 0.524059 0.988282 0.258141 0.990593 -0.0294116 0.909886 -0.314499 0.752926 -0.57323 0.532866 -0.78392 0.268149 -0.928914
19.005 0.835553 0.636164 0.957916 0.3885 1 0.108277 0.958278 -0.18102 0.836247 -0.455146 0.644133 -0.691129 0.398037 -0.86919
19.055 0.752093 0.736189 0.909361 0.511482 0.990419 0.24391 0.988474 -0.0441033 0.903689 -0.32842 0.74317 -0.585214 0.520368 -0.792963
19.105 0.654353 0.822235 0.843539 0.624752 0.962032 0.374911 0.999901 0.0936506 0.953972 -0.195459 0.828095 -0.468187 0.632818 -0.701679
19.155 0.544188 0.892669 0.761701 0.72616 0.915379 0.498794 0.992342 0.229626 0.986142 -0.0587854 0.897296 -0.342271 0.733253 -0.597071
19.205 0.42369 0.946153 0.665399 0.813779 0.851344 0.613206 0.965941 0.361242 0.999586 0.0790039 0.94946 -0.209855 0.819764 -0.481127
19.255 0.295147 0.981672 0.556463 0.885947 0.771144 0.715974 0.921198 0.485998 0.994051 0.215293 0.983596 -0.0734549 0.89071 -0.356047
19.305 0.161 0.998551 0.436961 0.941292 0.676302 0.805147 0.858964 0.601527 0.96964 0.347494 0.999055 0.0643401 0.944743 -0.224206
19.355 0.0237962 0.996469 0.309162 0.978764 0.568618 0.879033 0.78042 0.705633 0.926819 0.473097 0.995545 0.200913 0.980838 -0.0881084
19.405 -0.11386 0.975467 0.175492 0.997651 0.450137 0.936227 0.687058 0.796341 0.866399 0.589717 0.973131 0.333672 0.998308 0.0496624
19.455 -0.249354 0.935942 0.0384907 0.997596 0.323109 0.975645 0.58065 0.871929 0.789528 0.69514 0.932239 0.460094 0.996823 0.18649
19.505 -0.380113 0.878647 -0.0992418 0.978598 0.189946 0.996537 0.463216 0.93096 0.697665 0.787363 0.873646 0.577781 0.976411 0.319777
19.555 -0.503655 0.804667 -0.23509 0.941018 0.0531769 0.998507 0.336987 0.972314 0.592556 0.864636 0.798465 0.684496 0.937458 0.446992
19.605 -0.617633 0.715409 -0.366474 0.885571 -0.0846024 0.981517 0.20436 0.995207 0.476195 0.925492 0.708122 0.778215 0.880705 0.565719
19.655 -0.719884 0.612566 -0.4909 0.813309 -0.220775 0.945891 0.0678516 0.999202 0.350792 0.968774 0.604334 0.857157 0.807229 0.673705
19.705 -0.808466 0.498093 -0.606004 0.725603 -0.352756 0.892304 -0.0699448 0.984225 0.218728 0.993661 0.489071 0.919823 0.718426 0.768899
19.755 -0.881697 0.374161 -0.709602 0.62412 -0.478039 0.821774 -0.206413 0.950559 0.0825116 0.999681 0.364521 0.965024 0.615982 0.849492
19.805 -0.938186 0.243125 -0.799726 0.510787 -0.594245 0.735641 -0.338962 0.898844 -0.055272 0.986719 0.23305 0.991901 0.501841 0.913956
19.855 -0.976861 0.107473 -0.874665 0.387754 -0.699167 0.635539 -0.465075 0.830063 -0.192006 0.955022 0.0971537 0.999944 0.378171 0.961066
19.905 -0.996988 -0.0302203 -0.932996 0.257359 -0.790814 0.52337 -0.582357 0.74552 -0.325094 0.90519 -0.0405873 0.989001 0.247321 0.989927
19.955 -0.998184 -0.16734 -0.973612 0.122077 -0.867445 0.401263 -0.688581 0.646821 -0.45201 0.838171 -0.177558 0.959278 0.111775 0.999991
