50.005 0
50.055 3.28528e-06
50.105 3.13526e-06
50.155 2.9623e-06
50.205 2.77159e-06
50.255 2.56845e-06
50.305 2.35807e-06
50.355 2.14538e-06
50.405 1.93488e-06
50.455 1.73059e-06
50.505 1.536e-06
50.555 1.35405e-06
50.605 1.18719e-06
50.655 1.03736e-06
50.705 9.06028e-07
50.755 7.94139e-07
50.805 7.01982e-07
50.855 6.29018e-07
50.905 5.73695e-07
50.955 5.33438e-07
51.005 5.04921e-07
51.055 4.84568e-07
51.105 4.69079e-07
51.155 4.5577e-07
51.205 4.42706e-07
51.255 4.28658e-07
51.305 4.12996e-07
51.355 3.95575e-07
51.405 3.76631e-07
51.455 3.5672e-07
51.505 3.36657e-07
51.555 3.17479e-07
51.605 3.0038e-07
51.655 2.86598e-07
51.705 2.77225e-07
51.755 2.72959e-07
51.805 2.73867e-07
51.855 2.79308e-07
51.905 2.88032e-07
51.955 2.98411e-07
52.005 3.08648e-07
52.055 3.16925e-07
52.105 3.21465e-07
52.155 3.20542e-07
52.205 3.12477e-07
52.255 2.95635e-07
52.305 2.68431e-07
52.355 2.29399e-07
52.405 1.77375e-07
52.455 1.12464e-07
52.505 4.82465e-08
52.555 9.45826e-08
52.605 2.08015e-07
52.655 3.43627e-07
52.705 4.97405e-07
52.755 6.67295e-07
52.805 8.50843e-07
52.855 1.04485e-06
52.905 1.24538e-06
52.955 1.44786e-06
53.005 1.64733e-06
53.055 1.83876e-06
53.105 2.01736e-06
53.155 2.17892e-06
53.205 2.32009e-06
53.255 2.43856e-06
53.305 2.53311e-06
53.355 2.6036e-06
53.405 2.6508e-06
53.455 2.67626e-06
53.505 2.68204e-06
53.555 2.67049e-06
53.605 2.64413e-06
53.655 2.60541e-06
53.705 2.5567e-06
53.755 2.50011e-06
53.805 2.43756e-06
53.855 2.37071e-06
53.905 2.30096e-06
53.955 2.22954e-06
54.005 2.15743e-06
54.055 2.08548e-06
54.105 2.01435e-06
54.155 1.94462e-06
54.205 1.87672e-06
54.255 1.811e-06
54.305 1.74772e-06
54.355 1.68707e-06
54.405 1.62916e-06
54.455 1.57404e-06
54.505 1.52167e-06
54.555 1.47196e-06
54.605 1.42474e-06
54.655 1.37977e-06
54.705 1.33672e-06
54.755 1.29519e-06
54.805 1.25471e-06
54.855 1.2147e-06
54.905 1.17449e-06
54.955 1.13334e-06
55.005 1.09041e-06
55.055 1.04475e-06
55.105 9.95364e-07
55.155 9.41151e-07
55.205 8.80959e-07
55.255 8.13583e-07
55.305 7.37797e-07
55.355 6.5239e-07
55.405 5.56223e-07
55.455 4.48335e-07
55.505 3.28283e-07
55.555 1.97684e-07
55.605 8.08431e-08
55.655 1.54394e-07
55.705 3.26294e-07
55.755 5.20682e-07
55.805 7.31256e-07
55.855 9.557e-07
55.905 1.19184e-06
55.955 1.43708e-06
56.005 1.6883e-06
56.055 1.94178e-06
56.105 2.19327e-06
56.155 2.43806e-06
56.205 2.67111e-06
56.255 2.88721e-06
56.305 3.08121e-06
56.355 3.24824e-06
56.405 3.38395e-06
56.455 3.48481e-06
56.505 3.54823e-06
56.555 3.57282e-06
56.605 3.55839e-06
56.655 3.50605e-06
56.705 3.41807e-06
56.755 3.2978e-06
56.805 3.14942e-06
56.855 2.97773e-06
56.905 2.78793e-06
56.955 2.58531e-06
57.005 2.3751e-06
57.055 2.16224e-06
57.105 1.95127e-06
57.155 1.74625e-06
57.205 1.55071e-06
57.255 1.36764e-06
57.305 1.19951e-06
57.355 1.04832e-06
57.405 9.15554e-07
57.455 8.02207e-07
57.505 7.08623e-07
57.555 6.34324e-07
57.605 5.77832e-07
57.655 5.36631e-07
57.705 5.07429e-07
57.755 4.86643e-07
57.805 4.70935e-07
57.855 4.57572e-07
57.905 4.44562e-07
57.955 4.30629e-07
58.005 4.15106e-07
58.055 3.97814e-07
58.105 3.78968e-07
58.155 3.59101e-07
58.205 3.39011e-07
58.255 3.19722e-07
58.305 3.02416e-07
58.355 2.88336e-07
58.405 2.78593e-07
58.455 2.7392e-07
58.505 2.74442e-07
58.555 2.79571e-07
58.605 2.88101e-07
58.655 2.98424e-07
58.705 3.08753e-07
58.755 3.17269e-07
58.805 3.22189e-07
58.855 3.21783e-07
58.905 3.14367e-07
58.955 2.983e-07
59.005 2.71989e-07
59.055 2.33948e-07
59.105 1.82958e-07
59.155 1.18858e-07
59.205 5.15476e-08
59.255 8.55372e-08
59.305 1.967e-07
59.355 3.30779e-07
59.405 4.83176e-07
59.455 6.51842e-07
59.505 8.34372e-07
59.555 1.02763e-06
59.605 1.22773e-06
59.655 1.43015e-06
59.705 1.62995e-06
59.755 1.82209e-06
59.805 2.00175e-06
59.855 2.16468e-06
59.905 2.30744e-06
59.955 2.42765e-06
60.005 2.524e-06
60.055 2.59628e-06
60.105 2.6452e-06
60.155 2.67225e-06
60.205 2.67944e-06
60.255 2.66914e-06
60.305 2.64383e-06
60.355 2.606e-06
60.405 2.55799e-06
60.455 2.50197e-06
60.505 2.43985e-06
60.555 2.3733e-06
60.605 2.30377e-06
60.655 2.23247e-06
60.705 2.16042e-06
60.755 2.08846e-06
60.805 2.01728e-06
60.855 1.94745e-06
60.905 1.87942e-06
60.955 1.81355e-06
61.005 1.7501e-06
61.055 1.68927e-06
61.105 1.63117e-06
61.155 1.57585e-06
61.205 1.52329e-06
61.255 1.47339e-06
61.305 1.42599e-06
61.355 1.38086e-06
61.405 1.33767e-06
61.455 1.29604e-06
61.505 1.25549e-06
61.555 1.21545e-06
61.605 1.17527e-06
61.655 1.1342e-06
61.705 1.09141e-06
61.755 1.04597e-06
61.805 9.96868e-07
61.855 9.43019e-07
61.905 8.83291e-07
61.955 8.16458e-07
62.005 7.41309e-07
62.055 6.56627e-07
62.105 5.61265e-07
62.155 4.54244e-07
62.205 3.3506e-07
62.255 2.05063e-07
62.305 8.44721e-08
62.355 1.45152e-07
62.405 3.14987e-07
62.455 5.08128e-07
62.505 7.1762e-07
62.555 9.41113e-07
62.605 1.17646e-06
62.655 1.42111e-06
62.705 1.67197e-06
62.755 1.92538e-06
62.805 2.17712e-06
62.855 2.42252e-06
62.905 2.65655e-06
62.955 2.87401e-06
63.005 3.06973e-06
63.055 3.23882e-06
63.105 3.37689e-06
63.155 3.48032e-06
63.205 3.54648e-06
63.255 3.57384e-06
63.305 3.56218e-06
63.355 3.51247e-06
63.405 3.42691e-06
63.455 3.30878e-06
63.505 3.16221e-06
63.555 2.99197e-06
63.605 2.80322e-06
63.655 2.60128e-06
63.705 2.39136e-06
63.755 2.17845e-06
63.805 1.96712e-06
63.855 1.76147e-06
63.905 1.56506e-06
63.955 1.38092e-06
64.005 1.21158e-06
64.055 1.05905e-06
64.105 9.24865e-07
64.155 8.10062e-07
64.205 7.15034e-07
64.255 6.39369e-07
64.305 5.81666e-07
64.355 5.39476e-07
64.405 5.09545e-07
64.455 4.8829e-07
64.505 4.72337e-07
64.555 4.58899e-07
64.605 4.4593e-07
64.655 4.32106e-07
64.705 4.16718e-07
64.755 3.99556e-07
64.805 3.80809e-07
64.855 3.60988e-07
64.905 3.40875e-07
64.955 3.21477e-07
65.005 3.03969e-07
65.055 2.89593e-07
65.105 2.79478e-07
65.155 2.74397e-07
65.205 2.74528e-07
65.255 2.79335e-07
65.305 2.87656e-07
65.355 2.97905e-07
65.405 3.08301e-07
65.455 3.17025e-07
65.505 3.22289e-07
65.555 3.2236e-07
65.605 3.15548e-07
65.655 3.00209e-07
65.705 2.74745e-07
65.755 2.37652e-07
65.805 1.87676e-07
65.855 1.24473e-07
65.905 5.5566e-08
65.955 7.7952e-08
66.005 1.86734e-07
66.055 3.19316e-07
66.105 4.70383e-07
66.155 6.3787e-07
66.205 8.19423e-07
66.255 1.01197e-06
66.305 1.21167e-06
66.355 1.41404e-06
66.405 1.61419e-06
66.455 1.80704e-06
66.505 1.98777e-06
66.555 2.15205e-06
66.605 2.2964e-06
66.655 2.41835e-06
66.705 2.5165e-06
66.755 2.59056e-06
66.805 2.64119e-06
66.855 2.66981e-06
66.905 2.67841e-06
66.955 2.66935e-06
67.005 2.64509e-06
67.055 2.60812e-06
67.105 2.56081e-06
67.155 2.50533e-06
67.205 2.44362e-06
67.255 2.37737e-06
67.305 2.30803e-06
67.355 2.23684e-06
67.405 2.16483e-06
67.455 2.09285e-06
67.505 2.0216e-06
67.555 1.95167e-06
67.605 1.88352e-06
67.655 1.81746e-06
67.705 1.75384e-06
67.755 1.69281e-06
67.805 1.63451e-06
67.855 1.57898e-06
67.905 1.52622e-06
67.955 1.47613e-06
68.005 1.42855e-06
68.055 1.38326e-06
68.105 1.33994e-06
68.155 1.2982e-06
68.205 1.25758e-06
68.255 1.21752e-06
68.305 1.17737e-06
68.355 1.13638e-06
68.405 1.09374e-06
68.455 1.04851e-06
68.505 9.99711e-07
68.555 9.46247e-07
68.605 8.86977e-07
68.655 8.20703e-07
68.705 7.462e-07
68.755 6.62253e-07
68.805 5.67705e-07
68.855 4.61563e-07
68.905 3.43266e-07
68.955 2.13902e-07
69.005 8.99342e-08
69.055 1.35037e-07
69.105 3.0239e-07
69.155 4.94215e-07
69.205 7.026e-07
69.255 9.25129e-07
69.305 1.15967e-06
69.355 1.40372e-06
69.405 1.65423e-06
69.455 1.90758e-06
69.505 2.15958e-06
69.555 2.40559e-06
69.605 2.64061e-06
69.655 2.85945e-06
69.705 3.05692e-06
69.755 3.22811e-06
69.805 3.36857e-06
69.855 3.47464e-06
69.905 3.54358e-06
69.955 3.57381e-06
70.005 3.56497e-06
70.055 3.51796e-06
70.105 3.43492e-06
70.155 3.31903e-06
70.205 3.17435e-06
70.255 3.00564e-06
70.305 2.81805e-06
70.355 2.61686e-06
70.405 2.40732e-06
70.455 2.19443e-06
70.505 1.9828e-06
70.555 1.77656e-06
70.605 1.57933e-06
70.655 1.39417e-06
70.705 1.22363e-06
70.755 1.06978e-06
70.805 9.34192e-07
70.855 8.17929e-07
70.905 7.21444e-07
70.955 6.44393e-07
71.005 5.85447e-07
71.055 5.42232e-07
71.105 5.11536e-07
71.155 4.89777e-07
71.205 4.73552e-07
71.255 4.6002e-07
71.305 4.47081e-07
71.355 4.33358e-07
71.405 4.18102e-07
71.455 4.01071e-07
71.505 3.82426e-07
71.555 3.62657e-07
71.605 3.42528e-07
71.655 3.2303e-07
71.705 3.05329e-07
71.755 2.90668e-07
71.805 2.80191e-07
71.855 2.74708e-07
71.905 2.74448e-07
71.955 2.78931e-07
72.005 2.87035e-07
72.055 2.97196e-07
72.105 3.07644e-07
72.155 3.16559e-07
72.205 3.22148e-07
72.255 3.22672e-07
72.305 3.16442e-07
72.355 3.01805e-07
72.405 2.77161e-07
72.455 2.40994e-07
72.505 1.92017e-07
72.555 1.29748e-07
72.605 6.00142e-08
72.655 7.11733e-08
72.705 1.7738e-07
72.755 3.08466e-07
72.805 4.58214e-07
72.855 6.24533e-07
72.905 8.05116e-07
72.955 9.96949e-07
73.005 1.19625e-06
73.055 1.39858e-06
73.105 1.59904e-06
73.155 1.7926e-06
73.205 1.97438e-06
73.255 2.14001e-06
73.305 2.28595e-06
73.355 2.40962e-06
73.405 2.50956e-06
73.455 2.58541e-06
73.505 2.63774e-06
73.555 2.66794e-06
73.605 2.67796e-06
73.655 2.67013e-06
73.705 2.64692e-06
73.755 2.61083e-06
73.805 2.56422e-06
73.855 2.50928e-06
73.905 2.44798e-06
73.955 2.38202e-06
74.005 2.31287e-06
74.055 2.24179e-06
74.105 2.16981e-06
74.155 2.09781e-06
74.205 2.02649e-06
74.255 1.95645e-06
74.305 1.88814e-06
74.355 1.82193e-06
74.405 1.75812e-06
74.455 1.6969e-06
74.505 1.63839e-06
74.555 1.58266e-06
74.605 1.5297e-06
74.655 1.47941e-06
74.705 1.43165e-06
74.755 1.38626e-06
74.805 1.34274e-06
74.855 1.3009e-06
74.905 1.26022e-06
74.955 1.22013e-06
75.005 1.18e-06
75.055 1.1391e-06
75.105 1.0966e-06
75.155 1.0516e-06
75.205 1.0031e-06
75.255 9.50012e-07
75.305 8.91208e-07
75.355 8.25489e-07
75.405 7.51633e-07
75.455 6.68422e-07
75.505 5.74693e-07
75.555 4.69434e-07
75.605 3.52033e-07
75.655 2.23344e-07
75.705 9.67034e-08
75.755 1.2484e-07
75.805 2.89321e-07
75.855 4.79781e-07
75.905 6.87038e-07
75.955 9.08589e-07
76.005 1.14232e-06
76.055 1.38576e-06
76.105 1.6359e-06
76.155 1.88917e-06
76.205 2.14141e-06
76.255 2.38803e-06
76.305 2.62404e-06
76.355 2.84424e-06
76.405 3.04347e-06
76.455 3.21675e-06
76.505 3.35962e-06
76.555 3.46833e-06
76.605 3.54007e-06
76.655 3.57318e-06
76.705 3.56721e-06
76.755 3.52296e-06
76.805 3.44248e-06
76.855 3.32887e-06
76.905 3.18616e-06
76.955 3.01905e-06
77.005 2.83265e-06
77.055 2.63227e-06
77.105 2.42315e-06
77.155 2.21032e-06
77.205 1.99843e-06
77.255 1.79164e-06
77.305 1.59362e-06
77.355 1.40746e-06
77.405 1.23575e-06
77.455 1.0806e-06
77.505 9.43606e-07
77.555 8.25884e-07
77.605 7.27934e-07
77.655 6.49479e-07
77.705 5.89267e-07
77.755 5.44998e-07
77.805 5.13505e-07
77.855 4.91217e-07
77.905 4.74697e-07
77.955 4.61054e-07
78.005 4.48132e-07
78.055 4.34504e-07
78.105 4.19379e-07
78.155 4.02478e-07
78.205 3.8394e-07
78.255 3.6423e-07
78.305 3.44093e-07
78.355 3.24504e-07
78.405 3.06621e-07
78.455 2.91684e-07
78.505 2.80854e-07
78.555 2.74975e-07
78.605 2.74326e-07
78.655 2.78482e-07
78.705 2.86361e-07
78.755 2.96426e-07
78.805 3.06916e-07
78.855 3.16007e-07
78.905 3.21906e-07
78.955 3.22871e-07
79.005 3.17205e-07
79.055 3.03255e-07
79.105 2.79414e-07
79.155 2.4416e-07
79.205 1.96176e-07
79.255 1.34861e-07
79.305 6.47616e-08
79.355 6.49871e-08
79.405 1.68344e-07
79.455 2.9792e-07
79.505 4.46348e-07
79.555 6.115e-07
79.605 7.91108e-07
79.655 9.82215e-07
79.705 1.1811e-06
79.755 1.38336e-06
79.805 1.58414e-06
79.855 1.77837e-06
79.905 1.96118e-06
79.955 2.12815e-06
80.005 2.27565e-06
80.055 2.40104e-06
80.105 2.50279e-06
80.155 2.58041e-06
80.205 2.63445e-06
80.255 2.66623e-06
80.305 2.67769e-06
80.355 2.6711e-06
80.405 2.64896e-06
80.455 2.61374e-06
80.505 2.56783e-06
80.555 2.51345e-06
80.605 2.45256e-06
80.655 2.3869e-06
80.705 2.31794e-06
80.755 2.24697e-06
80.805 2.17503e-06
80.855 2.103e-06
80.905 2.03161e-06
80.955 1.96146e-06
81.005 1.89301e-06
81.055 1.82664e-06
81.105 1.76264e-06
81.155 1.70122e-06
81.205 1.64251e-06
81.255 1.58657e-06
81.305 1.5334e-06
81.355 1.48292e-06
81.405 1.43498e-06
81.455 1.38936e-06
81.505 1.34577e-06
81.555 1.30382e-06
81.605 1.26307e-06
81.655 1.22296e-06
81.705 1.18285e-06
81.755 1.14203e-06
81.805 1.09969e-06
81.855 1.0549e-06
81.905 1.00669e-06
81.955 9.53981e-07
82.005 8.9564e-07
82.055 8.30474e-07
82.105 7.57262e-07
82.155 6.74785e-07
82.205 5.81872e-07
82.255 4.77496e-07
82.305 3.60998e-07
82.355 2.33022e-07
82.405 1.04396e-07
82.455 1.14956e-07
82.505 2.76128e-07
82.555 4.65179e-07
82.605 6.71293e-07
82.655 8.91853e-07
82.705 1.12476e-06
82.755 1.36757e-06
82.805 1.61733e-06
82.855 1.8705e-06
82.905 2.12297e-06
82.955 2.37017e-06
83.005 2.60714e-06
83.055 2.8287e-06
83.105 3.02964e-06
83.155 3.20501e-06
83.205 3.35027e-06
83.255 3.46162e-06
83.305 3.53618e-06
83.355 3.57219e-06
83.405 3.56909e-06
83.455 3.52763e-06
83.505 3.44973e-06
83.555 3.33845e-06
83.605 3.19774e-06
83.655 3.03226e-06
83.705 2.8471e-06
83.755 2.64757e-06
83.805 2.43891e-06
83.855 2.22619e-06
83.905 2.01407e-06
83.955 1.80677e-06
84.005 1.60797e-06
84.055 1.42083e-06
84.105 1.24797e-06
84.155 1.09152e-06
84.205 9.53128e-07
84.255 8.33946e-07
84.305 7.34528e-07
84.355 6.5466e-07
84.405 5.93173e-07
84.455 5.47812e-07
84.505 5.15501e-07
84.555 4.92657e-07
84.605 4.75821e-07
84.655 4.62051e-07
84.705 4.49139e-07
84.755 4.35599e-07
84.805 4.206e-07
84.855 4.03833e-07
84.905 3.85404e-07
84.955 3.65757e-07
85.005 3.45618e-07
85.055 3.25948e-07
85.105 3.07892e-07
85.155 2.9269e-07
85.205 2.81515e-07
85.255 2.75245e-07
85.305 2.74209e-07
85.355 2.78032e-07
85.405 2.8568e-07
85.455 2.9564e-07
85.505 3.06161e-07
85.555 3.15418e-07
85.605 3.21617e-07
85.655 3.23009e-07
85.705 3.17895e-07
85.755 3.0462e-07
85.805 2.81572e-07
85.855 2.47219e-07
85.905 2.00219e-07
85.955 1.39874e-07
86.005 6.97291e-08
86.055 5.93669e-08
86.105 1.59509e-07
86.155 2.87555e-07
86.205 4.34657e-07
86.255 5.98631e-07
86.305 7.77254e-07
86.355 9.67635e-07
86.405 1.16607e-06
86.455 1.36824e-06
86.505 1.5693e-06
86.555 1.76419e-06
86.605 1.94801e-06
86.655 2.11629e-06
86.705 2.26534e-06
86.755 2.39244e-06
86.805 2.49596e-06
86.855 2.57538e-06
86.905 2.63114e-06
86.955 2.66453e-06
87.005 2.67742e-06
87.055 2.67209e-06
87.105 2.65102e-06
87.155 2.61669e-06
87.205 2.5715e-06
87.255 2.51768e-06
87.305 2.45722e-06
87.355 2.39185e-06
87.405 2.3231e-06
87.455 2.25224e-06
87.505 2.18034e-06
87.555 2.10829e-06
87.605 2.03683e-06
87.655 1.96657e-06
87.705 1.89798e-06
87.755 1.83145e-06
87.805 1.76726e-06
87.855 1.70564e-06
87.905 1.64673e-06
87.955 1.59058e-06
88.005 1.53721e-06
88.055 1.48653e-06
88.105 1.43841e-06
88.155 1.39263e-06
88.205 1.34889e-06
88.255 1.30684e-06
88.305 1.26601e-06
88.355 1.22587e-06
88.405 1.18579e-06
88.455 1.14505e-06
88.505 1.10285e-06
88.555 1.05827e-06
88.605 1.01035e-06
88.655 9.58016e-07
88.705 9.00133e-07
88.755 8.35515e-07
88.805 7.62943e-07
88.855 6.81195e-07
88.905 5.89094e-07
88.955 4.85599e-07
89.005 3.70006e-07
89.055 2.42779e-07
89.105 1.12744e-07
89.155 1.05625e-07
89.205 2.62962e-07
89.255 4.50561e-07
89.305 6.55517e-07
89.355 8.75072e-07
89.405 1.10714e-06
89.455 1.34931e-06
89.505 1.59867e-06
89.555 1.85171e-06
89.605 2.10439e-06
89.655 2.35215e-06
89.705 2.59005e-06
89.755 2.81293e-06
89.805 3.01559e-06
89.855 3.19302e-06
89.905 3.34066e-06
89.955 3.45464e-06
90.005 3.53201e-06
90.055 3.57091e-06
90.105 3.57071e-06
90.155 3.53205e-06
90.205 3.45676e-06
90.255 3.34783e-06
90.305 3.20915e-06
90.355 3.04534e-06
90.405 2.86145e-06
90.455 2.6628e-06
90.505 2.45464e-06
90.555 2.24205e-06
90.605 2.02974e-06
90.655 1.82194e-06
90.705 1.6224e-06
90.755 1.43428e-06
90.805 1.26028e-06
90.855 1.10254e-06
90.905 9.62762e-07
90.955 8.42126e-07
91.005 7.41235e-07
91.055 6.5994e-07
91.105 5.97146e-07
91.155 5.50698e-07
91.205 5.17538e-07
91.255 4.94116e-07
91.305 4.76946e-07
91.355 4.63038e-07
91.405 4.50121e-07
91.455 4.36665e-07
91.505 4.21793e-07
91.555 4.05156e-07
91.605 3.86857e-07
91.655 3.67263e-07
91.705 3.47128e-07
91.755 3.27385e-07
91.805 3.09161e-07
91.855 2.93703e-07
91.905 2.82193e-07
91.955 2.75535e-07
92.005 2.74111e-07
92.055 2.776e-07
92.105 2.85008e-07
92.155 2.94854e-07
92.205 3.05394e-07
92.255 3.14808e-07
92.305 3.21296e-07
92.355 3.23104e-07
92.405 3.18533e-07
92.455 3.05923e-07
92.505 2.83658e-07
92.555 2.50196e-07
92.605 2.04176e-07
92.655 1.4481e-07
92.705 7.48517e-08
92.755 5.43786e-08
92.805 1.50837e-07
92.855 2.77324e-07
92.905 4.23091e-07
92.955 5.85878e-07
93.005 7.635e-07
93.055 9.5311e-07
93.105 1.1511e-06
93.155 1.35315e-06
93.205 1.55446e-06
93.255 1.74999e-06
93.305 1.93479e-06
93.355 2.10437e-06
93.405 2.25495e-06
93.455 2.38375e-06
93.505 2.48907e-06
93.555 2.57027e-06
93.605 2.62776e-06
93.655 2.66275e-06
93.705 2.67709e-06
93.755 2.67304e-06
93.805 2.65305e-06
93.855 2.61962e-06
93.905 2.57517e-06
93.955 2.52192e-06
94.005 2.46188e-06
94.055 2.39683e-06
94.105 2.32828e-06
94.155 2.25754e-06
94.205 2.18568e-06
94.255 2.11361e-06
94.305 2.04209e-06
94.355 1.97172e-06
94.405 1.90299e-06
94.455 1.8363e-06
94.505 1.77193e-06
94.555 1.71012e-06
94.605 1.651e-06
94.655 1.59465e-06
94.705 1.54106e-06
94.755 1.49019e-06
94.805 1.44188e-06
94.855 1.39594e-06
94.905 1.35206e-06
94.955 1.3099e-06
95.005 1.269e-06
95.055 1.22883e-06
95.105 1.18876e-06
95.155 1.1481e-06
95.205 1.10603e-06
95.255 1.06167e-06
95.305 1.01403e-06
95.355 9.6206e-07
95.405 9.04629e-07
95.455 8.40554e-07
95.505 7.68615e-07
95.555 6.87589e-07
95.605 5.96297e-07
95.655 4.93679e-07
95.705 3.78994e-07
95.755 2.52545e-07
95.805 1.2156e-07
95.855 9.70491e-08
95.905 2.49889e-07
95.955 4.35991e-07
96.005 6.39773e-07
96.055 8.58315e-07
96.105 1.08953e-06
96.155 1.33104e-06
96.205 1.57998e-06
96.255 1.83288e-06
96.305 2.08574e-06
96.355 2.33403e-06
96.405 2.57284e-06
96.455 2.79701e-06
96.505 3.00135e-06
96.555 3.18082e-06
96.605 3.33082e-06
96.655 3.44742e-06
96.705 3.52758e-06
96.755 3.56938e-06
96.805 3.57208e-06
96.855 3.53623e-06
96.905 3.46358e-06
96.955 3.35703e-06
97.005 3.2204e-06
97.055 3.05828e-06
97.105 2.87572e-06
97.155 2.67797e-06
97.205 2.47034e-06
97.255 2.25792e-06
97.305 2.04543e-06
97.355 1.83716e-06
97.405 1.63688e-06
97.455 1.44782e-06
97.505 1.27268e-06
97.555 1.11367e-06
97.605 9.72506e-07
97.655 8.50418e-07
97.705 7.48053e-07
97.755 6.65327e-07
97.805 6.01218e-07
97.855 5.53653e-07
97.905 5.19626e-07
97.955 4.95606e-07
98.005 4.78083e-07
98.055 4.6402e-07
98.105 4.51093e-07
98.155 4.37716e-07
98.205 4.22966e-07
98.255 4.06464e-07
98.305 3.88262e-07
98.355 3.68755e-07
98.405 3.48632e-07
98.455 3.28822e-07
98.505 3.10444e-07
98.555 2.94735e-07
98.605 2.82892e-07
98.655 2.75855e-07
98.705 2.7405e-07
98.755 2.77189e-07
98.805 2.84351e-07
98.855 2.94072e-07
98.905 3.04622e-07
98.955 3.14183e-07
99.005 3.2095e-07
99.055 3.23166e-07
99.105 3.19127e-07
99.155 3.07171e-07
99.205 2.85678e-07
99.255 2.53101e-07
99.305 2.08054e-07
99.355 1.49677e-07
99.405 8.00783e-08
99.455 5.01422e-08
99.505 1.42314e-07
99.555 2.67207e-07
99.605 4.1163e-07
99.655 5.7322e-07
99.705 7.49825e-07
99.755 9.38659e-07
99.805 1.13616e-06
99.855 1.33807e-06
99.905 1.53961e-06
99.955 1.73574e-06
100.005 1.92151e-06
100.055 2.09235e-06
100.105 2.24446e-06
100.155 2.37496e-06
100.205 2.48205e-06
100.255 2.56505e-06
100.305 2.62427e-06
100.355 2.66088e-06
100.405 2.67668e-06
100.455 2.67391e-06
100.505 2.65502e-06
100.555 2.62251e-06
100.605 2.57879e-06
100.655 2.52613e-06
100.705 2.46653e-06
100.755 2.4018e-06
100.805 2.33347e-06
100.855 2.26284e-06
100.905 2.19104e-06
100.955 2.11896e-06
101.005 2.04738e-06
101.055 1.9769e-06
101.105 1.90803e-06
101.155 1.84117e-06
101.205 1.77663e-06
101.255 1.71462e-06
101.305 1.65529e-06
101.355 1.59874e-06
101.405 1.54495e-06
101.455 1.49388e-06
101.505 1.44539e-06
101.555 1.39927e-06
101.605 1.35526e-06
101.655 1.31298e-06
101.705 1.272e-06
101.755 1.2318e-06
101.805 1.19175e-06
101.855 1.15115e-06
101.905 1.10922e-06
101.955 1.06506e-06
102.005 1.0177e-06
102.055 9.6609e-07
102.105 9.09105e-07
102.155 8.45566e-07
102.205 7.74254e-07
102.255 6.93946e-07
102.305 6.03455e-07
102.355 5.0171e-07
102.405 3.87934e-07
102.455 2.62288e-07
102.505 1.30716e-07
102.555 8.94421e-08
102.605 2.36945e-07
102.655 4.21497e-07
102.705 6.24092e-07
102.755 8.41608e-07
102.805 1.07195e-06
102.855 1.31279e-06
102.905 1.56129e-06
102.955 1.81403e-06
103.005 2.06704e-06
103.055 2.31583e-06
103.105 2.55553e-06
103.155 2.78097e-06
103.205 2.98696e-06
103.255 3.16844e-06
103.305 3.32077e-06
103.355 3.43998e-06
103.405 3.52293e-06
103.455 3.56763e-06
103.505 3.57324e-06
103.555 3.5402e-06
103.605 3.4702e-06
103.655 3.36605e-06
103.705 3.23151e-06
103.755 3.07112e-06
103.805 2.88989e-06
103.855 2.69309e-06
103.905 2.48602e-06
103.955 2.27378e-06
104.005 2.06114e-06
104.055 1.85242e-06
104.105 1.65143e-06
104.155 1.46143e-06
104.205 1.28518e-06
104.255 1.1249e-06
104.305 9.82359e-07
104.355 8.58822e-07
104.405 7.54983e-07
104.455 6.70819e-07
104.505 6.05385e-07
104.555 5.56683e-07
104.605 5.21768e-07
104.655 4.97129e-07
104.705 4.79236e-07
104.755 4.65006e-07
104.805 4.52058e-07
104.855 4.38754e-07
104.905 4.24126e-07
104.955 4.07758e-07
105.005 3.89671e-07
105.055 3.70241e-07
105.105 3.50135e-07
105.155 3.30264e-07
105.205 3.11738e-07
105.255 2.95787e-07
105.305 2.83617e-07
105.355 2.76197e-07
105.405 2.73993e-07
105.455 2.76798e-07
105.505 2.83707e-07
105.555 2.93294e-07
105.605 3.03846e-07
105.655 3.13541e-07
105.705 3.20616e-07
105.755 3.23193e-07
105.805 3.19677e-07
105.855 3.08367e-07
105.905 2.8764e-07
105.955 2.55936e-07
106.005 2.11859e-07
106.055 1.54474e-07
106.105 8.53709e-08
106.155 4.68036e-08
106.205 1.3394e-07
106.255 2.57202e-07
106.305 4.00267e-07
106.355 5.60649e-07
106.405 7.36224e-07
106.455 9.24258e-07
106.505 1.12126e-06
106.555 1.323e-06
106.605 1.52474e-06
106.655 1.72144e-06
106.705 1.90814e-06
106.755 2.08024e-06
106.805 2.23386e-06
106.855 2.36604e-06
106.905 2.47491e-06
106.955 2.5597e-06
107.005 2.62066e-06
107.055 2.65889e-06
107.105 2.67617e-06
107.155 2.6747e-06
107.205 2.65692e-06
107.255 2.62534e-06
107.305 2.58238e-06
107.355 2.5303e-06
107.405 2.47116e-06
107.455 2.40675e-06
107.505 2.33864e-06
107.555 2.26815e-06
107.605 2.19639e-06
107.655 2.12431e-06
107.705 2.05267e-06
107.755 1.98209e-06
107.805 1.91309e-06
107.855 1.84607e-06
107.905 1.78134e-06
107.955 1.71914e-06
108.005 1.65961e-06
108.055 1.60285e-06
108.105 1.54885e-06
108.155 1.49758e-06
108.205 1.44891e-06
108.255 1.40262e-06
108.305 1.35846e-06
108.355 1.31607e-06
108.405 1.27501e-06
108.455 1.23477e-06
108.505 1.19473e-06
108.555 1.15421e-06
108.605 1.1124e-06
108.655 1.06844e-06
108.705 1.02135e-06
108.755 9.70095e-07
108.805 9.13552e-07
108.855 8.50542e-07
108.905 7.7985e-07
108.955 7.00252e-07
109.005 6.10558e-07
109.055 5.09683e-07
109.105 3.96815e-07
109.155 2.71993e-07
109.205 1.40118e-07
109.255 8.30435e-08
109.305 2.24151e-07
109.355 4.07093e-07
109.405 6.08485e-07
109.455 8.24963e-07
109.505 1.05443e-06
109.555 1.29458e-06
109.605 1.54262e-06
109.655 1.79517e-06
109.705 2.04831e-06
109.755 2.29758e-06
109.805 2.53812e-06
109.855 2.76481e-06
109.905 2.97242e-06
109.955 3.15589e-06
