10.005 -4.89396 -8.40107 -9.86521 -6.00046 -0.0401468 3.29693 3.08878 1.47491 -0.218119 -1.91352 -0.587017 4.78442 9.2862 8.0998 3.01143 -1.17317 -4.85943 -8.57525 -10.7194 -7.65243 -1.82008 1.46291 1.80027
10.055 -3.7226 -7.03893 -10.1738 -7.91263 -1.90861 2.6122 3.56618 2.0576 0.372603 -0.980578 -1.4523 2.3172 8.32648 8.81211 4.90639 0.270758 -3.55566 -7.23882 -10.6171 -9.23841 -3.60453 0.763566 1.99983
10.105 -2.5769 -5.6367 -9.45726 -9.2804 -4.24975 1.29015 3.67659 2.81829 1.23001 -0.387289 -2.08736 0.241631 6.43156 9.56654 7.17073 1.56156 -2.39758 -5.99304 -9.74882 -10.3828 -5.93399 -0.555417 1.95331
10.155 -1.4813 -4.26818 -8.26235 -10.1332 -6.50111 -0.359988 3.31901 3.4964 1.90673 0.0174865 -1.81593 -0.740402 4.4813 9.2062 8.18374 3.20576 -0.996128 -4.68027 -8.47452 -10.9375 -8.01406 -2.03245 1.53872
10.205 -0.465238 -2.98598 -6.88393 -10.22 -8.31632 -2.36086 2.40323 3.75557 2.475 0.741803 -0.789685 -1.58458 1.99438 8.14126 8.91076 5.15365 0.420761 -3.38586 -7.11312 -10.7006 -9.5643 -3.92995 0.662889
10.255 0.528964 -1.73566 -5.49407 -9.37334 -9.57352 -4.75336 0.944347 3.66053 3.16163 1.62166 -0.175065 -2.11342 0.0292843 6.22769 9.61507 7.32153 1.72887 -2.2118 -5.83081 -9.73792 -10.6869 -6.30711 -0.779867
10.305 1.57945 -0.498708 -4.14997 -8.11153 -10.2873 -6.95934 -0.761603 3.13187 3.65081 2.23512 0.303743 -1.64507 -0.888067 4.18529 9.16462 8.29244 3.41537 -0.807626 -4.48893 -8.37817 -11.1842 -8.39926 -2.3075
10.355 2.64339 0.732737 -2.89183 -6.73837 -10.1737 -8.64627 -2.8545 2.05945 3.72353 2.72972 1.07819 -0.572832 -1.6882 1.69661 7.99095 9.06415 5.43355 0.577939 -3.20845 -6.98895 -10.8078 -9.92379 -4.29702
10.405 3.69395 2.02146 -1.67644 -5.37623 -9.24628 -9.79891 -5.25604 0.521128 3.45852 3.29625 1.91318 0.042429 -2.11213 -0.164285 6.08057 9.70804 7.48599 1.92224 -2.00157 -5.65132 -9.73613 -11.0169 -6.69333
10.455 4.79565 3.4635 -0.488077 -4.07967 -7.95885 -10.4024 -7.40024 -1.21332 2.80504 3.59397 2.41835 0.56322 -1.4561 -1.06352 3.88747 9.19922 8.46239 3.66201 -0.590606 -4.27109 -8.27831 -11.4546 -8.82005
10.505 5.89128 5.05615 0.675194 -2.87949 -6.62564 -10.1194 -8.97084 -3.40536 1.59519 3.48707 2.81223 1.35284 -0.367944 -1.85779 1.33807 7.91727 9.33793 5.79679 0.775491 -2.99499 -6.84587 -10.9451 -10.3875
10.555 6.74155 6.56169 1.9174 -1.68256 -5.29152 -9.12921 -10.0185 -5.78359 0.0175722 3.05809 3.20139 2.09113 0.239469 -2.20682 -0.465349 6.01009 9.91633 7.73724 2.19184 -1.72599 -5.4302 -9.76242 -11.502
10.605 6.74593 7.7001 3.45151 -0.442105 -4.00341 -7.81589 -10.4871 -7.80469 -1.67646 2.36141 3.32577 2.42158 0.70634 -1.36716 -1.32082 3.61133 9.34871 8.7405 3.9861 -0.319353 -4.03626 -8.25802 -11.9301
10.655 6.19583 8.82848 5.26356 0.773287 -2.8129 -6.51453 -10.0394 -9.23676 -3.91536 1.08506 3.1087 2.71359 1.43235 -0.35399 -2.10667 1.03505 7.90598 9.72662 6.22405 0.989089 -2.81057 -6.83141 -11.2749
10.705 5.33963 9.56709 6.92596 2.10671 -1.57928 -5.19267 -8.99982 -10.1688 -6.22795 -0.470941 2.60432 2.9536 2.02363 0.189428 -2.30974 -0.614414 5.95357 10.0712 7.89455 2.4218 -1.52882 -5.38278 -9.92679
10.755 4.12132 9.2031 8.1086 3.75323 -0.27485 -3.89635 -7.67022 -10.505 -8.12623 -2.14296 1.89374 2.96096 2.21998 0.637133 -1.31878 -1.48524 3.32781 9.35861 8.86086 4.17908 -0.204177 -4.01395 -8.36905
10.805 2.22286 8.06454 9.28508 5.72101 0.966308 -2.70931 -6.38744 -9.92129 -9.43952 -4.40088 0.6306 2.71679 2.44054 1.31681 -0.382325 -2.28164 0.708012 7.77586 9.93782 6.44583 1.03824 -2.79948 -6.84872
10.855 0.309874 6.48152 9.87387 7.32875 2.36991 -1.42962 -5.07523 -8.84029 -10.2454 -6.60235 -0.861801 2.23226 2.61861 1.77779 0.0559594 -2.35936 -0.74695 5.80439 10.0954 7.94395 2.53623 -1.46148 -5.3075
10.905 -0.427215 4.18189 9.40448 8.44166 4.08022 -0.0852247 -3.77728 -7.51721 -10.4467 -8.35801 -2.5299 1.56655 2.63342 1.89902 0.442441 -1.33081 -1.60599 3.10276 9.34935 8.99069 4.35175 -0.128266 -3.89597
10.955 -1.13305 1.69398 8.04407 9.57659 6.1674 1.15148 -2.60666 -6.25903 -9.77338 -9.57555 -4.79094 0.358095 2.46396 2.12329 1.05117 -0.523428 -2.39413 0.54939 7.77134 10.194 6.67006 1.15357 -2.64296
11.005 -1.53158 0.387209 6.26443 9.83868 7.58366 2.60502 -1.29153 -4.9657 -8.66894 -10.2734 -6.88348 -1.09109 2.05937 2.34291 1.4292 -0.188131 -2.39139 -0.762705 5.79875 10.2899 8.1651 2.76927 -1.23667
11.055 -0.998344 -0.330678 3.91623 9.16406 8.55921 4.34035 0.0623742 -3.68135 -7.3724 -10.3631 -8.52607 -2.80293 1.43085 2.44316 1.55798 0.150791 -1.42338 -1.63346 3.12368 9.58001 9.3839 4.74278 0.17618
11.105 -0.354554 -1.0516 1.56075 7.60439 9.5946 6.46814 1.28539 -2.53273 -6.14839 -9.63591 -9.68052 -5.08595 0.243495 2.37181 1.84954 0.714698 -0.751258 -2.45583 0.61319 8.08292 10.7756 7.19294 1.59727
11.155 -0.27106 -1.1713 0.476352 5.77291 9.5998 7.71304 2.79525 -1.18498 -4.87416 -8.51761 -10.3017 -7.10635 -1.21499 2.00699 2.14652 1.07831 -0.49183 -2.45045 -0.666898 6.0815 10.8705 8.75038 3.32342
11.205 -0.303058 -0.52297 -0.221357 3.45411 8.77711 8.59104 4.5748 0.184148 -3.6014 -7.24814 -10.2854 -8.66764 -3.02034 1.34053 2.31417 1.26864 -0.158315 -1.58041 -1.60632 3.40011 10.1295 10.101 5.39693
11.255 -0.0610314 -0.0351384 -0.917499 1.25193 7.10525 9.54407 6.72296 1.42875 -2.44956 -6.04328 -9.51266 -9.77818 -5.33478 0.109385 2.27459 1.6397 0.406993 -1.01198 -2.49354 0.850654 8.63772 11.5681 7.8279
11.305 0.104891 -0.0493179 -0.890507 0.335991 5.24545 9.36298 7.84063 3.00564 -1.06329 -4.77455 -8.37195 -10.334 -7.3138 -1.37963 1.9118 1.98502 0.782538 -0.773648 -2.4885 -0.519802 6.48507 11.6157 9.44839
11.355 0.0820406 -0.0103172 -0.204481 -0.326245 2.9563 8.40759 8.64237 4.83965 0.321408 -3.50899 -7.1231 -10.2058 -8.80961 -3.28583 1.18589 2.19181 1.04207 -0.415918 -1.73122 -1.60574 3.71504 10.8463 11.0048
11.405 0.0925607 0.256449 0.180102 -0.97002 0.900835 6.6551 9.4978 6.96947 1.60488 -2.33596 -5.92519 -9.38941 -9.87744 -5.60713 -0.0943103 2.14453 1.47996 0.166895 -1.25554 -2.61148 1.05018 9.36464 12.5986
11.455 0.165194 0.346818 0.127442 -0.796823 0.0887202 4.7541 9.17474 7.9902 3.24869 -0.913016 -4.65363 -8.2208 -10.3723 -7.54585 -1.60453 1.76431 1.84705 0.556911 -1.03709 -2.60622 -0.415602 7.07214 12.6741
11.505 0.179788 0.301764 0.220448 -0.0965328 -0.57347 2.48209 8.10287 8.7549 5.16206 0.492304 -3.38875 -6.98451 -10.1253 -8.97436 -3.60183 0.943259 2.04821 0.877741 -0.667058 -1.97152 -1.43844 4.51683 11.7959
11.555 0.14477 0.342816 0.492242 0.196206 -1.17227 0.561115 6.29791 9.50826 7.24673 1.83325 -2.17393 -5.77812 -9.25645 -9.98282 -5.90584 -0.388856 1.94755 1.31305 -0.127074 -1.50104 -1.96635 2.35362 10.0003
11.605 0.14634 0.399338 0.524434 0.142205 -0.833085 -0.16409 4.33064 9.04717 8.16674 3.52761 -0.724446 -4.49869 -8.05177 -10.4128 -7.80131 -1.89849 1.5674 1.65572 0.255489 -1.14397 -1.7805 0.829765 7.5559
11.655 0.0919676 0.390943 0.479636 0.304679 -0.133808 -0.816896 2.0923 7.82685 8.89268 5.51611 0.67687 -3.2468 -6.83003 -10.0431 -9.15872 -3.97104 0.661652 1.84345 0.662151 -0.685737 -1.36579 -0.273954 5.18818
11.705 -0.175139 0.348481 0.579105 0.575833 0.0914414 -1.33646 0.321305 5.98202 9.49742 7.48332 2.0712 -1.99055 -5.61413 -9.12223 -10.1003 -6.23437 -0.701159 1.69917 1.13073 -0.145434 -1.06626 -0.887294 3.25793
11.755 -0.791184 0.172969 0.787002 0.602255 0.0601477 -0.861925 -0.383374 3.92029 8.93777 8.33468 3.81217 -0.524049 -4.32823 -7.88533 -10.4615 -8.07986 -2.22635 1.31055 1.48516 0.22373 -0.799382 -0.825485 1.9106
11.805 -1.77236 -0.308068 0.991711 0.690242 0.30657 -0.227313 -1.05166 1.72657 7.55097 9.05476 5.90085 0.85701 -3.09899 -6.67368 -9.96906 -9.37247 -4.37399 0.336743 1.67384 0.654708 -0.406123 -0.620568 0.957775
11.855 -3.00001 -1.17992 1.13483 1.03099 0.620141 -0.0678337 -1.47208 0.135316 5.68918 9.46111 7.67391 2.3036 -1.80201 -5.44692 -8.99063 -10.2376 -6.58671 -1.02821 1.50655 1.10276 0.0544545 -0.410977 0.387293
11.905 -4.30178 -2.4212 1.09295 1.49423 0.747729 -0.0269729 -0.88628 -0.600002 3.50828 8.80797 8.46698 4.08061 -0.329179 -4.15538 -7.72993 -10.5115 -8.36871 -2.58376 1.09451 1.44739 0.410682 -0.181119 0.132969
11.955 -5.67176 -3.98061 0.655891 1.9093 1.04635 0.358024 -0.312505 -1.33898 1.27124 7.2333 9.24648 6.33042 1.02058 -2.95389 -6.51582 -9.91108 -9.61463 -4.78697 0.0439086 1.6096 0.861674 0.137327 0.0430685
12.005 -6.93877 -5.63684 -0.279379 2.16064 1.64107 0.747018 -0.187809 -1.66965 -0.15393 5.39204 9.43035 7.85316 2.5422 -1.59754 -5.26155 -8.85749 -10.3876 -6.94208 -1.33047 1.39424 1.26348 0.494621 0.110096
12.055 -7.95796 -7.28396 -1.63394 2.07281 2.28402 1.02777 -0.0272592 -0.996773 -0.971868 3.06059 8.69159 8.61783 4.3713 -0.106664 -3.94613 -7.55845 -10.5368 -8.64668 -2.93819 0.915059 1.54851 0.767579 0.244355
12.105 -8.16438 -8.62442 -3.53712 1.34099 2.7684 1.57823 0.510275 -0.456082 -1.726 0.822082 6.96019 9.42021 6.706 1.21683 -2.76279 -6.33242 -9.83709 -9.84667 -5.17618 -0.203113 1.64772 1.16562 0.506561
12.155 -7.77242 -9.60373 -5.58068 0.0668187 2.9207 2.41003 1.03807 -0.29711 -1.87209 -0.394699 5.10646 9.37603 7.9929 2.7812 -1.38111 -5.06176 -8.7147 -10.5359 -7.28282 -1.58749 1.39171 1.51033 0.80771
12.205 -6.99797 -10.0829 -7.47993 -1.58741 2.55382 3.06896 1.52758 0.0828364 -1.06945 -1.25604 2.68306 8.53352 8.72364 4.63811 0.0908314 -3.74802 -7.39571 -10.5658 -8.92321 -3.26652 0.82534 1.74658 1.05943
12.255 -6.02465 -9.52164 -8.8946 -3.76634 1.48819 3.40798 2.2537 0.817454 -0.505173 -1.97593 0.504032 6.69945 9.51389 6.96702 1.38833 -2.58447 -6.16439 -9.78507 -10.0936 -5.54402 -0.379373 1.78336 1.46808
12.305 -4.90886 -8.4174 -9.85594 -5.97304 -0.0187201 3.30135 3.07975 1.46668 -0.223776 -1.92124 -0.576499 4.81144 9.29409 8.08925 2.98882 -1.19193 -4.87656 -8.59275 -10.7154 -7.62864 -1.80168 1.46679 1.79496
12.355 -3.73726 -7.05634 -10.1783 -7.89294 -1.88082 2.6252 3.56225 2.04879 0.362582 -0.989831 -1.44421 2.34268 8.34547 8.8041 4.87984 0.253048 -3.57191 -7.25569 -10.6247 -9.22202 -3.57782 0.77567 1.99604
12.405 -2.59151 -5.65475 -9.4702 -9.26585 -4.21939 1.30939 3.67829 2.80731 1.21968 -0.392353 -2.08555 0.25767 6.45436 9.56478 7.15225 1.54244 -2.41481 -6.00984 -9.76264 -10.3717 -5.90567 -0.538547 1.95471
12.455 -1.4947 -4.285 -8.27984 -10.1259 -6.47384 -0.337392 3.32678 3.48978 1.89881 0.0100583 -1.8271 -0.730321 4.51033 9.21519 8.17353 3.18263 -1.01501 -4.69768 -8.49241 -10.9341 -7.99039 -2.01373 1.54356
12.505 -0.477655 -3.00193 -6.90162 -10.2267 -8.29747 -2.33165 2.41892 3.75402 2.46676 0.730492 -0.800511 -1.57726 2.02079 8.16203 8.902 5.12583 0.403633 -3.40154 -7.12979 -10.7105 -9.54835 -3.9014 0.677886
12.555 0.516026 -1.75176 -5.512 -9.38723 -9.56054 -4.7232 0.964779 3.66422 3.15297 1.6117 -0.181299 -2.1142 0.0434203 6.25073 9.6156 7.30522 1.70912 -2.22947 -5.8481 -9.75377 -10.6769 -6.27819 -0.761743
12.605 1.56548 -0.514735 -4.16693 -8.12937 -10.2816 -6.93306 -0.738544 3.14117 3.64699 2.22825 0.295045 -1.65943 -0.877704 4.2174 9.17407 8.28179 3.39169 -0.826132 -4.50628 -8.39745 -11.1817 -8.37526 -2.28825
12.655 2.63026 0.716929 -2.90752 -6.75567 -10.1821 -8.62865 -2.82421 2.07682 3.72424 2.72228 1.06606 -0.584753 -1.68059 1.72517 8.01323 9.05325 5.40355 0.561472 -3.22354 -7.00647 -10.8188 -9.90739 -4.26777
12.705 3.68036 2.00414 -1.69208 -5.3936 -9.26082 -9.7874 -5.22617 0.542444 3.46419 3.28971 1.90374 0.0353816 -2.11415 -0.150317 6.10425 9.70936 7.4702 1.90201 -2.01955 -5.66971 -9.7533 -11.0075 -6.66433
12.755 4.78103 3.44354 -0.503586 -4.09603 -7.97683 -10.398 -7.37485 -1.18992 2.81563 3.59257 2.41304 0.554058 -1.47431 -1.05221 3.92504 9.20799 8.45043 3.63755 -0.609149 -4.28905 -8.29838 -11.4526 -8.7952
12.805 5.87665 5.03458 0.660515 -2.89424 -6.64247 -10.1291 -8.95404 -3.37392 1.61415 3.4898 2.80581 1.34099 -0.378643 -1.84926 1.36849 7.94128 9.32301 5.76309 0.759437 -3.00981 -6.86379 -10.9565 -10.3697
12.855 6.73767 6.54654 1.89991 -1.69851 -5.3087 -9.14452 -10.009 -5.75503 0.0381729 3.06506 3.19735 2.08445 0.233472 -2.2121 -0.454253 6.03486 9.92019 7.72301 2.17049 -1.74442 -5.4491 -9.78053 -11.4927
12.905 6.74917 7.68557 3.42971 -0.45836 -4.01985 -7.83415 -10.4842 -7.78087 -1.65394 2.37225 3.32596 2.41841 0.697941 -1.38605 -1.31037 3.64866 9.3596 8.72859 3.9609 -0.337551 -4.05356 -8.27676 -11.9303
12.955 6.20597 8.81125 5.23685 0.757848 -2.82755 -6.53131 -10.0497 -9.22071 -3.88422 1.10469 3.11319 2.70883 1.42062 -0.36608 -2.09671 1.07101 7.93328 9.70795 6.18687 0.974268 -2.82411 -6.8488 -11.2888
13.005 5.35213 9.56627 6.90952 2.0876 -1.59595 -5.20977 -9.01535 -10.1608 -6.20097 -0.450635 2.61168 2.95169 2.01853 0.183233 -2.31656 -0.602977 5.98079 10.0769 7.88087 2.40085 -1.54603 -5.401 -9.94665
13.055 4.13989 9.21205 8.09401 3.73047 -0.291602 -3.91257 -7.6868 -10.5063 -8.10636 -2.1176 1.90643 2.96291 2.21773 0.628354 -1.33789 -1.47431 3.3666 9.37163 8.84896 4.1543 -0.221051 -4.0309 -8.38945
13.105 2.257 8.08395 9.26597 5.69065 0.950854 -2.72368 -6.40362 -9.93268 -9.42487 -4.36965 0.649707 2.72163 2.4369 1.306 -0.393604 -2.27167 0.742481 7.80103 9.92109 6.41374 1.02252 -2.81415 -6.86774
13.155 0.323479 6.5053 9.87578 7.31362 2.34958 -1.44664 -5.09178 -8.8565 -10.2393 -6.57691 -0.841985 2.23903 2.61692 1.77378 0.0506337 -2.36674 -0.735556 5.83291 10.1013 7.92959 2.51495 -1.47889 -5.3267
13.205 -0.419535 4.21458 9.41585 8.42885 4.05684 -0.102078 -3.79324 -7.5336 -10.4509 -8.3401 -2.5035 1.57887 2.63424 1.89636 0.434775 -1.34422 -1.59625 3.1352 9.36421 8.9779 4.32612 -0.145255 -3.91342
13.255 -1.12186 1.72594 8.06577 9.56079 6.13906 1.13576 -2.62121 -6.27505 -9.78533 -9.56222 -4.76075 0.375989 2.46772 2.11894 1.04292 -0.530718 -2.38749 0.574961 7.79328 10.1832 6.64499 1.13513 -2.66023
13.305 -1.5325 0.397387 6.29044 9.84323 7.56994 2.5844 -1.30871 -4.98213 -8.68526 -10.2682 -6.85922 -1.0717 2.06515 2.34024 1.42608 -0.192294 -2.40008 -0.752388 5.82808 10.2963 8.14969 2.74628 -1.25499
13.355 -1.00857 -0.32185 3.94802 9.17818 8.54789 4.3166 0.0456625 -3.69724 -7.38864 -10.3684 -8.50894 -2.77624 1.44262 2.44243 1.55497 0.143824 -1.43593 -1.62417 3.15565 9.5951 9.36889 4.71459 0.157989
13.405 -0.36138 -1.0419 1.58881 7.62685 9.58232 6.4423 1.26893 -2.54805 -6.16427 -9.64769 -9.66808 -5.05691 0.261089 2.37462 1.84451 0.70681 -0.757766 -2.44871 0.638603 8.10435 10.7642 7.16738 1.57693
13.455 -0.270553 -1.1745 0.486727 5.79908 9.60547 7.70021 2.77399 -1.2029 -4.8908 -8.53357 -10.2969 -7.08292 -1.19535 2.01245 2.14304 1.07473 -0.49583 -2.45858 -0.655099 6.11241 10.8763 8.73306 3.29938
13.505 -0.304573 -0.529704 -0.212501 3.48128 8.79362 8.5809 4.55046 0.16746 -3.61702 -7.26348 -10.2926 -8.65178 -2.9918 1.35366 2.31297 1.2643 -0.165694 -1.59171 -1.59537 3.43368 10.1448 10.0832 5.36695
13.555 -0.0641945 -0.0363121 -0.911734 1.26984 7.1269 9.53917 6.70363 1.4105 -2.46643 -6.05912 -9.52557 -9.76744 -5.30638 0.127415 2.27751 1.63386 0.399079 -1.01754 -2.48614 0.875954 8.65998 11.5575 7.8033
13.605 0.104669 -0.0480491 -0.896653 0.344491 5.27244 9.37101 7.82954 2.9836 -1.08142 -4.79093 -8.38861 -10.3302 -7.29066 -1.35944 1.91723 1.98072 0.778486 -0.777649 -2.49647 -0.505729 6.5185 11.6207 9.42864
13.655 0.0829346 -0.0123287 -0.21186 -0.318631 2.98324 8.42643 8.63307 4.8141 0.304808 -3.5243 -7.1388 -10.2139 -8.79384 -3.25659 1.19928 2.18964 1.03654 -0.423223 -1.73925 -1.59372 3.74863 10.862 10.9833
13.705 0.0922153 0.253919 0.179362 -0.965888 0.916917 6.67741 9.49516 6.95142 1.58585 -2.35341 -5.9414 -9.40261 -9.86737 -5.57941 -0.0758951 2.14773 1.47339 0.159276 -1.25956 -2.60464 1.07444 9.38818 12.5897
13.755 0.164851 0.34725 0.128065 -0.804478 0.0975633 4.78247 9.18339 7.97929 3.22591 -0.931554 -4.67039 -8.23756 -10.369 -7.52321 -1.58406 1.77008 1.84238 0.552787 -1.04078 -2.61535 -0.400667 7.10757 12.6795
13.805 0.180482 0.302322 0.217481 -0.103616 -0.564969 2.51004 8.12286 8.74443 5.13425 0.475456 -3.4042 -7.00026 -10.1336 -8.95874 -3.57241 0.957373 2.04616 0.871932 -0.67412 -1.9791 -1.43007 4.54571 11.814
13.855 0.145525 0.34209 0.489862 0.196181 -1.1691 0.575765 6.32039 9.50729 7.22998 1.81341 -2.19223 -5.79452 -9.26976 -9.97359 -5.87885 -0.370685 1.95074 1.30753 -0.134188 -1.50727 -1.96446 2.37707 10.0284
13.905 0.146642 0.399242 0.525155 0.142424 -0.842373 -0.154784 4.36086 9.05608 8.15608 3.50413 -0.743614 -4.51584 -8.0684 -10.4099 -7.77917 -1.87823 1.57307 1.65133 0.250864 -1.14937 -1.78913 0.84766 7.59117
13.955 0.0940585 0.391295 0.479337 0.301393 -0.138716 -0.808071 2.11947 7.84905 8.88106 5.48583 0.660362 -3.26166 -6.8451 -10.0531 -9.14398 -3.94052 0.677491 1.84225 0.655136 -0.693865 -1.37119 -0.262929 5.21636
14.005 -0.169498 0.349447 0.577044 0.575056 0.0927372 -1.33729 0.331667 6.00479 9.50065 7.47017 2.05031 -2.00917 -5.63031 -9.13714 -10.0927 -6.20797 -0.682608 1.70282 1.12499 -0.152213 -1.07076 -0.885059 3.27767
14.055 -0.780699 0.177118 0.784696 0.603255 0.0595408 -0.875815 -0.374306 3.95521 8.94803 8.32519 3.78825 -0.543019 -4.34474 -7.90185 -10.4616 -8.05968 -2.20339 1.31806 1.48073 0.218402 -0.804322 -0.82937 1.92513
14.105 -1.75741 -0.299184 0.98979 0.687941 0.301492 -0.233446 -1.04155 1.75761 7.57652 9.04058 5.86623 0.841341 -3.11282 -6.68916 -9.97945 -9.35752 -4.34325 0.352803 1.67252 0.647687 -0.413251 -0.623802 0.96709
14.155 -2.98367 -1.16623 1.13375 1.02571 0.61819 -0.0672712 -1.4736 0.145894 5.71273 9.46545 7.66129 2.28239 -1.82042 -5.46332 -9.00583 -10.2307 -6.56109 -1.00982 1.51014 1.09721 0.0483705 -0.414871 0.391324
14.205 -4.28441 -2.40294 1.0961 1.48892 0.746147 -0.0297009 -0.899036 -0.589757 3.54221 8.81997 8.45793 4.0562 -0.348069 -4.17211 -7.74616 -10.5135 -8.34978 -2.55984 1.10302 1.44314 0.405097 -0.185159 0.134284
14.255 -5.65301 -3.95825 0.665935 1.90584 1.04054 0.349797 -0.319715 -1.32565 1.3092 7.26424 9.22709 6.2882 1.00606 -2.96659 -6.53091 -9.92147 -9.59953 -4.75615 0.0606216 1.60941 0.85467 0.131431 0.0423859
14.305 -6.92408 -5.61569 -0.263979 2.15945 1.63218 0.743214 -0.187774 -1.67087 -0.142222 5.41628 9.43505 7.84071 2.52034 -1.61653 -5.2782 -8.873 -10.3815 -6.91723 -1.31216 1.39809 1.25885 0.489983 0.107791
14.355 -7.94937 -7.26498 -1.61292 2.07811 2.27669 1.02304 -0.0315235 -1.00538 -0.961282 3.08964 8.70619 8.60958 4.34636 -0.125525 -3.96277 -7.5741 -10.5424 -8.62984 -2.91198 0.926216 1.5457 0.762472 0.241099
14.405 -8.16606 -8.6088 -3.51002 1.35444 2.76383 1.56875 0.502879 -0.459124 -1.71726 0.846655 6.98417 9.41138 6.67913 1.19942 -2.77828 -6.34778 -9.84951 -9.83387 -5.14626 -0.186163 1.64887 1.15932 0.501442
14.455 -7.7805 -9.59415 -5.55489 0.0853767 2.92131 2.4 1.0328 -0.298786 -1.87699 -0.384512 5.13203 9.38343 7.9825 2.75894 -1.3998 -5.07825 -8.73172 -10.5312 -7.25824 -1.56883 1.39606 1.50602 0.803659
14.505 -7.00937 -10.0838 -7.45923 -1.56297 2.56297 3.06317 1.52094 0.0754943 -1.08003 -1.24597 2.71262 8.55048 8.7161 4.61254 0.072614 -3.76431 -7.41239 -10.5728 -8.90648 -3.23975 0.837372 1.74384 1.05433
14.555 -6.03818 -9.53256 -8.87849 -3.73706 1.50538 3.40645 2.24301 0.8077 -0.509707 -1.96883 0.526613 6.72349 9.50757 6.94313 1.37051 -2.60039 -6.1805 -9.79816 -10.0813 -5.51456 -0.361941 1.7854 1.46199
14.605 -4.92381 -8.43368 -9.84664 -5.94576 0.00250032 3.30578 3.07112 1.4594 -0.228308 -1.92799 -0.565534 4.83863 9.30216 8.07877 2.96634 -1.21043 -4.8935 -8.61023 -10.7112 -7.60435 -1.78262 1.47187 1.79109
14.655 -3.75191 -7.07366 -10.1828 -7.87338 -1.85306 2.63845 3.55895 2.04096 0.353074 -1.0002 -1.43473 2.37105 8.36406 8.79603 4.85341 0.235437 -3.58803 -7.2725 -10.6323 -9.2053 -3.55047 0.788806 1.99357
14.705 -2.60612 -5.67277 -9.4831 -9.25107 -4.18875 1.32953 3.6811 2.79629 1.20877 -0.397513 -2.08024 0.278037 6.47807 9.56013 7.1307 1.5241 -2.43136 -6.02627 -9.77616 -10.36 -5.87643 -0.520411 1.95782
14.755 -1.50809 -4.30178 -8.29735 -10.1185 -6.44644 -0.314261 3.33504 3.48315 1.89112 0.00377814 -1.83583 -0.718791 4.53914 9.22328 8.1626 3.15967 -1.03378 -4.715 -8.5102 -10.9303 -7.96613 -1.99411 1.54984
14.805 -0.490002 -3.01784 -6.9193 -10.2336 -8.27869 -2.30208 2.43482 3.75245 2.45902 0.720541 -0.809302 -1.56885 2.04697 8.18229 8.89299 5.09821 0.386551 -3.41717 -7.14636 -10.7203 -9.53201 -3.872 0.694085
14.855 0.503154 -1.76784 -5.52998 -9.40131 -9.54764 -4.69285 0.985127 3.66793 3.14484 1.60304 -0.18589 -2.11397 0.0576504 6.27348 9.61612 7.28913 1.68941 -2.24709 -5.86533 -9.76959 -10.6666 -6.24858 -0.742778
14.905 1.5515 -0.530615 -4.18381 -8.14741 -10.2759 -6.90671 -0.715582 3.15049 3.64364 2.22247 0.287804 -1.67245 -0.866971 4.24916 9.18351 8.2713 3.36809 -0.844595 -4.52357 -8.4167 -11.179 -8.35072 -2.26835
14.955 2.617 0.701111 -2.92328 -6.77327 -10.1899 -8.61071 -2.79434 2.09387 3.72524 2.71588 1.05534 -0.595296 -1.67236 1.75357 8.03542 9.04264 5.37383 0.545 -3.23864 -7.024 -10.8298 -9.89068 -4.23791
15.005 3.66674 1.98687 -1.70771 -5.41111 -9.27501 -9.77568 -5.19655 0.563459 3.47004 3.28393 1.89556 0.0296671 -2.11526 -0.136113 6.1279 9.71077 7.45444 1.88182 -2.0375 -5.68809 -9.7705 -10.9978 -6.63481
15.055 4.76645 3.42366 -0.519185 -4.11255 -7.99454 -10.3933 -7.34959 -1.16672 2.8263 3.5917 2.40874 0.546152 -1.49111 -1.04047 3.96221 9.21695 8.43856 3.61316 -0.627535 -4.30688 -8.31852 -11.4504 -8.77001
15.105 5.86217 5.01315 0.64583 -2.90907 -6.65908 -10.139 -8.93743 -3.34249 1.63332 3.49315 2.80035 1.32997 -0.38928 -1.83981 1.40006 7.96505 9.30843 5.72978 0.7434 -3.02463 -6.88178 -10.968 -10.3517
15.155 6.73357 6.53122 1.88225 -1.71462 -5.32583 -9.15993 -9.99942 -5.72638 0.0594308 3.07293 3.19358 2.07798 0.228477 -2.21426 -0.440792 6.05945 9.92179 7.707 2.14956 -1.76258 -5.46784 -9.79847 -11.4829
15.205 6.75236 7.67107 3.40789 -0.474683 -4.03627 -7.85251 -10.4813 -7.75699 -1.63103 2.38348 3.32631 2.41585 0.691047 -1.40223 -1.2987 3.68523 9.36948 8.71584 3.93578 -0.355728 -4.07088 -8.29546 -11.9304
15.255 6.21622 8.7944 5.2104 0.742443 -2.84214 -6.54813 -10.0602 -9.20475 -3.85276 1.12451 3.11775 2.70475 1.41046 -0.376004 -2.08572 1.10637 7.95957 9.6892 6.15017 0.959328 -2.83778 -6.86624 -11.3028
15.305 5.36487 9.56578 6.89331 2.06855 -1.61256 -5.22691 -9.03108 -10.1528 -6.1738 -0.430331 2.61912 2.95037 2.01475 0.178805 -2.32207 -0.591315 6.00746 10.0822 7.86718 2.37987 -1.56325 -5.41924 -9.96656
15.355 4.15873 9.22122 8.07949 3.7076 -0.30844 -3.92906 -7.7042 -10.5062 -8.08541 -2.09366 1.91803 2.96492 2.21683 0.621475 -1.35505 -1.46311 3.40421 9.38448 8.83716 4.12959 -0.237925 -4.04784 -8.40989
15.405 2.29086 8.10333 9.24714 5.66043 0.935296 -2.73822 -6.42012 -9.94331 -9.40986 -4.33903 0.668229 2.72648 2.43437 1.2969 -0.403161 -2.26089 0.776596 7.82562 9.90437 6.38178 1.00672 -2.82889 -6.88686
15.455 0.337321 6.52911 9.8774 7.29831 2.32936 -1.46389 -5.10867 -8.87212 -10.2327 -6.55171 -0.822555 2.24586 2.61604 1.77112 0.0468113 -2.37294 -0.723859 5.86119 10.1071 7.91507 2.49356 -1.4962 -5.34588
15.505 -0.411465 4.24698 9.42705 8.41595 4.03355 -0.119044 -3.80932 -7.54945 -10.4549 -8.3225 -2.47726 1.59141 2.63585 1.89496 0.428386 -1.35751 -1.58558 3.16909 9.37848 8.96482 4.30038 -0.162264 -3.9309
15.555 -1.11054 1.75765 8.08722 9.54513 6.11095 1.11992 -2.63589 -6.29076 -9.79727 -9.54904 -4.73069 0.394173 2.4723 2.11526 1.03517 -0.537697 -2.37785 0.604952 7.81599 10.1682 6.61618 1.1176 -2.67663
15.605 -1.53331 0.407501 6.31634 9.8478 7.55631 2.56373 -1.32597 -4.99837 -8.70162 -10.263 -6.83499 -1.05207 2.07145 2.33806 1.42378 -0.19498 -2.40636 -0.74079 5.85691 10.301 8.13321 2.72346 -1.27327
15.655 -1.01861 -0.313157 3.97939 9.19247 8.53685 4.29298 0.0289483 -3.71298 -7.40486 -10.3739 -8.49193 -2.74924 1.45478 2.44212 1.55281 0.138411 -1.44629 -1.61384 3.18712 9.6091 9.35308 4.68642 0.139756
15.705 -0.368077 -1.03275 1.61625 7.64944 9.57069 6.41695 1.25246 -2.56329 -6.18018 -9.65971 -9.65575 -5.02772 0.278886 2.37772 1.84021 0.700445 -0.762381 -2.44061 0.663702 8.12491 10.7523 7.14178 1.55651
15.755 -0.270141 -1.17816 0.496841 5.82545 9.61154 7.68766 2.75279 -1.22064 -4.90736 -8.54971 -10.2922 -7.0594 -1.17561 2.01817 2.14025 1.07248 -0.498151 -2.46545 -0.643222 6.14255 10.8816 8.71565 3.27529
15.805 -0.306287 -0.536646 -0.203573 3.5085 8.81015 8.57073 4.52599 0.150607 -3.63293 -7.2794 -10.2985 -8.63511 -2.96435 1.36582 2.31197 1.26148 -0.171201 -1.60144 -1.58424 3.4664 10.1596 10.0654 5.33701
15.855 -0.0676112 -0.0377685 -0.905656 1.28835 7.14867 9.53381 6.68374 1.39225 -2.48334 -6.07518 -9.53746 -9.75613 -5.27842 0.144833 2.28044 1.62929 0.392759 -1.02166 -2.47791 0.901225 8.68172 11.5468 7.7786
15.905 0.104222 -0.0468974 -0.902622 0.353117 5.2994 9.37896 7.81837 2.96158 -1.09983 -4.80761 -8.40449 -10.326 -7.26775 -1.33966 1.92274 1.9774 0.775799 -0.780231 -2.50329 -0.491444 6.55153 11.6256 9.40886
15.955 0.0836018 -0.0144244 -0.219018 -0.310965 3.00993 8.44522 8.62385 4.78868 0.288056 -3.53975 -7.15388 -10.2218 -8.77831 -3.22751 1.2129 2.18834 1.0322 -0.42923 -1.74631 -1.58108 3.78226 10.8774 10.9618
16.005 0.0917158 0.251382 0.17865 -0.962058 0.932723 6.69979 9.49289 6.93368 1.56674 -2.37094 -5.95722 -9.41577 -9.85744 -5.55179 -0.0573047 2.15161 1.46763 0.152709 -1.26249 -2.59596 1.10021 9.41102 12.5785
16.055 0.164413 0.347622 0.128584 -0.812276 0.106317 4.81085 9.19227 7.96861 3.20314 -0.95013 -4.68688 -8.2543 -10.3657 -7.50057 -1.56343 1.77637 1.83838 0.549664 -1.04314 -2.62268 -0.384885 7.14254 12.6836
16.105 0.181093 0.30278 0.214413 -0.110755 -0.556658 2.53777 8.14307 8.73439 5.10672 0.458623 -3.41946 -7.01596 -10.1421 -8.94322 -3.54274 0.971964 2.04473 0.867048 -0.679863 -1.98512 -1.42075 4.57452 11.8313
16.155 0.146209 0.34131 0.487431 0.195937 -1.1664 0.590201 6.34314 9.50691 7.21366 1.79359 -2.21038 -5.81093 -9.28326 -9.96442 -5.8517 -0.3522 1.95441 1.30278 -0.140036 -1.51202 -1.96153 2.40062 10.0557
16.205 0.146906 0.399109 0.525739 0.142334 -0.851889 -0.145529 4.39117 9.06544 8.14577 3.48078 -0.762625 -4.53294 -8.08517 -10.407 -7.7569 -1.85777 1.57913 1.64765 0.247376 -1.1534 -1.79642 0.865848 7.62592
16.255 0.0961239 0.391591 0.478855 0.297892 -0.143604 -0.799143 2.14652 7.87117 8.8696 5.45565 0.643646 -3.27683 -6.86061 -10.0616 -9.12849 -3.91098 0.692407 1.84118 0.64953 -0.70031 -1.3752 -0.251168 5.24449
16.305 -0.163914 0.350332 0.57487 0.57413 0.0939204 -1.33825 0.341953 6.02766 9.50416 7.45721 2.02937 -2.02815 -5.64693 -9.15087 -10.0845 -6.182 -0.664656 1.70631 1.12036 -0.157516 -1.07379 -0.881668 3.29771
16.355 -0.77026 0.181195 0.782274 0.604047 0.0587682 -0.889468 -0.365192 3.98973 8.95856 8.3159 3.76438 -0.562169 -4.36139 -7.91743 -10.4614 -8.03982 -2.18067 1.32563 1.47716 0.21428 -0.807842 -0.831873 1.94033
16.405 -1.74249 -0.290392 0.987728 0.685485 0.296356 -0.239499 -1.03165 1.7882 7.60203 9.02702 5.83218 0.825509 -3.12684 -6.70401 -9.98962 -9.34276 -4.3127 0.36893 1.67185 0.641693 -0.419033 -0.625663 0.977331
16.455 -2.96735 -1.15264 1.13258 1.02033 0.616133 -0.0668979 -1.47539 0.156427 5.73651 9.47022 7.649 2.26118 -1.83886 -5.47927 -9.0209 -10.2239 -6.53549 -0.991367 1.51424 1.09241 0.043464 -0.417434 0.396421
16.505 -4.26704 -2.38474 1.09919 1.48351 0.744433 -0.0326538 -0.912217 -0.579391 3.57666 8.83222 8.44916 4.03192 -0.366939 -4.18849 -7.76226 -10.5156 -8.33092 -2.5357 1.11206 1.43958 0.400519 -0.187963 0.136741
16.555 -5.63433 -3.93597 0.67575 1.90219 1.03464 0.34148 -0.327055 -1.31274 1.34647 7.29494 9.20902 6.2472 0.991376 -2.97931 -6.546 -9.93207 -9.58457 -4.72525 0.0776482 1.60979 0.848524 0.126701 0.0428639
16.605 -6.90927 -5.59437 -0.249073 2.1578 1.62358 0.739237 -0.188171 -1.6724 -0.130412 5.44089 9.44032 7.8287 2.49859 -1.63533 -5.2948 -8.88865 -10.3754 -6.89222 -1.29361 1.40239 1.25494 0.486373 0.106625
16.655 -7.9404 -7.24594 -1.59235 2.083 2.26942 1.01812 -0.0361395 -1.01399 -0.950469 3.11882 8.72107 8.60149 4.32142 -0.144448 -3.97967 -7.59034 -10.5464 -8.61203 -2.88692 0.936417 1.54319 0.758775 0.239184
16.705 -8.16758 -8.59304 -3.48313 1.36763 2.75929 1.559 0.495295 -0.462175 -1.70862 0.871004 7.00824 9.40312 6.65272 1.18191 -2.79393 -6.36336 -9.86086 -9.82057 -5.11687 -0.169682 1.64984 1.15436 0.497685
16.755 -7.78845 -9.58438 -5.52913 0.103871 2.92197 2.38965 1.02723 -0.300667 -1.88192 -0.37419 5.15784 9.39119 7.97234 2.73673 -1.41864 -5.09491 -8.74791 -10.526 -7.23386 -1.55045 1.40031 1.5026 0.800807
16.805 -7.02064 -10.0847 -7.43852 -1.53845 2.57224 3.05712 1.51391 0.0679398 -1.09038 -1.2358 2.74201 8.56772 8.70882 4.58714 0.0543516 -3.78061 -7.42837 -10.5793 -8.88986 -3.21313 0.849456 1.74187 1.05025
16.855 -6.05166 -9.54351 -8.8624 -3.70774 1.52252 3.40475 2.23203 0.797846 -0.514251 -1.96199 0.548942 6.74768 9.5019 6.91979 1.35265 -2.61634 -6.19618 -9.81103 -10.0691 -5.48508 -0.344494 1.78792 1.45658
16.905 -4.93873 -8.44997 -9.83727 -5.91838 0.0237334 3.31014 3.06223 1.45186 -0.233063 -1.93482 -0.554454 4.86607 9.31063 8.06861 2.94395 -1.22888 -4.91011 -8.62754 -10.7068 -7.57993 -1.76349 1.47736 1.78776
16.955 -3.76653 -7.09097 -10.1873 -7.85375 -1.82522 2.65177 3.55558 2.03292 0.343108 -1.01147 -1.42481 2.40063 8.38279 8.78825 4.82719 0.21788 -3.60392 -7.28915 -10.6399 -9.18853 -3.5229 0.802384 1.99157
17.005 -2.62073 -5.69083 -9.49608 -9.23627 -4.15792 1.34952 3.68309 2.78557 1.19761 -0.403143 -2.07508 0.29855 6.50205 9.55631 7.10981 1.5058 -2.44776 -6.04262 -9.78978 -10.3482 -5.84698 -0.502046 1.96128
17.055 -1.52148 -4.31859 -8.3149 -10.111 -6.41889 -0.29124 3.34282 3.47659 1.8831 -0.00294978 -1.84458 -0.706959 4.56829 9.23193 8.1521 3.13686 -1.05238 -4.73222 -8.52801 -10.9263 -7.94165 -1.9743 1.55644
17.105 -0.502335 -3.03374 -6.93699 -10.2404 -8.25988 -2.27256 2.45049 3.75091 2.45094 0.710231 -0.818039 -1.56017 2.07335 8.20287 8.88434 5.0708 0.369491 -3.43285 -7.1631 -10.7292 -9.51521 -3.84315 0.70988
17.155 0.490277 -1.78394 -5.54801 -9.41548 -9.5347 -4.66247 1.00529 3.67173 3.13635 1.59408 -0.190614 -2.1138 0.071974 6.29659 9.61719 7.27343 1.66976 -2.26467 -5.88259 -9.7847 -10.6559 -6.2192 -0.723808
17.205 1.53749 -0.546461 -4.20069 -8.16556 -10.2702 -6.8803 -0.69269 3.1599 3.64 2.21631 0.2803 -1.68536 -0.856048 4.28108 9.19342 8.26115 3.34465 -0.863044 -4.54087 -8.43538 -11.1759 -8.32616 -2.24841
17.255 2.60373 0.685339 -2.93902 -6.79091 -10.1979 -8.59279 -2.76439 2.11108 3.72603 2.70912 1.04441 -0.605716 -1.66411 1.78187 8.05791 9.03254 5.34449 0.528566 -3.25371 -7.04108 -10.8404 -9.87379 -4.208
17.305 3.65312 1.96963 -1.72334 -5.42868 -9.28935 -9.76396 -5.16685 0.584484 3.47577 3.27786 1.88716 0.0238367 -2.11647 -0.121849 6.15189 9.71266 7.43902 1.86173 -2.05535 -5.70615 -9.78737 -10.9879 -6.60506
17.355 4.75186 3.4038 -0.534798 -4.12915 -8.01238 -10.3887 -7.32424 -1.14351 2.83692 3.59059 2.40412 0.538027 -1.50766 -1.02861 3.99924 9.22641 8.42705 3.58895 -0.645807 -4.32445 -8.3384 -11.448 -8.74451
17.405 5.84774 4.9918 0.631154 -2.92392 -6.67576 -10.1491 -8.9209 -3.31092 1.65264 3.49653 2.79474 1.3184 -0.400967 -1.83001 1.43272 7.98889 9.29442 5.69696 0.727414 -3.03931 -6.89959 -10.9794 -10.3334
17.455 6.72957 6.51601 1.86462 -1.73075 -5.34305 -9.17555 -9.98993 -5.69757 0.080712 3.08055 3.18978 2.07105 0.222819 -2.21647 -0.426849 6.08445 9.92406 7.6915 2.12877 -1.78055 -5.48641 -9.81631 -11.4728
17.505 6.75565 7.65671 3.38614 -0.491019 -4.05275 -7.87105 -10.4784 -7.73303 -1.60812 2.3945 3.32652 2.41287 0.683679 -1.41823 -1.28683 3.72176 9.38005 8.70365 3.91091 -0.373743 -4.08814 -8.31433 -11.9295
17.555 6.22658 8.77784 5.18413 0.727043 -2.85679 -6.56506 -10.0709 -9.18881 -3.82121 1.14431 3.12219 2.70028 1.39997 -0.385947 -2.07486 1.14143 7.98614 9.67146 6.11421 0.944426 -2.85143 -6.88363 -11.3161
17.605 5.37763 9.56508 6.87692 2.04955 -1.62917 -5.24413 -9.04696 -10.1448 -6.14647 -0.410045 2.62661 2.94875 2.01054 0.174029 -2.32769 -0.579451 6.03463 10.0881 7.85395 2.35906 -1.58042 -5.43744 -9.98598
17.655 4.17755 9.23022 8.06485 3.68477 -0.325205 -3.94553 -7.72171 -10.5062 -8.06443 -2.06963 1.9297 2.96669 2.21549 0.614239 -1.37201 -1.45184 3.44174 9.39803 8.8259 4.10515 -0.254672 -4.06469 -8.42996
17.705 2.32428 8.12258 9.22852 5.63046 0.919756 -2.75278 -6.43672 -9.95415 -9.39489 -4.3083 0.686841 2.73112 2.43146 1.28749 -0.412754 -2.25015 0.810672 7.8505 9.88828 6.35032 0.991076 -2.84349 -6.90567
17.755 0.351824 6.55256 9.87786 7.28235 2.30931 -1.48108 -5.12559 -8.88784 -10.2261 -6.52628 -0.80299 2.25276 2.61497 1.76802 0.0426068 -2.37906 -0.711704 5.88996 10.1133 7.90079 2.4723 -1.51342 -5.36489
17.805 -0.402812 4.2787 9.43745 8.40257 4.01031 -0.136012 -3.82542 -7.56531 -10.4591 -8.3049 -2.45074 1.60431 2.63765 1.89347 0.421405 -1.37334 -1.57392 3.20665 9.3923 8.95169 4.27476 -0.179197 -3.94824
17.855 -1.09923 1.78842 8.10802 9.52941 6.08311 1.10404 -2.65063 -6.30654 -9.80943 -9.53589 -4.70037 0.412487 2.47687 2.11149 1.02672 -0.545823 -2.36769 0.636399 7.83906 10.1533 6.58743 1.10026 -2.69282
17.905 -1.53427 0.417018 6.34172 9.85213 7.54273 2.54306 -1.34326 -5.01467 -8.71818 -10.2579 -6.81057 -1.03233 2.07775 2.33573 1.42089 -0.198342 -2.41242 -0.728494 5.88614 10.3062 8.11703 2.70084 -1.29139
17.955 -1.02865 -0.305016 4.00988 9.2066 8.52592 4.26944 0.0122283 -3.72873 -7.42116 -10.3796 -8.47494 -2.72202 1.46705 2.44168 1.55015 0.132508 -1.45653 -1.60316 3.21886 9.62359 9.3377 4.65854 0.12167
18.005 -0.374726 -1.02411 1.64289 7.67158 9.55897 6.39164 1.23604 -2.57849 -6.19616 -9.67192 -9.64339 -4.99834 0.296807 2.38077 1.83542 0.693685 -0.767113 -2.43249 0.688965 8.14595 10.7411 7.11659 1.53623
18.055 -0.269751 -1.1824 0.506251 5.85154 9.61748 7.675 2.73161 -1.2382 -4.92383 -8.56603 -10.2876 -7.03578 -1.15579 2.02384 2.13711 1.06987 -0.500719 -2.47237 -0.63122 6.17309 10.8875 8.69868 3.2514
18.105 -0.307888 -0.545265 -0.195351 3.53687 8.82621 8.56044 4.50156 0.133812 -3.64879 -7.29542 -10.3045 -8.6185 -2.93673 1.37802 2.3107 1.25829 -0.176966 -1.61115 -1.57321 3.49918 10.175 10.0481 5.30739
18.155 -0.0719675 -0.0413091 -0.897551 1.31137 7.1709 9.52462 6.66025 1.37477 -2.49958 -6.09106 -9.54939 -9.74443 -5.24982 0.1627 2.28351 1.6243 0.385767 -1.02626 -2.46893 0.927993 8.70382 11.5361 7.75395
18.205 0.102856 -0.0461574 -0.907441 0.362285 5.32566 9.38552 7.80625 2.93965 -1.11824 -4.82433 -8.42045 -10.3217 -7.24463 -1.3197 1.92837 1.97391 0.772689 -0.783101 -2.50971 -0.476518 6.58502 11.6309 9.38931
18.255 0.0834667 -0.0166668 -0.225323 -0.303159 3.03572 8.46303 8.61405 4.76331 0.271261 -3.55526 -7.16899 -10.2299 -8.76281 -3.19813 1.22684 2.18716 1.0277 -0.435753 -1.75488 -1.56721 3.81805 10.8927 10.9405
18.305 0.0905897 0.248831 0.178441 -0.958479 0.947646 6.72141 9.49029 6.91604 1.54758 -2.38853 -5.97311 -9.42915 -9.84752 -5.52394 -0.0385622 2.15553 1.46164 0.145608 -1.26619 -2.58642 1.12751 9.43402 12.5669
18.355 0.163507 0.347966 0.129378 -0.820216 0.114375 4.83844 9.20077 7.95789 3.18035 -0.968768 -4.70345 -8.27124 -10.3624 -7.47778 -1.54271 1.78268 1.83418 0.546102 -1.04591 -2.62948 -0.368376 7.17778 12.6878
18.405 0.181328 0.303165 0.211545 -0.117885 -0.549127 2.5644 8.16294 8.72448 5.07936 0.441748 -3.43478 -7.03179 -10.1509 -8.92773 -3.51287 0.986671 2.04315 0.861797 -0.685887 -1.99092 -1.41102 4.60368 11.8487
18.455 0.146578 0.340472 0.485195 0.195662 -1.16448 0.603691 6.36552 9.5065 7.19736 1.77376 -2.22854 -5.82742 -9.29698 -9.95527 -5.8244 -0.333632 1.95799 1.29767 -0.146129 -1.51673 -1.95832 2.42445 10.0832
18.505 0.146922 0.39894 0.526434 0.142117 -0.861983 -0.137096 4.42092 9.0747 8.13541 3.45743 -0.781476 -4.54992 -8.10213 -10.4041 -7.73458 -1.83729 1.58508 1.6437 0.243676 -1.15744 -1.80341 0.884105 7.66078
18.555 0.0979841 0.391937 0.478571 0.294133 -0.14966 -0.79093 2.17357 7.89295 8.85829 5.42572 0.626958 -3.292 -6.87626 -10.0704 -9.11308 -3.88134 0.707305 1.83988 0.643704 -0.706802 -1.37907 -0.23938 5.27259
18.605 -0.158342 0.351373 0.572427 0.572101 0.0945151 -1.33699 0.354434 6.05016 9.50482 7.44177 2.00885 -2.04697 -5.66352 -9.1646 -10.0761 -6.15559 -0.646354 1.71015 1.11561 -0.163251 -1.07693 -0.877302 3.31896
18.655 -0.759873 0.185183 0.779421 0.604293 0.0582907 -0.901698 -0.355965 4.02285 8.96777 8.30562 3.74052 -0.581419 -4.37815 -7.93303 -10.4612 -8.01988 -2.1576 1.33355 1.47368 0.210004 -0.811413 -0.834639 1.95711
18.705 -1.72766 -0.281841 0.985188 0.682776 0.291706 -0.244655 -1.02215 1.81732 7.62629 9.0131 5.79846 0.809488 -3.14107 -6.71895 -10 -9.32806 -4.28191 0.385298 1.67127 0.63564 -0.42493 -0.627657 0.988336
18.755 -2.9511 -1.13931 1.13099 1.01482 0.614495 -0.0660314 -1.47756 0.165998 5.75941 9.47447 7.63663 2.23984 -1.85742 -5.49532 -9.03621 -10.217 -6.50972 -0.97279 1.51848 1.08755 0.0384562 -0.420065 0.401902
18.805 -4.24976 -2.36676 1.10189 1.47797 0.743001 -0.035233 -0.925286 -0.569914 3.60959 8.84409 8.44035 4.00759 -0.38592 -4.20494 -7.77849 -10.5179 -8.31207 -2.51134 1.1213 1.43604 0.395847 -0.190821 0.139423
18.855 -5.61578 -3.91393 0.685121 1.8983 1.02901 0.33366 -0.334227 -1.3009 1.38192 7.32456 9.19134 6.2069 0.976478 -2.99226 -6.56128 -9.94296 -9.56972 -4.69424 0.0947703 1.6102 0.842275 0.121944 0.0434762
18.905 -6.89453 -5.57319 -0.234559 2.15589 1.61524 0.735634 -0.188655 -1.67487 -0.119684 5.465 9.44548 7.81661 2.47676 -1.65384 -5.31131 -8.90457 -10.3694 -6.86716 -1.27503 1.40671 1.25096 0.482734 0.105534
18.955 -7.93128 -7.22702 -1.57212 2.0877 2.26237 1.01353 -0.0409053 -1.02397 -0.940427 3.14839 8.73545 8.59318 4.2964 -0.163342 -3.99656 -7.60688 -10.5503 -8.59409 -2.86207 0.946366 1.54057 0.755144 0.237371
19.005 -8.16869 -8.57659 -3.45585 1.38184 2.7555 1.5486 0.486172 -0.467195 -1.69811 0.900991 7.0354 9.38937 6.61916 1.16586 -2.80816 -6.3787 -9.87194 -9.80659 -5.08689 -0.152816 1.65107 1.14929 0.4938
19.055 -7.79627 -9.57447 -5.50332 0.122954 2.923 2.37885 1.02106 -0.30257 -1.88585 -0.363502 5.1829 9.39723 7.96082 2.71463 -1.43758 -5.11172 -8.76399 -10.5206 -7.20935 -1.53191 1.4049 1.49939 0.797951
19.105 -7.03188 -10.0856 -7.41792 -1.5136 2.58157 3.05071 1.50672 0.0607339 -1.09995 -1.22608 2.77001 8.58393 8.70084 4.56172 0.0359393 -3.79708 -7.44428 -10.5861 -8.87332 -3.18626 0.861892 1.74014 1.04624
19.155 -6.0652 -9.55467 -8.84648 -3.67829 1.53943 3.40279 2.2211 0.788519 -0.518372 -1.95592 0.569891 6.7709 9.49596 6.89663 1.33459 -2.63249 -6.2119 -9.82412 -10.0569 -5.45544 -0.326959 1.79065 1.45121
19.205 -4.9537 -8.46643 -9.82802 -5.89093 0.0447871 3.3143 3.05338 1.44469 -0.237616 -1.94218 -0.544336 4.89266 9.31864 8.05833 2.92144 -1.24748 -4.92677 -8.64505 -10.7025 -7.55541 -1.74433 1.483 1.78453
19.255 -3.78139 -7.10871 -10.1904 -7.83315 -1.79816 2.66439 3.55207 2.02522 0.333308 -1.02288 -1.41562 2.42921 8.40101 8.78033 4.80091 0.200126 -3.61994 -7.30601 -10.648 -9.17187 -3.4952 0.816242 1.98983
19.305 -2.63539 -5.70896 -9.50811 -9.22097 -4.12752 1.36892 3.68442 2.7754 1.18684 -0.40888 -2.07084 0.317947 6.52547 9.55254 7.08901 1.48727 -2.46434 -6.05922 -9.80377 -10.3366 -5.81749 -0.483615 1.96496
19.355 -1.53505 -4.33557 -8.33173 -10.1031 -6.39152 -0.268637 3.35011 3.47022 1.87529 -0.00981583 -1.854 -0.696008 4.59685 9.24041 8.14151 3.11393 -1.07093 -4.74946 -8.54618 -10.9226 -7.91723 -1.95453 1.56317
19.405 -0.514723 -3.04966 -6.9541 -10.2469 -8.24119 -2.24331 2.46587 3.74946 2.44293 0.699808 -0.827202 -1.55233 2.09892 8.22311 8.87562 5.04333 0.352316 -3.44869 -7.18022 -10.7378 -9.4984 -3.81476 0.725322
19.455 0.477285 -1.80006 -5.56569 -9.42933 -9.52152 -4.63198 1.02587 3.6761 3.12736 1.5843 -0.195835 -2.11277 0.0874777 6.31966 9.61594 7.25551 1.65046 -2.28201 -5.89985 -9.79948 -10.6449 -6.18985 -0.704756
19.505 1.52347 -0.562278 -4.21731 -8.18348 -10.2644 -6.85373 -0.6695 3.16954 3.63598 2.20984 0.272815 -1.69794 -0.845505 4.31205 9.20228 8.25021 3.32117 -0.881711 -4.55843 -8.45395 -11.1726 -8.30166 -2.22847
19.555 2.59057 0.669674 -2.95454 -6.80835 -10.2059 -8.57483 -2.73414 2.12842 3.72654 2.70221 1.03365 -0.615869 -1.65658 1.8089 8.07952 9.02204 5.31521 0.511918 -3.26903 -7.05812 -10.8511 -9.85706 -4.17802
19.605 3.63964 1.95252 -1.73881 -5.44612 -9.30371 -9.75215 -5.1369 0.605478 3.48135 3.27173 1.87893 0.0180066 -2.11847 -0.108622 6.17516 9.71422 7.42359 1.84147 -2.07338 -5.72424 -9.80443 -10.978 -6.57528
19.655 4.73739 3.38406 -0.550272 -4.14563 -8.03022 -10.3839 -7.29871 -1.1203 2.84747 3.58946 2.39956 0.529825 -1.52449 -1.01768 4.03505 9.23556 8.41548 3.56464 -0.664238 -4.34209 -8.35848 -11.4457 -8.71906
19.705 5.83311 4.97024 0.616307 -2.93897 -6.69276 -10.1578 -8.90362 -3.28009 1.67122 3.49969 2.78943 1.307 -0.412859 -1.82109 1.46428 8.01218 9.28054 5.66431 0.711202 -3.05418 -6.91765 -10.9912 -10.3154
19.755 6.72548 6.50073 1.84696 -1.74691 -5.36033 -9.19014 -9.97981 -5.66906 0.101528 3.08752 3.18628 2.06428 0.216874 -2.2195 -0.413689 6.10904 9.92631 7.67599 2.1078 -1.7987 -5.50525 -9.83456 -11.463
19.805 6.75897 7.64244 3.36448 -0.507423 -4.0693 -7.88878 -10.4751 -7.70918 -1.5855 2.40503 3.32681 2.40993 0.676092 -1.43458 -1.27583 3.75733 9.39059 8.69149 3.88594 -0.391851 -4.10566 -8.33393 -11.9282
19.855 6.23697 8.76157 5.1581 0.711663 -2.8714 -6.58137 -10.0813 -9.17289 -3.78977 1.16388 3.12663 2.69575 1.38936 -0.396163 -2.06497 1.17524 8.01225 9.65411 6.07855 0.929277 -2.86541 -6.90144 -11.3292
19.905 5.39037 9.56443 6.86059 2.03054 -1.64579 -5.26095 -9.0626 -10.1367 -6.11906 -0.38968 2.63433 2.94686 2.00598 0.169061 -2.33328 -0.567811 6.06132 10.0931 7.84002 2.3383 -1.59788 -5.45606 -10.0052
19.955 4.19636 9.23935 8.05038 3.66203 -0.341931 -3.9617 -7.73902 -10.5062 -8.04337 -2.0454 1.94156 2.96825 2.21389 0.606907 -1.38874 -1.44113 3.47811 9.41099 8.81421 4.08067 -0.271679 -4.08186 -8.44999
