10.005 0.813483 0.973818 0.986905 0.850765 0.585983 0.232596 -0.15596 -0.520935 -0.80714 -0.9713 -0.988593 -0.856403 -0.594719 -0.24311 0.14526 0.511665 0.800703 0.968669 0.990165 0.861941 0.603386 0.253595 -0.134542 -0.502336 0.920226 0.701366 0.376454 -0.00537986 -0.386401 -0.708995 -0.924384 -1 -0.924409 -0.70904 -0.38646 -0.00544412 0.376395 0.70132 0.920201 0.999941 0.928483 0.716631 0.39642 0.0162675 -0.366345 -0.693564 -0.91591 -0.999765
10.055 0.726739 0.933807 0.999676 0.914387 0.690836 0.362826 -0.0200455 -0.399886 -0.719262 -0.929879 -0.999893 -0.918715 -0.698622 -0.372891 0.00922272 0.389942 0.7117 0.925843 0.999993 0.922936 0.706325 0.382913 0.00160118 -0.379952 0.964939 0.79187 0.499065 0.130797 -0.257248 -0.606395 -0.863851 -0.990687 -0.967724 -0.798434 -0.508415 -0.14152 0.246773 0.597753 0.858348 0.989155 0.970395 0.804904 0.517706 0.152227 -0.23627 -0.589041 -0.852744 -0.987507
10.105 0.626465 0.87641 0.993835 0.960986 0.782828 0.486301 0.116243 -0.271393 -0.617992 -0.871146 -0.992577 -0.963923 -0.789517 -0.495731 -0.126986 0.26096 0.609446 0.865781 0.991203 0.966748 0.796114 0.505102 0.137715 -0.250496 0.991687 0.867631 0.612383 0.264539 -0.123306 -0.492506 -0.787235 -0.962929 -0.993022 -0.872962 -0.620904 -0.274962 0.112557 0.483057 0.780515 0.959953 0.99424 0.878191 0.629353 0.285352 -0.101796 -0.473551 -0.773702 -0.956864
10.155 0.514528 0.802697 0.969492 0.989693 0.860245 0.600723 0.250366 -0.137847 -0.505217 -0.796195 -0.966782 -0.991185 -0.865714 -0.609341 -0.260831 0.127118 0.495847 0.789599 0.963959 0.992561 0.871081 0.617887 0.271265 -0.116375 0.999972 0.927239 0.714301 0.393356 0.0129321 -0.369447 -0.695963 -0.917244 -0.999832 -0.931238 -0.721834 -0.403284 -0.0237543 0.359367 0.68815 0.912879 0.999575 0.935128 0.729282 0.413165 0.0345736 -0.349245 -0.680256 -0.908407
10.205 0.393012 0.714039 0.927099 0.999974 0.921647 0.70396 0.379829 -0.00173451 -0.383036 -0.706419 -0.922987 -0.999993 -0.925793 -0.711606 -0.38982 -0.00908939 0.373015 0.698717 0.918768 0.999895 0.92983 0.719169 0.399764 0.0199122 0.989639 0.969584 0.80292 0.514849 0.148929 -0.23951 -0.591733 -0.854482 -0.988027 -0.972176 -0.809325 -0.524098 -0.159624 0.228987 0.582973 0.848809 0.9863 0.974655 0.815635 0.533285 0.170299 -0.218437 -0.574144 -0.843037
10.255 0.264178 0.612088 0.867445 0.991639 0.965889 0.794091 0.50222 0.13441 -0.253723 -0.603492 -0.862009 -0.990184 -0.968636 -0.800623 -0.511551 -0.145128 0.243239 0.594827 0.856472 0.988613 0.971269 0.807062 0.520821 0.155829 0.960882 0.993877 0.87659 0.626757 0.282154 -0.105113 -0.476487 -0.775811 -0.957828 -0.995015 -0.881748 -0.635154 -0.292521 0.0943434 0.466942 0.768937 0.954662 0.996036 0.886802 0.643477 0.302854 -0.0835624 -0.457344 -0.761972
10.305 0.130426 0.498741 0.791642 0.964841 0.992149 0.869438 0.615261 0.268053 -0.119687 -0.48933 -0.784982 -0.961939 -0.993445 -0.874734 -0.623758 -0.278465 0.108934 0.479862 0.77823 0.958925 0.994624 0.879928 0.632181 0.288844 0.914236 0.999666 0.93394 0.726996 0.410125 0.0312398 -0.352369 -0.682697 -0.909796 -0.999328 -0.937754 -0.734386 -0.419972 -0.0420565 0.342219 0.674748 0.905251 0.998873 0.941459 0.741689 0.429771 0.0528682 -0.332028 -0.66672
10.355 -0.00575379 0.376108 0.7011 0.92008 0.999938 0.928598 0.716847 0.396704 0.0165771 -0.366057 -0.69334 -0.915786 -0.999758 -0.93256 -0.724352 -0.406617 -0.0273984 0.355963 0.6855 0.911385 0.999462 0.936413 0.731772 0.416482 0.850568 0.986844 0.973903 0.8137 0.530461 0.167011 -0.221691 -0.576872 -0.844826 -0.985037 -0.976302 -0.819944 -0.539605 -0.177673 0.211124 0.567997 0.838986 0.983114 0.978588 0.826092 0.548686 0.188315 -0.200531 -0.559056
10.405 -0.141827 0.246473 0.597505 0.858189 0.989109 0.970469 0.805087 0.517971 0.152533 -0.235969 -0.58879 -0.852583 -0.987458 -0.973023 -0.81146 -0.527199 -0.163221 0.225437 0.580007 0.846876 0.985692 0.975464 0.817738 0.536365 0.771065 0.95565 0.995733 0.885255 0.64092 0.299674 -0.0868859 -0.460308 -0.764128 -0.952406 -0.996674 -0.890238 -0.649191 -0.309982 0.0760979 0.450672 0.757101 0.949051 0.997498 0.895116 0.657386 0.320255 -0.0653011 -0.440983
10.455 -0.275259 0.11225 0.482786 0.780321 0.959866 0.994273 0.878339 0.629593 0.285649 -0.101488 -0.473278 -0.773506 -0.956774 -0.995371 -0.883461 -0.637966 -0.296005 0.0907137 0.463716 0.766601 0.95357 0.996353 0.888481 0.646263 0.677206 0.906663 0.999026 0.940329 0.739448 0.426757 0.0495369 -0.335173 -0.669202 -0.902044 -0.99849 -0.943957 -0.746691 -0.43652 -0.0603446 0.324956 0.66112 0.897319 0.997836 0.947474 0.753847 0.446233 0.0711451 -0.3147
10.505 -0.403567 -0.0240639 0.359078 0.687925 0.912753 0.999566 0.935237 0.729494 0.413447 0.0348831 -0.348955 -0.680029 -0.908277 -0.999188 -0.939014 -0.736855 -0.423278 -0.0456983 0.338791 0.672053 0.903696 0.998693 0.942681 0.744129 0.57074 0.840796 0.983718 0.977896 0.824208 0.545894 0.185037 -0.203798 -0.561818 -0.834887 -0.981716 -0.980102 -0.830289 -0.554931 -0.195664 0.19319 0.552831 0.828881 0.979598 0.982193 0.836273 0.563903 0.206267 -0.182558
10.555 -0.524361 -0.159929 0.228685 0.582721 0.848645 0.986248 0.974724 0.815814 0.533547 0.170604 -0.218135 -0.573891 -0.84287 -0.984402 -0.977085 -0.822026 -0.54267 -0.18126 0.207559 0.564993 0.836996 0.98244 0.979331 0.828141 0.453647 0.759276 0.950097 0.997256 0.893624 0.654869 0.317093 -0.0686293 -0.443974 -0.752187 -0.946664 -0.997999 -0.898429 -0.66301 -0.32734 0.0578269 0.43425 0.745011 0.943121 0.998625 0.903129 0.671074 0.337548 -0.0470178
10.605 -0.635393 -0.292817 0.0940351 0.466669 0.768739 0.95457 0.996063 0.886945 0.643714 0.303149 -0.0832538 -0.457068 -0.761771 -0.951288 -0.996964 -0.891892 -0.65196 -0.313446 0.0724626 0.447415 0.754714 0.947896 0.997749 0.896735 0.328109 0.663619 0.898786 0.99805 0.946402 0.751651 0.443245 0.0678175 -0.317865 -0.655483 -0.893988 -0.997316 -0.949842 -0.758746 -0.452922 -0.0786124 0.307584 0.647271 0.889086 0.996465 0.953172 0.765752 0.462545 0.0893981
10.655 -0.734596 -0.420253 -0.0423659 0.341928 0.674519 0.905119 0.998858 0.941563 0.741897 0.43005 0.0531775 -0.331736 -0.666489 -0.900464 -0.998283 -0.945154 -0.749111 -0.439797 -0.0639829 0.321506 0.658381 0.895704 0.99759 0.948634 0.196461 0.555608 0.830742 0.980263 0.98156 0.834439 0.561145 0.203002 -0.185837 -0.546576 -0.824668 -0.978065 -0.983572 -0.840355 -0.570071 -0.213588 0.175191 0.53748 0.818498 0.975754 0.985468 0.846173 0.578931 0.22415
10.705 -0.820122 -0.539866 -0.177978 0.210821 0.567742 0.838817 0.983057 0.978651 0.826267 0.548945 0.188619 -0.200228 -0.558799 -0.832875 -0.981015 -0.980819 -0.832315 -0.55796 -0.199237 0.189612 0.54979 0.826836 0.978859 0.982871 0.0611567 0.437252 0.747232 0.944225 0.998445 0.901692 0.668598 0.334406 -0.0503496 -0.427492 -0.739995 -0.940605 -0.99899 -0.906319 -0.676607 -0.344587 0.0395365 0.417682 0.732671 0.936876 0.999417 0.91084 0.684538 0.354728
10.755 -0.890379 -0.649427 -0.310277 0.0757892 0.450395 0.756898 0.948953 0.997519 0.895254 0.657619 0.320548 -0.064992 -0.440705 -0.74978 -0.945484 -0.998223 -0.900024 -0.665735 -0.330782 0.0541873 0.430963 0.742574 0.941903 0.998809 -0.0752866 0.310756 0.64981 0.890608 0.99674 0.952158 0.763602 0.459585 0.0860753 -0.30045 -0.641545 -0.885633 -0.995808 -0.95541 -0.770546 -0.469171 -0.0968539 0.290108 0.633204 0.880555 0.99476 0.95855 0.7774 0.478702
10.805 -0.944059 -0.746897 -0.436799 -0.0606537 0.324663 0.660888 0.897182 0.997816 0.947573 0.75405 0.44651 0.071454 -0.314406 -0.652726 -0.892349 -0.997043 -0.950976 -0.761115 -0.456169 -0.082246 0.304113 0.644488 0.887412 0.996152 -0.210328 0.178474 0.54029 0.82041 0.976478 0.984896 0.844391 0.576208 0.220898 -0.167814 -0.53115 -0.814173 -0.974087 -0.986713 -0.85014 -0.58502 -0.231441 0.157133 0.521948 0.807841 0.971582 0.988413 0.855789 0.593764
10.855 -0.980163 -0.830462 -0.555189 -0.195967 0.192886 0.552573 0.828708 0.979536 0.982251 0.836443 0.564159 0.20657 -0.182254 -0.54352 -0.822601 -0.9773 -0.984223 -0.842326 -0.573062 -0.217148 0.171601 0.534402 0.816398 0.974949 -0.341454 0.0428694 0.420711 0.734938 0.938037 0.999298 0.909458 0.682102 0.351607 -0.032053 -0.410867 -0.727555 -0.934231 -0.999645 -0.913906 -0.689977 -0.361719 0.0212329 0.400975 0.720086 0.930316 0.999875 0.918246 0.697771
10.905 -0.998019 -0.898565 -0.663242 -0.327632 0.0575178 0.433971 0.744804 0.943018 0.998641 0.903262 0.671304 0.33784 -0.0467085 -0.424194 -0.737538 -0.939362 -0.999147 -0.907854 -0.679287 -0.348007 0.0358938 0.414367 0.730186 0.935595 -0.466223 -0.0935333 0.293299 0.635783 0.882131 0.995095 0.957594 0.775298 0.475771 0.104304 -0.282934 -0.627391 -0.876981 -0.993966 -0.960657 -0.782089 -0.485263 -0.115063 0.272536 0.618925 0.871729 0.992721 0.963606 0.788788
10.955 -0.997293 -0.949939 -0.758948 -0.453198 -0.0789211 0.307289 0.647035 0.888944 0.996439 0.953265 0.765951 0.46282 0.0897065 -0.296971 -0.638744 -0.883935 -0.995468 -0.95648 -0.772865 -0.472387 -0.100481 0.286618 0.630379 0.878822 -0.582312 -0.228195 0.160427 0.524791 0.809802 0.972366 0.987902 0.854059 0.591077 0.23872 -0.149734 -0.515546 -0.803405 -0.969782 -0.989522 -0.859639 -0.599773 -0.249216 0.139023 0.506242 0.796913 0.967085 0.991027 0.865119
11.005 -0.978001 -0.983628 -0.840523 -0.570326 -0.213891 0.174886 0.537219 0.81832 0.975686 0.985521 0.846338 0.579183 0.224451 -0.164219 -0.528058 -0.812051 -0.973256 -0.987298 -0.852054 -0.587973 -0.234986 0.153532 0.518835 0.805687 -0.687559 -0.358608 0.0245677 0.404028 0.722397 0.931534 0.999816 0.91692 0.695378 0.368691 -0.0137457 -0.394104 -0.71487 -0.927543 -0.999965 -0.921185 -0.703116 -0.37873 0.00292212 0.384133 0.70726 0.923444 0.999997 0.925343
11.055 -0.9405 -0.999003 -0.90645 -0.676835 -0.344878 0.0392271 0.417401 0.732461 0.936767 0.999428 0.910968 0.684763 0.355018 -0.0284093 -0.407541 -0.725049 -0.932925 -0.999735 -0.915379 -0.692611 -0.365116 0.0175882 0.397633 0.717552 -0.780006 -0.482344 -0.111749 0.275744 0.621542 0.873359 0.993117 0.962709 0.786733 0.491797 0.122498 -0.265323 -0.613026 -0.868035 -0.991791 -0.965581 -0.793369 -0.501193 -0.133233 0.254872 0.604439 0.86261 0.990349 0.96834
11.105 -0.88549 -0.99578 -0.955501 -0.770744 -0.469445 -0.0971621 0.289812 0.632965 0.880408 0.994728 0.958638 0.777595 0.478974 0.107929 -0.279436 -0.624548 -0.875224 -0.99356 -0.961663 -0.784355 -0.488448 -0.118683 0.269027 0.616058 -0.85793 -0.5971 -0.245985 0.142326 0.509115 0.798923 0.967928 0.990576 0.863441 0.605748 0.256461 -0.131604 -0.49977 -0.792367 -0.965152 -0.992 -0.86885 -0.614324 -0.266908 0.120866 0.490365 0.785717 0.962263 0.993308
11.155 -0.813993 -0.974017 -0.986763 -0.850303 -0.585271 -0.231742 0.156828 0.521684 0.807658 0.971509 0.98846 0.85595 0.594013 0.242258 -0.146128 -0.512419 -0.801229 -0.968887 -0.990042 -0.861496 -0.602686 -0.252745 0.135412 0.503094 -0.919882 -0.70074 -0.375641 0.00625778 0.38721 0.709614 0.924719 1 0.924074 0.708421 0.38565 0.00456619 -0.377208 -0.701946 -0.920544 -0.99995 -0.928156 -0.716019 -0.395614 -0.0153896 0.367162 0.694196 0.916262 0.999784
11.205 -0.727342 -0.93412 -0.999653 -0.914031 -0.690201 -0.362008 0.0209233 0.400691 0.719871 0.930202 0.99988 0.918368 0.697993 0.372077 -0.0101006 -0.390751 -0.712316 -0.926175 -0.999989 -0.922598 -0.705703 -0.382102 -0.000723241 0.380764 -0.964708 -0.791334 -0.498304 -0.129927 0.258096 0.607093 0.864293 0.990806 0.967502 0.797905 0.507659 0.140651 -0.247624 -0.598457 -0.858798 -0.989284 -0.970182 -0.804382 -0.516954 -0.151359 0.237123 0.58975 0.853203 0.987645
11.255 -0.62715 -0.876833 -0.993932 -0.960743 -0.782282 -0.485534 -0.115371 0.272238 0.618682 0.871577 0.992684 0.963689 0.788978 0.494968 0.126115 -0.261807 -0.610142 -0.86622 -0.991319 -0.966523 -0.795582 -0.504344 -0.136845 0.251345 -0.991574 -0.867194 -0.611689 -0.263692 0.124177 0.49327 0.787776 0.963166 0.992918 0.872533 0.620216 0.274117 -0.11343 -0.483825 -0.781063 -0.960199 -0.994145 -0.87777 -0.62867 -0.284511 0.102669 0.474324 0.774258 0.957119
11.305 -0.515281 -0.80322 -0.969707 -0.989567 -0.859797 -0.600021 -0.249516 0.138717 0.505974 0.796726 0.967006 0.991068 0.865274 0.608644 0.259983 -0.127989 -0.496609 -0.790138 -0.964192 -0.992454 -0.870649 -0.617197 -0.27042 0.117247 -0.999978 -0.92691 -0.713686 -0.392548 -0.0120542 0.370262 0.696593 0.917593 0.999847 0.930917 0.721226 0.40248 0.0228766 -0.360186 -0.688786 -0.913237 -0.9996 -0.934816 -0.728682 -0.412365 -0.0336962 0.350068 0.680899 0.908774
11.355 -0.393819 -0.714654 -0.927427 -0.999968 -0.921306 -0.703336 -0.379017 0.00261245 0.383847 0.707041 0.923325 0.999996 0.925461 0.710989 0.389011 0.00821148 -0.37383 -0.699345 -0.919114 -0.999907 -0.929507 -0.718559 -0.398959 -0.0190345 -0.989765 -0.969368 -0.802396 -0.514096 -0.148061 0.240362 0.59244 0.854938 0.988162 0.97197 0.808809 0.52335 0.158757 -0.229841 -0.583686 -0.849273 -0.986444 -0.974458 -0.815127 -0.532542 -0.169434 0.219294 0.574863 0.843509
11.405 -0.265025 -0.612782 -0.867882 -0.991752 -0.965662 -0.793557 -0.501461 -0.13354 0.254573 0.604192 0.862454 0.990306 0.968417 0.800097 0.510796 0.144259 -0.24409 -0.595532 -0.856925 -0.988745 -0.971059 -0.806543 -0.520071 -0.154961 -0.961125 -0.993779 -0.876167 -0.626073 -0.281311 0.105986 0.477258 0.776365 0.95808 0.994927 0.881333 0.634476 0.291681 -0.0952174 -0.467719 -0.769498 -0.954923 -0.995957 -0.886396 -0.642805 -0.302017 0.0844372 0.458124 0.76254
11.455 -0.131297 -0.499501 -0.792178 -0.965071 -0.992039 -0.869004 -0.614569 -0.267207 0.120559 0.490095 0.785526 0.962179 0.993344 0.874309 0.623071 0.277621 -0.109807 -0.480632 -0.778782 -0.959174 -0.994533 -0.879511 -0.631501 -0.288003 -0.914591 -0.999689 -0.933626 -0.726393 -0.409324 -0.0303622 0.35319 0.683338 0.91016 0.99936 0.937449 0.733789 0.419176 0.0411793 -0.343044 -0.675396 -0.905623 -0.998914 -0.941162 -0.7411 -0.428978 -0.0519915 0.332856 0.667374
11.505 0.00487586 -0.376921 -0.701725 -0.920423 -0.999947 -0.928272 -0.716235 -0.395898 -0.0156993 0.366874 0.693973 0.916138 0.999777 0.932243 0.723746 0.405815 0.0265208 -0.356783 -0.686139 -0.911746 -0.99949 -0.936104 -0.731173 -0.415683 -0.851029 -0.986986 -0.973703 -0.81319 -0.529716 -0.166146 0.222547 0.577589 0.845296 0.985188 0.976112 0.819441 0.538866 0.176809 -0.211982 -0.56872 -0.839463 -0.983274 -0.978407 -0.825597 -0.547952 -0.187452 0.201391 0.559783
11.555 0.140958 -0.247324 -0.598208 -0.85864 -0.989238 -0.970257 -0.804566 -0.517219 -0.151665 0.236822 0.5895 0.853041 0.987597 0.972821 0.810947 0.526453 0.162355 -0.226292 -0.580722 -0.847343 -0.985839 -0.97527 -0.817233 -0.535624 -0.771624 -0.955908 -0.995652 -0.884847 -0.640246 -0.298836 0.0877605 0.461087 0.764694 0.952673 0.996602 0.889837 0.648523 0.309148 -0.0769733 -0.451455 -0.757674 -0.949327 -0.997435 -0.894724 -0.656724 -0.319423 0.0661771 0.441771
11.605 0.274415 -0.113122 -0.483554 -0.78087 -0.960112 -0.994179 -0.877919 -0.628911 -0.284807 0.102361 0.474052 0.774062 0.957029 0.995287 0.88305 0.637289 0.295166 -0.091588 -0.464494 -0.767164 -0.953834 -0.996278 -0.888077 -0.645593 -0.677852 -0.907033 -0.999064 -0.94003 -0.738856 -0.425962 -0.04866 0.336 0.669855 0.902422 0.998537 0.943667 0.746107 0.43573 0.0594682 -0.325786 -0.661779 -0.897706 -0.997894 -0.947193 -0.75327 -0.445447 -0.0702694 0.315533
11.655 0.402764 0.0231862 -0.359897 -0.688562 -0.913111 -0.999591 -0.934926 -0.728894 -0.412647 -0.0340057 0.349778 0.680672 0.908644 0.999223 0.938712 0.736261 0.422482 0.0448213 -0.339617 -0.672703 -0.904071 -0.998738 -0.942388 -0.743542 -0.57146 -0.841271 -0.983876 -0.977712 -0.823711 -0.545158 -0.184175 0.204658 0.562544 0.83537 0.981882 0.979927 0.829799 0.554201 0.194803 -0.194051 -0.553563 -0.829372 -0.979774 -0.982027 -0.835791 -0.563178 -0.205408 0.183422
11.705 0.523614 0.159063 -0.22954 -0.583434 -0.84911 -0.986393 -0.974527 -0.815306 -0.532804 -0.169739 0.218992 0.57461 0.843342 0.984556 0.976898 0.821525 0.541933 0.180396 -0.208418 -0.565717 -0.837477 -0.982603 -0.979154 -0.827649 -0.454429 -0.759847 -0.95037 -0.997191 -0.893229 -0.654205 -0.31626 0.0695051 0.444761 0.752766 0.946947 0.997943 0.898043 0.662353 0.32651 -0.0587034 -0.43504 -0.745596 -0.943413 -0.998579 -0.902752 -0.670423 -0.336722 0.0478948
11.755 0.634715 0.291978 -0.0949091 -0.467445 -0.7693 -0.954831 -0.995985 -0.886539 -0.643042 -0.302313 0.0841286 0.457849 0.762339 0.951559 0.996896 0.891495 0.651294 0.312612 -0.0733382 -0.4482 -0.75529 -0.948175 -0.997689 -0.896346 -0.328938 -0.664276 -0.899171 -0.998105 -0.946118 -0.751072 -0.442458 -0.0669415 0.318697 0.656146 0.894382 0.99738 0.949568 0.758174 0.452139 0.0777371 -0.308419 -0.64794 -0.889488 -0.996539 -0.952906 -0.765187 -0.461767 -0.0885237
11.805 0.734 0.419457 0.0414887 -0.342753 -0.675167 -0.905492 -0.9989 -0.941267 -0.741308 -0.429258 -0.0523008 0.332564 0.667143 0.900846 0.998334 0.944867 0.748529 0.439008 0.0631067 -0.322337 -0.659041 -0.896094 -0.997651 -0.948356 -0.197322 -0.556338 -0.831231 -0.980436 -0.981392 -0.833955 -0.560418 -0.202142 0.1867 0.547311 0.825165 0.978248 0.983413 0.839879 0.56935 0.21273 -0.176055 -0.53822 -0.819002 -0.975945 -0.985319 -0.845705 -0.578215 -0.223294
11.855 0.819619 0.539126 0.177114 -0.211679 -0.568465 -0.839295 -0.983217 -0.978471 -0.825772 -0.548211 -0.187756 0.201088 0.559527 0.833361 0.981185 0.980647 0.831828 0.557231 0.198377 -0.190474 -0.550523 -0.82733 -0.979038 -0.982709 -0.062033 -0.438042 -0.747815 -0.944514 -0.998395 -0.901312 -0.667944 -0.333579 0.0512264 0.428286 0.740585 0.940903 0.99895 0.905948 0.675961 0.343763 -0.0404138 -0.41848 -0.733269 -0.937182 -0.999387 -0.910478 -0.683897 -0.353907
11.905 0.889979 0.648759 0.309442 -0.0766645 -0.451179 -0.757472 -0.94923 -0.997457 -0.894862 -0.656958 -0.319716 0.0658681 0.441493 0.750361 0.945769 0.99817 0.899641 0.66508 0.329953 -0.0550639 -0.431755 -0.743162 -0.942198 -0.998766 0.0744111 -0.31159 -0.650477 -0.891007 -0.99681 -0.951889 -0.763035 -0.458805 -0.0852006 0.301287 0.642218 0.886041 0.995888 0.95515 0.769987 0.468396 0.09598 -0.290948 -0.633884 -0.880971 -0.994849 -0.958299 -0.776848 -0.477931
11.955 0.943769 0.746313 0.436009 0.0597773 -0.325493 -0.661547 -0.897569 -0.997874 -0.947292 -0.753473 -0.445724 -0.0705783 0.31524 0.653391 0.892745 0.99711 0.950704 0.760546 0.455387 0.081371 -0.304949 -0.645159 -0.887816 -0.996229 0.20947 -0.179338 -0.541028 -0.820912 -0.976667 -0.984744 -0.84392 -0.57549 -0.220041 0.168679 0.531894 0.814682 0.974285 0.986569 0.849677 0.584308 0.230587 -0.158 -0.522697 -0.808358 -0.97179 -0.98828 -0.855335 -0.593058
12.005 0.979989 0.829972 0.554458 0.195106 -0.193747 -0.553305 -0.829199 -0.979712 -0.982086 -0.835961 -0.563433 -0.205711 0.183117 0.544256 0.8231 0.977485 0.984068 0.841852 0.572343 0.216291 -0.172466 -0.535144 -0.816905 -0.975144 0.340629 -0.0437465 -0.421507 -0.735533 -0.938341 -0.999265 -0.909093 -0.68146 -0.350785 0.0329305 0.411667 0.728157 0.934544 0.999621 0.913549 0.689342 0.360901 -0.0221106 -0.401779 -0.720695 -0.930637 -0.999861 -0.917898 -0.697142
12.055 0.997963 0.898179 0.662585 0.326803 -0.0583942 -0.434762 -0.74539 -0.94331 -0.998595 -0.902885 -0.670653 -0.337013 0.0475855 0.424989 0.738131 0.939662 0.99911 0.907485 0.678642 0.347184 -0.0367711 -0.415166 -0.730785 -0.935904 0.465446 0.0926592 -0.294138 -0.63646 -0.882544 -0.995182 -0.957341 -0.774743 -0.474999 -0.103431 0.283776 0.628074 0.877403 0.994062 0.960412 0.781541 0.484496 0.114191 -0.273381 -0.619615 -0.872159 -0.992826 -0.963371 -0.788248
12.105 0.997358 0.949665 0.758376 0.452415 0.0780459 -0.308124 -0.647704 -0.889346 -0.996513 -0.953 -0.765386 -0.462041 -0.0888321 0.297809 0.639419 0.884345 0.995551 0.956223 0.772307 0.471613 0.0996079 -0.287459 -0.63106 -0.87924 0.581598 0.22734 -0.161293 -0.525538 -0.810317 -0.972571 -0.987765 -0.853602 -0.590368 -0.237867 0.150602 0.516298 0.803927 0.969996 0.989395 0.85919 0.59907 0.248366 -0.139893 -0.506998 -0.797443 -0.967308 -0.990909 -0.864678
12.155 0.978184 0.983469 0.840047 0.569604 0.213033 -0.17575 -0.537959 -0.818824 -0.975878 -0.985372 -0.84587 -0.578467 -0.223596 0.165085 0.528803 0.812563 0.973458 0.987158 0.851594 0.587262 0.234133 -0.1544 -0.519586 -0.806207 0.686921 0.357788 -0.0254454 -0.404831 -0.723004 -0.931853 -0.999799 -0.916569 -0.694747 -0.367874 0.0146236 0.39491 0.715484 0.927871 0.999958 0.920843 0.702491 0.377918 -0.00380006 -0.384943 -0.70788 -0.92378 -0.999999 -0.92501
12.205 0.940798 0.998964 0.906079 0.676189 0.344054 -0.0401044 -0.418199 -0.733058 -0.937074 -0.999398 -0.910606 -0.684123 -0.354197 0.0292869 0.408342 0.725653 0.93324 0.999715 0.915026 0.691978 0.364298 -0.018466 -0.398438 -0.718163 0.779456 0.481575 0.110876 -0.276588 -0.622229 -0.873786 -0.99322 -0.962472 -0.786191 -0.491033 -0.121627 0.26617 0.61372 0.868471 0.991903 0.965353 0.792834 0.500433 0.132363 -0.255721 -0.605138 -0.863054 -0.99047 -0.96812
12.255 0.885897 0.99586 0.955242 0.770184 0.468669 0.0962883 -0.290652 -0.633644 -0.880824 -0.994818 -0.958388 -0.777043 -0.478203 -0.107056 0.280279 0.625233 0.875648 0.993659 0.961421 0.78381 0.487681 0.117812 -0.269872 -0.616749 0.857479 0.596396 0.245134 -0.143195 -0.509871 -0.799451 -0.968148 -0.990455 -0.862998 -0.605049 -0.255613 0.132474 0.50053 0.792902 0.965382 0.991889 0.868415 0.613632 0.266062 -0.121738 -0.49113 -0.78626 -0.962502 -0.993207
12.305 0.814503 0.974216 0.98662 0.849841 0.584559 0.230888 -0.157695 -0.522433 -0.808176 -0.971716 -0.988327 -0.855495 -0.593307 -0.241406 0.146997 0.513173 0.801754 0.969103 0.989918 0.86105 0.601985 0.251896 -0.136282 -0.503853 0.919538 0.700113 0.374827 -0.0071357 -0.38802 -0.710232 -0.925053 -0.999999 -0.923738 -0.707801 -0.38484 -0.00368826 0.378021 0.702571 0.920887 0.999959 0.927829 0.715406 0.394808 0.0145118 -0.367978 -0.694827 -0.916614 -0.999802
12.355 0.727944 0.934433 0.99963 0.913675 0.689566 0.36119 -0.021801 -0.401495 -0.72048 -0.930524 -0.999866 -0.918021 -0.697364 -0.371262 0.0109785 0.391559 0.712932 0.926505 0.999985 0.922259 0.705081 0.38129 -0.000154699 -0.381576 0.964477 0.790796 0.497542 0.129056 -0.258944 -0.60779 -0.864734 -0.990924 -0.96728 -0.797375 -0.506902 -0.139782 0.248474 0.59916 0.859248 0.989411 0.969969 0.80386 0.516203 0.150491 -0.237976 -0.590459 -0.85366 -0.987782
12.405 0.627833 0.877254 0.994029 0.960499 0.781734 0.484766 0.114498 -0.273083 -0.619372 -0.872007 -0.992789 -0.963454 -0.788438 -0.494205 -0.125244 0.262654 0.610838 0.866658 0.991434 0.966297 0.79505 0.503586 0.135976 -0.252195 0.991459 0.866757 0.610994 0.262845 -0.125048 -0.494033 -0.788317 -0.963401 -0.992813 -0.872104 -0.619527 -0.273273 0.114302 0.484593 0.781611 0.960443 0.99405 0.877349 0.627987 0.283669 -0.103542 -0.475097 -0.774814 -0.957373
12.455 0.516033 0.803743 0.969921 0.98944 0.859349 0.599318 0.248666 -0.139586 -0.506732 -0.797256 -0.967229 -0.990951 -0.864834 -0.607948 -0.259135 0.12886 0.497371 0.790675 0.964424 0.992346 0.870217 0.616506 0.269574 -0.118119 0.999983 0.92658 0.713071 0.391741 0.0111764 -0.371078 -0.697222 -0.917942 -0.999862 -0.930596 -0.720618 -0.401676 -0.0219989 0.361005 0.689423 0.913594 0.999624 0.934504 0.72808 0.411565 0.0328188 -0.35089 -0.681542 -0.90914
12.505 0.394626 0.715267 0.927755 0.99996 0.920964 0.702712 0.378204 -0.00349039 -0.384657 -0.707661 -0.923662 -0.999998 -0.925128 -0.710371 -0.388202 -0.00733357 0.374644 0.699972 0.91946 0.999919 0.929183 0.717948 0.398154 0.0181567 0.98989 0.969152 0.801872 0.513343 0.147193 -0.241214 -0.593148 -0.855393 -0.988297 -0.971763 -0.808292 -0.522602 -0.15789 0.230696 0.584399 0.849736 0.986588 0.97426 0.814618 0.531799 0.168569 -0.22015 -0.575581 -0.84398
12.555 0.265871 0.613475 0.868317 0.991864 0.965433 0.793022 0.500701 0.13267 -0.255422 -0.604892 -0.862898 -0.990428 -0.968198 -0.79957 -0.510041 -0.14339 0.244942 0.596237 0.857377 0.988876 0.970849 0.806023 0.519321 0.154094 0.961367 0.993681 0.875744 0.625388 0.280469 -0.106859 -0.47803 -0.776918 -0.958331 -0.994838 -0.880918 -0.633797 -0.290842 0.0960913 0.468494 0.770058 0.955183 0.995878 0.885989 0.642132 0.30118 -0.085312 -0.458905 -0.763108
12.605 0.132167 0.500262 0.792713 0.965301 0.991928 0.868569 0.613876 0.266361 -0.12143 -0.49086 -0.786069 -0.962418 -0.993243 -0.873882 -0.622384 -0.276778 0.11068 0.481401 0.779332 0.959422 0.994441 0.879093 0.63082 0.287163 0.914946 0.99971 0.933311 0.725789 0.408523 0.0294847 -0.354012 -0.683979 -0.910524 -0.999391 -0.937143 -0.733193 -0.418378 -0.0403021 0.343868 0.676043 0.905995 0.998955 0.940865 0.74051 0.428185 0.0511147 -0.333684 -0.668028
12.655 -0.00399793 0.377734 0.702351 0.920766 0.999956 0.927945 0.715622 0.395092 0.0148214 -0.36769 -0.694605 -0.91649 -0.999795 -0.931925 -0.72314 -0.405012 -0.0256432 0.357603 0.686777 0.912106 0.999518 0.935795 0.730574 0.414885 0.85149 0.987127 0.973503 0.812678 0.528971 0.16528 -0.223403 -0.578306 -0.845765 -0.985338 -0.975921 -0.818938 -0.538126 -0.175945 0.21284 0.569442 0.83994 0.983433 0.978225 0.825102 0.547217 0.18659 -0.202251 -0.560511
12.705 -0.140088 0.248174 0.598912 0.859089 0.989366 0.970044 0.804045 0.516468 0.150797 -0.237675 -0.590209 -0.853499 -0.987734 -0.972617 -0.810433 -0.525706 -0.161489 0.227147 0.581437 0.847809 0.985986 0.975076 0.816727 0.534883 0.772182 0.956165 0.99557 0.884437 0.639571 0.297998 -0.088635 -0.461866 -0.765259 -0.95294 -0.996529 -0.889436 -0.647855 -0.308313 0.0778486 0.452238 0.758247 0.949603 0.997372 0.894332 0.656062 0.318591 -0.0670531 -0.442558
12.755 -0.273571 0.113994 0.484322 0.781418 0.960357 0.994084 0.877498 0.628228 0.283966 -0.103234 -0.474824 -0.774618 -0.957284 -0.995201 -0.882637 -0.636613 -0.294327 0.0924622 0.465271 0.767727 0.954098 0.996202 0.887673 0.644922 0.678497 0.907402 0.999102 0.93973 0.738264 0.425168 0.0477831 -0.336827 -0.670506 -0.9028 -0.998585 -0.943376 -0.745522 -0.43494 -0.0585918 0.326616 0.662437 0.898092 0.99795 0.946911 0.752692 0.444661 0.0693936 -0.316366
12.805 -0.40196 -0.0223084 0.360716 0.689198 0.913468 0.999616 0.934614 0.728292 0.411847 0.0331283 -0.3506 -0.681315 -0.909011 -0.999257 -0.938409 -0.735667 -0.421686 -0.0439442 0.340443 0.673352 0.904446 0.998782 0.942094 0.742955 0.57218 0.841745 0.984033 0.977527 0.823212 0.544422 0.183312 -0.205517 -0.56327 -0.835853 -0.982048 -0.979751 -0.829309 -0.55347 -0.193941 0.194912 0.554294 0.829862 0.979949 0.981861 0.835309 0.562452 0.204548 -0.184285
12.855 -0.522866 -0.158196 0.230394 0.584147 0.849573 0.986537 0.97433 0.814797 0.532061 0.168874 -0.219848 -0.575328 -0.843814 -0.984709 -0.97671 -0.821025 -0.541195 -0.179532 0.209276 0.566441 0.837956 0.982766 0.978975 0.827156 0.455211 0.760417 0.950643 0.997125 0.892834 0.653541 0.315427 -0.0703809 -0.445547 -0.753343 -0.947229 -0.997886 -0.897657 -0.661695 -0.32568 0.0595798 0.435831 0.746181 0.943704 0.998531 0.902374 0.669772 0.335895 -0.0487717
12.905 -0.634037 -0.291138 0.0957831 0.468221 0.76986 0.955091 0.995906 0.886133 0.64237 0.301476 -0.0850034 -0.458629 -0.762907 -0.951828 -0.996826 -0.891097 -0.650627 -0.311778 0.0742138 0.448984 0.755865 0.948454 0.997629 0.895957 0.329767 0.664932 0.899555 0.998158 0.945833 0.750492 0.44167 0.0660655 -0.319529 -0.656808 -0.894774 -0.997443 -0.949292 -0.757601 -0.451356 -0.0768618 0.309254 0.648608 0.889888 0.996611 0.952639 0.764622 0.460988 0.0876491
12.955 -0.733403 -0.41866 -0.0406115 0.343577 0.675815 0.905864 0.998941 0.94097 0.740718 0.428465 0.051424 -0.333392 -0.667797 -0.901227 -0.998384 -0.944579 -0.747946 -0.438219 -0.0622305 0.323168 0.659701 0.896483 0.99771 0.948077 0.198183 0.557067 0.831718 0.980608 0.981223 0.83347 0.559691 0.201282 -0.187562 -0.548045 -0.82566 -0.97843 -0.983253 -0.839402 -0.568628 -0.211872 0.176919 0.53896 0.819506 0.976136 0.985168 0.845236 0.577498 0.222438
13.005 -0.819116 -0.538387 -0.17625 0.212537 0.569187 0.839772 0.983377 0.978289 0.825277 0.547476 0.186894 -0.201948 -0.560254 -0.833846 -0.981354 -0.980475 -0.831341 -0.556502 -0.197516 0.191335 0.551256 0.827822 0.979216 0.982546 0.0629092 0.438831 0.748398 0.944802 0.998345 0.900932 0.667291 0.332751 -0.0521032 -0.429079 -0.741175 -0.9412 -0.998909 -0.905576 -0.675313 -0.342939 0.041291 0.419277 0.733865 0.937488 0.999356 0.910114 0.683257 0.353086
13.055 -0.889578 -0.64809 -0.308607 0.0775399 0.451962 0.758045 0.949505 0.997394 0.89447 0.656296 0.318885 -0.0667441 -0.442281 -0.750941 -0.946054 -0.998117 -0.899257 -0.664424 -0.329125 0.0559405 0.432547 0.743749 0.942491 0.998722 -0.0735356 0.312424 0.651143 0.891405 0.99688 0.95162 0.762468 0.458025 0.0843258 -0.302124 -0.642891 -0.886447 -0.995967 -0.95489 -0.769426 -0.46762 -0.0951061 0.291788 0.634562 0.881386 0.994938 0.958048 0.776295 0.47716
13.105 -0.943478 -0.745728 -0.435219 -0.0589009 0.326323 0.662205 0.897956 0.99793 0.947011 0.752896 0.444938 0.0697025 -0.316073 -0.654055 -0.89314 -0.997176 -0.950432 -0.759975 -0.454605 -0.0804959 0.305785 0.645829 0.88822 0.996305 -0.208611 0.180201 0.541766 0.821413 0.976855 0.984591 0.843449 0.574772 0.219185 -0.169544 -0.532637 -0.815191 -0.974483 -0.986426 -0.849214 -0.583595 -0.229733 0.158867 0.523445 0.808874 0.971996 0.988145 0.85488 0.59235
13.155 -0.979813 -0.829482 -0.553727 -0.194245 0.194608 0.554036 0.829689 0.979887 0.98192 0.835479 0.562708 0.204851 -0.18398 -0.544993 -0.823598 -0.97767 -0.983911 -0.841378 -0.571623 -0.215434 0.17333 0.535886 0.817411 0.975338 -0.339803 0.0446236 0.422303 0.736127 0.938644 0.999231 0.908727 0.680817 0.349963 -0.033808 -0.412467 -0.728758 -0.934856 -0.999597 -0.913191 -0.688705 -0.360082 0.0229883 0.402583 0.721304 0.930958 0.999846 0.917549 0.696513
13.205 -0.997907 -0.897793 -0.661927 -0.325973 0.0592707 0.435552 0.745975 0.943601 0.998548 0.902508 0.670001 0.336186 -0.0484624 -0.425783 -0.738723 -0.939962 -0.999073 -0.907116 -0.677997 -0.346361 0.0376485 0.415965 0.731384 0.936213 -0.464669 -0.091785 0.294977 0.637137 0.882957 0.995268 0.957087 0.774188 0.474226 0.102558 -0.284618 -0.628757 -0.877824 -0.994157 -0.960167 -0.780993 -0.483727 -0.113319 0.274225 0.620304 0.872588 0.992931 0.963136 0.787707
13.255 -0.997421 -0.949389 -0.757803 -0.451632 -0.0771706 0.308959 0.648373 0.889747 0.996586 0.952733 0.764821 0.461262 0.0879576 -0.298647 -0.640094 -0.884754 -0.995634 -0.955966 -0.771749 -0.470839 -0.0987343 0.2883 0.631741 0.879658 -0.580883 -0.226485 0.16216 0.526284 0.810831 0.972775 0.987628 0.853144 0.58966 0.237014 -0.15147 -0.51705 -0.804449 -0.970209 -0.989267 -0.858741 -0.598367 -0.247516 0.140762 0.507755 0.797972 0.96753 0.990791 0.864237
13.305 -0.978366 -0.98331 -0.839571 -0.568882 -0.212175 0.176615 0.538699 0.819328 0.976069 0.985222 0.845401 0.577751 0.22274 -0.165951 -0.529548 -0.813074 -0.973658 -0.987018 -0.851133 -0.586551 -0.233279 0.155267 0.520336 0.806726 -0.686283 -0.356968 0.026323 0.405634 0.72361 0.932171 0.999781 0.916218 0.694115 0.367058 -0.0155014 -0.395717 -0.716097 -0.928198 -0.999949 -0.920501 -0.701866 -0.377105 0.00467799 0.385753 0.7085 0.924116 1 0.924676
13.355 -0.941095 -0.998923 -0.905707 -0.675542 -0.343229 0.0409816 0.418996 0.733655 0.93738 0.999367 0.910242 0.683483 0.353376 -0.0301645 -0.409143 -0.726257 -0.933555 -0.999694 -0.914671 -0.691344 -0.36348 0.0193438 0.399243 0.718774 -0.778906 -0.480805 -0.110004 0.277431 0.622917 0.874212 0.993321 0.962233 0.785648 0.490268 0.120755 -0.267016 -0.614413 -0.868906 -0.992014 -0.965123 -0.792298 -0.499673 -0.131493 0.25657 0.605837 0.863497 0.990591 0.9679
13.405 -0.886304 -0.995939 -0.954982 -0.769624 -0.467894 -0.0954144 0.291492 0.634323 0.88124 0.994907 0.958137 0.77649 0.477432 0.106183 -0.281121 -0.625918 -0.876072 -0.993757 -0.96118 -0.783265 -0.486915 -0.11694 0.270717 0.61744 -0.857027 -0.595691 -0.244282 0.144063 0.510626 0.799978 0.968368 0.990334 0.862554 0.60435 0.254764 -0.133344 -0.50129 -0.793437 -0.96561 -0.991777 -0.86798 -0.612938 -0.265216 0.122609 0.491895 0.786802 0.96274 0.993104
13.455 -0.815012 -0.974413 -0.986477 -0.849378 -0.583847 -0.230034 0.158561 0.523181 0.808692 0.971923 0.988193 0.85504 0.5926 0.240554 -0.147865 -0.513926 -0.802278 -0.96932 -0.989793 -0.860603 -0.601284 -0.251046 0.137152 0.504611 -0.919192 -0.699486 -0.374013 0.00801362 0.388829 0.71085 0.925386 0.999997 0.923401 0.707181 0.384029 0.00281032 -0.378834 -0.703195 -0.921229 -0.999966 -0.927501 -0.714792 -0.394001 -0.0136339 0.368794 0.695459 0.916964 0.999819
13.505 -0.728546 -0.934746 -0.999605 -0.913318 -0.68893 -0.360371 0.0226788 0.402299 0.721089 0.930845 0.999851 0.917672 0.696735 0.370446 -0.0118564 -0.392366 -0.713548 -0.926835 -0.999979 -0.921919 -0.704458 -0.380478 0.00103264 0.382387 -0.964244 -0.790259 -0.49678 -0.128185 0.259792 0.608487 0.865175 0.991042 0.967056 0.796845 0.506145 0.138912 -0.249325 -0.599862 -0.859696 -0.989538 -0.969755 -0.803338 -0.51545 -0.149623 0.238828 0.591167 0.854117 0.987919
13.555 -0.628516 -0.877675 -0.994124 -0.960254 -0.781187 -0.483998 -0.113626 0.273927 0.620061 0.872437 0.992894 0.963219 0.787898 0.493442 0.124373 -0.263501 -0.611532 -0.867096 -0.991548 -0.966071 -0.794517 -0.502827 -0.135106 0.253045 -0.991345 -0.866319 -0.610299 -0.261998 0.125919 0.494796 0.788857 0.963636 0.992707 0.871674 0.618838 0.272428 -0.115174 -0.485361 -0.782158 -0.960688 -0.993954 -0.876928 -0.627304 -0.282827 0.104415 0.475869 0.775368 0.957626
13.605 -0.516785 -0.804265 -0.970134 -0.989312 -0.8589 -0.598615 -0.247816 0.140455 0.507488 0.797785 0.967452 0.990833 0.864393 0.60725 0.258287 -0.12973 -0.498132 -0.791213 -0.964656 -0.992237 -0.869784 -0.615814 -0.268729 0.11899 -0.999988 -0.926249 -0.712455 -0.390933 -0.0102985 0.371893 0.697852 0.91829 0.999877 0.930275 0.720009 0.400872 0.0211211 -0.361824 -0.690058 -0.913951 -0.999648 -0.934191 -0.727478 -0.410765 -0.0319413 0.351712 0.682184 0.909505
13.655 -0.395432 -0.715881 -0.928083 -0.999952 -0.920622 -0.702087 -0.377391 0.00436832 0.385467 0.708281 0.923998 0.999999 0.924794 0.709753 0.387393 0.00645565 -0.375458 -0.700599 -0.919805 -0.99993 -0.928858 -0.717336 -0.397349 -0.0172789 -0.990014 -0.968936 -0.801347 -0.512589 -0.146324 0.242066 0.593854 0.855847 0.98843 0.971556 0.807775 0.521853 0.157023 -0.23155 -0.585111 -0.850199 -0.986731 -0.974062 -0.814108 -0.531055 -0.167703 0.221007 0.576299 0.844451
13.705 -0.266718 -0.614168 -0.868753 -0.991975 -0.965204 -0.792487 -0.499941 -0.1318 0.25627 0.60559 0.863341 0.990549 0.967978 0.799042 0.509286 0.142522 -0.245793 -0.596942 -0.857829 -0.989006 -0.970638 -0.805504 -0.518571 -0.153227 -0.961608 -0.993582 -0.87532 -0.624702 -0.279626 0.107732 0.4788 0.777471 0.958582 0.994748 0.880502 0.633118 0.290001 -0.0969652 -0.46927 -0.770618 -0.955443 -0.995798 -0.885582 -0.641459 -0.300343 0.0861867 0.459684 0.763675
13.755 -0.133037 -0.501022 -0.793248 -0.96553 -0.991817 -0.868134 -0.613183 -0.265514 0.122302 0.491625 0.786611 0.962656 0.99314 0.873455 0.621697 0.275934 -0.111552 -0.482171 -0.779882 -0.959669 -0.994348 -0.878674 -0.630138 -0.286321 -0.9153 -0.999731 -0.932996 -0.725185 -0.407721 -0.0286071 0.354833 0.684619 0.910886 0.999421 0.936836 0.732595 0.417581 0.0394248 -0.344692 -0.67669 -0.906367 -0.998995 -0.940567 -0.73992 -0.427391 -0.0502379 0.334512 0.668681
13.805 0.00311999 -0.378547 -0.702975 -0.921108 -0.999964 -0.927617 -0.715008 -0.394285 -0.0139436 0.368507 0.695236 0.916841 0.999813 0.931606 0.722534 0.404209 0.0247655 -0.358423 -0.687415 -0.912466 -0.999545 -0.935485 -0.729974 -0.414086 -0.85195 -0.987267 -0.973302 -0.812167 -0.528226 -0.164414 0.224259 0.579022 0.846233 0.985487 0.975729 0.818434 0.537386 0.175081 -0.213697 -0.570163 -0.840416 -0.983592 -0.978042 -0.824605 -0.546482 -0.185727 0.203111 0.561238
13.855 0.139219 -0.249025 -0.599615 -0.859538 -0.989494 -0.969831 -0.803522 -0.515716 -0.149929 0.238527 0.590917 0.853956 0.987871 0.972412 0.809918 0.524959 0.160622 -0.228002 -0.582151 -0.848274 -0.986132 -0.97488 -0.81622 -0.534141 -0.772739 -0.956422 -0.995487 -0.884027 -0.638896 -0.29716 0.0895095 0.462644 0.765824 0.953206 0.996456 0.889035 0.647186 0.307477 -0.0787239 -0.453021 -0.758819 -0.949877 -0.997308 -0.893938 -0.655399 -0.317759 0.067929 0.443345
13.905 0.272726 -0.114866 -0.48509 -0.781965 -0.960602 -0.993988 -0.877077 -0.627545 -0.283124 0.104107 0.475597 0.775173 0.957537 0.995115 0.882224 0.635935 0.293488 -0.0933363 -0.466048 -0.768289 -0.95436 -0.996125 -0.887269 -0.644251 -0.679142 -0.907771 -0.999139 -0.939429 -0.737672 -0.424373 -0.0469062 0.337653 0.671157 0.903177 0.998631 0.943084 0.744936 0.434149 0.0577153 -0.327445 -0.663094 -0.898478 -0.998006 -0.946628 -0.752114 -0.443874 -0.0685177 0.317199
13.955 0.401156 0.0214307 -0.361535 -0.689834 -0.913825 -0.99964 -0.934302 -0.72769 -0.411047 -0.0322508 0.351422 0.681958 0.909376 0.999291 0.938105 0.735072 0.42089 0.0430671 -0.341268 -0.674001 -0.90482 -0.998824 -0.941799 -0.742367 -0.5729 -0.842219 -0.984188 -0.977342 -0.822714 -0.543686 -0.182449 0.206376 0.563995 0.836334 0.982214 0.979575 0.828818 0.552738 0.19308 -0.195773 -0.555024 -0.830351 -0.980124 -0.981694 -0.834826 -0.561726 -0.203689 0.185147
14.005 0.522117 0.157329 -0.231249 -0.58486 -0.850036 -0.98668 -0.974132 -0.814288 -0.531318 -0.168009 0.220705 0.576046 0.844285 0.984862 0.976521 0.820523 0.540456 0.178669 -0.210135 -0.567164 -0.838435 -0.982928 -0.978795 -0.826662 -0.455993 -0.760987 -0.950915 -0.997058 -0.892438 -0.652876 -0.314594 0.0712566 0.446333 0.75392 0.94751 0.997829 0.897269 0.661036 0.32485 -0.0604561 -0.436621 -0.746765 -0.943994 -0.998483 -0.901995 -0.669119 -0.335068 0.0496486
14.055 0.633357 0.290298 -0.096657 -0.468996 -0.77042 -0.955351 -0.995826 -0.885725 -0.641696 -0.300638 0.0858782 0.459409 0.763475 0.952097 0.996756 0.890698 0.64996 0.310944 -0.0750893 -0.449768 -0.75644 -0.948732 -0.997569 -0.895566 -0.330595 -0.665587 -0.899938 -0.998211 -0.945548 -0.749911 -0.440883 -0.0651895 0.320361 0.65747 0.895166 0.997505 0.949016 0.757028 0.450572 0.0759865 -0.310089 -0.649276 -0.890289 -0.996683 -0.952372 -0.764055 -0.460208 -0.0867745
14.105 0.732806 0.417862 0.0397343 -0.344402 -0.676462 -0.906236 -0.998981 -0.940673 -0.740128 -0.427671 -0.0505472 0.33422 0.66845 0.901607 0.998433 0.94429 0.747363 0.43743 0.0613542 -0.323999 -0.660361 -0.896872 -0.997769 -0.947797 -0.199043 -0.557796 -0.832206 -0.98078 -0.981054 -0.832985 -0.558963 -0.200422 0.188424 0.54878 0.826155 0.978611 0.983093 0.838925 0.567905 0.211014 -0.177783 -0.539699 -0.820008 -0.976327 -0.985017 -0.844767 -0.576781 -0.221582
14.155 0.818612 0.537647 0.175386 -0.213395 -0.569909 -0.840248 -0.983536 -0.978107 -0.82478 -0.546742 -0.186031 0.202808 0.560981 0.83433 0.981523 0.980302 0.830852 0.555772 0.196655 -0.192197 -0.551988 -0.828315 -0.979394 -0.982382 -0.0637854 -0.439619 -0.74898 -0.945089 -0.998294 -0.90055 -0.666637 -0.331923 0.0529799 0.429872 0.741764 0.941496 0.998868 0.905203 0.674666 0.342114 -0.0421682 -0.420074 -0.734461 -0.937793 -0.999324 -0.90975 -0.682615 -0.352264
14.205 0.889177 0.647422 0.307772 -0.0784151 -0.452745 -0.758617 -0.949781 -0.997331 -0.894077 -0.655633 -0.318052 0.0676201 0.443068 0.75152 0.946338 0.998062 0.898873 0.663767 0.328295 -0.0568171 -0.433338 -0.744336 -0.942785 -0.998677 0.07266 -0.313258 -0.65181 -0.891803 -0.996949 -0.951349 -0.761899 -0.457244 -0.0834509 0.302961 0.643563 0.886853 0.996046 0.954629 0.768865 0.466844 0.0942321 -0.292628 -0.635241 -0.8818 -0.995026 -0.957796 -0.775741 -0.476388
14.255 0.943187 0.745143 0.434428 0.0580245 -0.327153 -0.662862 -0.898342 -0.997987 -0.946728 -0.752318 -0.444152 -0.0688267 0.316905 0.654719 0.893535 0.997242 0.950158 0.759404 0.453823 0.0796208 -0.306621 -0.646499 -0.888623 -0.99638 0.207753 -0.181065 -0.542504 -0.821913 -0.977043 -0.984437 -0.842977 -0.574053 -0.218328 0.170409 0.53338 0.815699 0.97468 0.986281 0.84875 0.582882 0.228878 -0.159734 -0.524193 -0.80939 -0.972202 -0.98801 -0.854424 -0.591643
14.305 0.979638 0.828992 0.552996 0.193384 -0.19547 -0.554766 -0.830179 -0.980062 -0.981753 -0.834996 -0.561982 -0.203992 0.184843 0.545728 0.824096 0.977854 0.983754 0.840903 0.570902 0.214576 -0.174195 -0.536627 -0.817916 -0.975532 0.338977 -0.0455007 -0.423099 -0.736721 -0.938946 -0.999196 -0.90836 -0.680174 -0.349141 0.0346854 0.413267 0.729359 0.935167 0.999571 0.912833 0.688068 0.359263 -0.023866 -0.403386 -0.721911 -0.931278 -0.99983 -0.9172 -0.695882
14.355 0.997849 0.897406 0.661269 0.325143 -0.060147 -0.436342 -0.746559 -0.943891 -0.9985 -0.902129 -0.669349 -0.335359 0.0493393 0.426578 0.739314 0.940261 0.999034 0.906746 0.677352 0.345537 -0.0385258 -0.416763 -0.731983 -0.936521 0.463891 0.0909107 -0.295816 -0.637813 -0.883369 -0.995352 -0.956832 -0.773632 -0.473453 -0.101684 0.285459 0.62944 0.878244 0.994252 0.959922 0.780445 0.482959 0.112446 -0.275069 -0.620992 -0.873016 -0.993035 -0.962899 -0.787166
14.405 0.997484 0.949113 0.75723 0.450848 0.0762952 -0.309794 -0.649041 -0.890148 -0.996658 -0.952466 -0.764255 -0.460483 -0.087083 0.299485 0.640768 0.885163 0.995715 0.955708 0.771191 0.470064 0.0978606 -0.28914 -0.632421 -0.880075 0.580168 0.22563 -0.163026 -0.527031 -0.811345 -0.972978 -0.98749 -0.852686 -0.58895 -0.236161 0.152337 0.517801 0.80497 0.970422 0.989139 0.858291 0.597663 0.246665 -0.141631 -0.508511 -0.798501 -0.967752 -0.990672 -0.863795
14.455 0.978547 0.98315 0.839093 0.56816 0.211317 -0.177479 -0.539438 -0.819831 -0.97626 -0.985071 -0.844932 -0.577034 -0.221884 0.166816 0.530293 0.813585 0.973858 0.986876 0.850672 0.58584 0.232425 -0.156134 -0.521085 -0.807244 0.685644 0.356148 -0.0272007 -0.406436 -0.724216 -0.932489 -0.999763 -0.915865 -0.693483 -0.366241 0.0163792 0.396523 0.716709 0.928524 0.99994 0.920157 0.701241 0.376291 -0.00555592 -0.386563 -0.709119 -0.924451 -1 -0.924342
14.505 0.941392 0.998882 0.905335 0.674894 0.342405 -0.0418588 -0.419793 -0.734251 -0.937686 -0.999335 -0.909879 -0.682842 -0.352554 0.031042 0.409944 0.72686 0.93387 0.999671 0.914316 0.690709 0.362662 -0.0202216 -0.400048 -0.719384 0.778355 0.480035 0.109131 -0.278275 -0.623603 -0.874638 -0.993422 -0.961994 -0.785105 -0.489502 -0.119884 0.267862 0.615105 0.86934 0.992125 0.964893 0.791762 0.498912 0.130623 -0.257418 -0.606535 -0.86394 -0.990711 -0.967679
14.555 0.88671 0.996018 0.954721 0.769063 0.467117 0.0945404 -0.292332 -0.635001 -0.881654 -0.994995 -0.957885 -0.775936 -0.47666 -0.10531 0.281964 0.626603 0.876495 0.993855 0.960937 0.782719 0.486148 0.116068 -0.271563 -0.618131 0.856574 0.594986 0.243431 -0.144932 -0.511381 -0.800505 -0.968587 -0.990211 -0.862109 -0.60365 -0.253915 0.134214 0.502049 0.793971 0.965838 0.991664 0.867544 0.612244 0.264369 -0.12348 -0.492659 -0.787344 -0.962977 -0.993001
14.605 0.81552 0.97461 0.986332 0.848914 0.583134 0.229179 -0.159428 -0.523929 -0.809208 -0.97213 -0.988058 -0.854585 -0.591892 -0.239702 0.148734 0.514679 0.802802 0.969535 0.989668 0.860156 0.600582 0.250196 -0.138021 -0.505369 0.918846 0.698859 0.373199 -0.00889153 -0.389637 -0.711467 -0.925718 -0.999994 -0.923064 -0.70656 -0.383219 -0.00193238 0.379646 0.703819 0.92157 0.999973 0.927173 0.714178 0.393194 0.0127561 -0.36961 -0.696089 -0.917314 -0.999835
14.655 0.729147 0.935057 0.99958 0.91296 0.688293 0.359552 -0.0235565 -0.403103 -0.721697 -0.931166 -0.999835 -0.917323 -0.696105 -0.369631 0.0127343 0.393174 0.714162 0.927165 0.999973 0.921579 0.703835 0.379666 -0.00191058 -0.383199 0.964011 0.789721 0.496018 0.127315 -0.26064 -0.609184 -0.865615 -0.991159 -0.966833 -0.796314 -0.505388 -0.138043 0.250175 0.600565 0.860145 0.989665 0.96954 0.802815 0.514698 0.148755 -0.239681 -0.591875 -0.854573 -0.988055
14.705 0.629199 0.878096 0.994219 0.960008 0.780638 0.48323 0.112754 -0.274771 -0.620749 -0.872865 -0.992998 -0.962983 -0.787357 -0.492678 -0.123502 0.264348 0.612227 0.867533 0.991661 0.965844 0.793984 0.502068 0.134236 -0.253894 0.991229 0.86588 0.609603 0.261151 -0.12679 -0.495559 -0.789396 -0.963871 -0.992601 -0.871244 -0.618148 -0.271584 0.116046 0.486129 0.782705 0.960931 0.993857 0.876505 0.62662 0.281985 -0.105289 -0.476641 -0.775923 -0.957879
14.755 0.517536 0.804786 0.970347 0.989184 0.85845 0.597912 0.246965 -0.141324 -0.508245 -0.798314 -0.967674 -0.990714 -0.863951 -0.606552 -0.257439 0.130601 0.498893 0.791749 0.964887 0.992127 0.869351 0.615122 0.267883 -0.119862 0.999992 0.925918 0.711839 0.390124 0.00942058 -0.372708 -0.69848 -0.918637 -0.99989 -0.929952 -0.719399 -0.400068 -0.0202434 0.362642 0.690693 0.914307 0.999671 0.933877 0.726875 0.409964 0.0310638 -0.352534 -0.682826 -0.90987
14.805 0.396239 0.716493 0.928409 0.999943 0.920279 0.701461 0.376578 -0.00524625 -0.386277 -0.708901 -0.924333 -1 -0.92446 -0.709134 -0.386583 -0.00557772 0.376271 0.701225 0.920149 0.99994 0.928532 0.716725 0.396543 0.016401 0.990137 0.968718 0.800822 0.511835 0.145456 -0.242918 -0.59456 -0.856301 -0.988563 -0.971347 -0.807257 -0.521104 -0.156156 0.232404 0.585823 0.850661 0.986873 0.973863 0.813598 0.530311 0.166838 -0.221863 -0.577016 -0.844921
14.855 0.267564 0.614861 0.869187 0.992086 0.964974 0.791952 0.49918 0.13093 -0.257119 -0.606289 -0.863784 -0.990669 -0.967757 -0.798514 -0.50853 -0.141653 0.246644 0.597646 0.85828 0.989135 0.970427 0.804983 0.51782 0.152359 0.961849 0.993483 0.874895 0.624017 0.278783 -0.108605 -0.479571 -0.778022 -0.958831 -0.994658 -0.880086 -0.632438 -0.289161 0.0978389 0.470045 0.771177 0.955701 0.995717 0.885173 0.640785 0.299506 -0.0870613 -0.460464 -0.764241
14.905 0.133907 0.501781 0.793782 0.965758 0.991704 0.867698 0.612489 0.264668 -0.123173 -0.492389 -0.787153 -0.962893 -0.993037 -0.873027 -0.621009 -0.27509 0.112425 0.48294 0.780431 0.959916 0.994254 0.878254 0.629456 0.28548 0.915653 0.999751 0.932679 0.72458 0.406919 0.0277295 -0.355653 -0.685259 -0.911248 -0.999451 -0.936529 -0.731998 -0.416783 -0.0385476 0.345516 0.677336 0.906737 0.999034 0.940269 0.739329 0.426597 0.0493611 -0.335339 -0.669333
14.955 -0.00224205 0.37936 0.703599 0.92145 0.999971 0.927289 0.714394 0.393478 0.0130657 -0.369323 -0.695867 -0.917191 -0.999829 -0.931286 -0.721926 -0.403406 -0.0238878 0.359242 0.688053 0.912824 0.999571 0.935175 0.729374 0.413286 0.85241 0.987406 0.9731 0.811654 0.52748 0.163548 -0.225114 -0.579737 -0.8467 -0.985636 -0.975536 -0.817929 -0.536645 -0.174216 0.214555 0.570884 0.840891 0.98375 0.977859 0.824108 0.545747 0.184864 -0.203971 -0.561964
15.005 -0.13835 0.249875 0.600317 0.859987 0.98962 0.969616 0.802999 0.514963 0.149061 -0.23938 -0.591625 -0.854413 -0.988007 -0.972207 -0.809403 -0.524212 -0.159755 0.228857 0.582864 0.848739 0.986278 0.974684 0.815712 0.533398 0.773296 0.956678 0.995403 0.883617 0.638221 0.296321 -0.0903839 -0.463422 -0.766388 -0.953471 -0.996382 -0.888633 -0.646516 -0.306642 0.079599 0.453804 0.75939 0.950152 0.997243 0.893545 0.654736 0.316926 -0.0688049 -0.444132
15.055 -0.271882 0.115738 0.485858 0.782512 0.960845 0.993892 0.876654 0.626861 0.282282 -0.104981 -0.476369 -0.775727 -0.95779 -0.995028 -0.881811 -0.635257 -0.292649 0.0942104 0.466824 0.768851 0.954622 0.996048 0.886864 0.643579 0.679786 0.908139 0.999175 0.939128 0.737079 0.423578 0.0460292 -0.33848 -0.671808 -0.903554 -0.998676 -0.942792 -0.74435 -0.433358 -0.0568388 0.328275 0.663751 0.898863 0.998061 0.946345 0.751535 0.443087 0.0676418 -0.318032
15.105 -0.400352 -0.020553 0.362353 0.690469 0.914181 0.999663 0.933988 0.727088 0.410247 0.0313733 -0.352244 -0.682599 -0.909741 -0.999323 -0.937801 -0.734476 -0.420094 -0.04219 0.342093 0.674649 0.905194 0.998867 0.941504 0.741779 0.57362 0.842692 0.984344 0.977155 0.822214 0.542949 0.181585 -0.207235 -0.56472 -0.836815 -0.982378 -0.979398 -0.828327 -0.552006 -0.192218 0.196634 0.555754 0.83084 0.980298 0.981527 0.834342 0.560999 0.202829 -0.18601
15.155 -0.521368 -0.156462 0.232103 0.585572 0.850498 0.986823 0.973933 0.813778 0.530574 0.167143 -0.221561 -0.576763 -0.844755 -0.985014 -0.976331 -0.820021 -0.539717 -0.177805 0.210993 0.567887 0.838913 0.983089 0.978615 0.826168 0.456774 0.761556 0.951186 0.99699 0.892042 0.652211 0.313761 -0.0721323 -0.447118 -0.754497 -0.94779 -0.997771 -0.896882 -0.660377 -0.324019 0.0613325 0.43741 0.747349 0.944283 0.998435 0.901616 0.668467 0.33424 -0.0505254
15.205 -0.632678 -0.289458 0.0975307 0.469772 0.77098 0.95561 0.995746 0.885317 0.641023 0.299801 -0.0867528 -0.460189 -0.764041 -0.952365 -0.996685 -0.890299 -0.649293 -0.310109 0.0759647 0.450552 0.757013 0.949009 0.997507 0.895175 0.331424 0.666242 0.90032 0.998263 0.945262 0.74933 0.440094 0.0643134 -0.321192 -0.658132 -0.895557 -0.997567 -0.948738 -0.756454 -0.449788 -0.075111 0.310923 0.649944 0.890688 0.996754 0.952104 0.763489 0.459429 0.0858999
15.255 -0.732208 -0.417064 -0.038857 0.345226 0.677108 0.906607 0.99902 0.940374 0.739537 0.426877 0.0496704 -0.335047 -0.669103 -0.901986 -0.998482 -0.944001 -0.74678 -0.43664 -0.0604779 0.324829 0.66102 0.89726 0.997828 0.947517 0.199904 0.558524 0.832692 0.980951 0.980883 0.832499 0.558235 0.199562 -0.189286 -0.549513 -0.82665 -0.978791 -0.982932 -0.838447 -0.567182 -0.210156 0.178647 0.540438 0.820511 0.976516 0.984866 0.844296 0.576064 0.220726
15.305 -0.818107 -0.536906 -0.174521 0.214252 0.57063 0.840724 0.983694 0.977924 0.824284 0.546006 0.185169 -0.203667 -0.561708 -0.834814 -0.98169 -0.980128 -0.830364 -0.555042 -0.195795 0.193059 0.55272 0.828806 0.979571 0.982218 0.0646615 0.440408 0.749561 0.945376 0.998243 0.900168 0.665982 0.331095 -0.0538566 -0.430664 -0.742353 -0.941792 -0.998826 -0.90483 -0.674017 -0.341289 0.0430453 0.42087 0.735057 0.938098 0.999291 0.909385 0.681973 0.351443
15.355 -0.888775 -0.646752 -0.306936 0.0792904 0.453528 0.759189 0.950055 0.997266 0.893684 0.65497 0.31722 -0.068496 -0.443855 -0.752099 -0.946621 -0.998007 -0.898488 -0.66311 -0.327466 0.0576936 0.434129 0.744922 0.943077 0.998632 -0.0717843 0.314092 0.652475 0.8922 0.997017 0.951079 0.76133 0.456463 0.082576 -0.303797 -0.644235 -0.887259 -0.996123 -0.954367 -0.768303 -0.466067 -0.093358 0.293467 0.635918 0.882214 0.995113 0.957543 0.775187 0.475616
15.405 -0.942895 -0.744557 -0.433637 -0.057148 0.327982 0.663519 0.898728 0.998042 0.946445 0.751739 0.443365 0.0679508 -0.317738 -0.655383 -0.893929 -0.997306 -0.949884 -0.758833 -0.453041 -0.0787456 0.307456 0.647169 0.889025 0.996454 -0.206894 0.181928 0.543242 0.822413 0.977229 0.984282 0.842504 0.573334 0.217471 -0.171274 -0.534122 -0.816207 -0.974875 -0.986136 -0.848286 -0.582168 -0.228023 0.160601 0.52494 0.809906 0.972407 0.987874 0.853967 0.590935
15.455 -0.979461 -0.8285 -0.552264 -0.192522 0.19633 0.555497 0.830668 0.980236 0.981586 0.834513 0.561256 0.203132 -0.185706 -0.546464 -0.824593 -0.978038 -0.983596 -0.840428 -0.570181 -0.213719 0.175059 0.537367 0.818421 0.975724 -0.338151 0.0463777 0.423894 0.737315 0.939248 0.99916 0.907993 0.67953 0.348318 -0.0355628 -0.414066 -0.729959 -0.935478 -0.999545 -0.912474 -0.687431 -0.358443 0.0247437 0.404189 0.722519 0.931598 0.999813 0.916849 0.695252
15.505 -0.997791 -0.897018 -0.66061 -0.324312 0.0610234 0.437132 0.747143 0.944181 0.998452 0.90175 0.668697 0.334532 -0.0502161 -0.427371 -0.739905 -0.94056 -0.998996 -0.906376 -0.676706 -0.344713 0.039403 0.417561 0.732581 0.936829 -0.463113 -0.0900364 0.296655 0.638489 0.88378 0.995437 0.956576 0.773075 0.472679 0.100811 -0.286301 -0.630121 -0.878664 -0.994345 -0.959675 -0.779895 -0.48219 -0.111574 0.275913 0.62168 0.873444 0.993138 0.962662 0.786624
15.555 -0.997545 -0.948836 -0.756656 -0.450065 -0.0754198 0.310629 0.649708 0.890547 0.996729 0.952198 0.763689 0.459704 0.0862084 -0.300322 -0.641442 -0.885571 -0.995796 -0.955449 -0.770632 -0.469289 -0.0969869 0.289981 0.633101 0.880492 -0.579453 -0.224774 0.163892 0.527777 0.811858 0.97318 0.987351 0.852227 0.588241 0.235308 -0.153205 -0.518552 -0.805491 -0.970633 -0.989009 -0.85784 -0.596959 -0.245814 0.1425 0.509267 0.799029 0.967972 0.990552 0.863352
15.605 -0.978727 -0.982989 -0.838615 -0.567437 -0.210459 0.178343 0.540177 0.820333 0.976449 0.984919 0.844462 0.576317 0.221028 -0.167682 -0.531037 -0.814095 -0.974057 -0.986734 -0.85021 -0.585128 -0.231571 0.157001 0.521834 0.807762 -0.685005 -0.355327 0.0280783 0.407238 0.724821 0.932805 0.999743 0.915513 0.69285 0.365424 -0.0172571 -0.397329 -0.717321 -0.92885 -0.99993 -0.919813 -0.700614 -0.375478 0.00643385 0.387373 0.709738 0.924786 0.999999 0.924006
15.655 -0.941688 -0.99884 -0.904962 -0.674246 -0.34158 0.0427359 0.42059 0.734847 0.93799 0.999303 0.909514 0.6822 0.351732 -0.0319195 -0.410745 -0.727463 -0.934183 -0.999649 -0.91396 -0.690074 -0.361844 0.0210993 0.400852 0.719994 -0.777803 -0.479265 -0.108258 0.279118 0.624289 0.875064 0.993522 0.961753 0.784561 0.488737 0.119012 -0.268708 -0.615797 -0.869774 -0.992234 -0.964662 -0.791226 -0.498151 -0.129752 0.258266 0.607233 0.864382 0.99083 0.967457
15.705 -0.887116 -0.996096 -0.954459 -0.768502 -0.466341 -0.0936664 0.293171 0.635679 0.882068 0.995082 0.957633 0.775382 0.475888 0.104437 -0.282806 -0.627287 -0.876917 -0.993952 -0.960694 -0.782172 -0.48538 -0.115196 0.272407 0.61882 -0.856121 -0.59428 -0.242579 0.145801 0.512135 0.80103 0.968805 0.990089 0.861664 0.60295 0.253066 -0.135084 -0.502808 -0.794504 -0.966065 -0.991551 -0.867107 -0.61155 -0.263522 0.124352 0.493423 0.787885 0.963213 0.992897
15.755 -0.816028 -0.974806 -0.986187 -0.848449 -0.58242 -0.228325 0.160295 0.524677 0.809724 0.972335 0.987922 0.854129 0.591185 0.238849 -0.149602 -0.515432 -0.803325 -0.96975 -0.989542 -0.859708 -0.59988 -0.249346 0.138891 0.506126 -0.918499 -0.69823 -0.372384 0.00976943 0.390446 0.712084 0.92605 0.999991 0.922726 0.705938 0.382408 0.00105444 -0.380458 -0.704443 -0.921911 -0.999979 -0.926844 -0.713563 -0.392386 -0.0118782 0.370426 0.696719 0.917663 0.999851
15.805 -0.729748 -0.935368 -0.999555 -0.912601 -0.687656 -0.358732 0.0244341 0.403906 0.722304 0.931485 0.999819 0.916973 0.695474 0.368815 -0.0136121 -0.393981 -0.714777 -0.927493 -0.999966 -0.921237 -0.703211 -0.378854 0.00278852 0.384009 -0.963778 -0.789182 -0.495256 -0.126444 0.261487 0.60988 0.866054 0.991275 0.966608 0.795783 0.50463 0.137173 -0.251025 -0.601266 -0.860592 -0.98979 -0.969325 -0.802291 -0.513945 -0.147887 0.240533 0.592582 0.855029 0.988189
15.855 -0.629881 -0.878516 -0.994313 -0.959762 -0.780089 -0.482461 -0.111881 0.275615 0.621437 0.873293 0.993102 0.962746 0.786816 0.491914 0.122631 -0.265195 -0.612921 -0.867969 -0.991774 -0.965616 -0.79345 -0.501309 -0.133366 0.254743 -0.991112 -0.86544 -0.608907 -0.260303 0.127661 0.496321 0.789935 0.964104 0.992494 0.870812 0.617457 0.270738 -0.116918 -0.486896 -0.783251 -0.961174 -0.99376 -0.876082 -0.625935 -0.281142 0.106162 0.477413 0.776476 0.958131
15.905 -0.518287 -0.805307 -0.970559 -0.989055 -0.857999 -0.597208 -0.246114 0.142193 0.509 0.798843 0.967895 0.990594 0.863508 0.605854 0.256591 -0.131471 -0.499654 -0.792285 -0.965117 -0.992017 -0.868917 -0.61443 -0.267037 0.120734 -0.999995 -0.925586 -0.711222 -0.389316 -0.00854267 0.373522 0.699108 0.918984 0.999903 0.929629 0.718789 0.399263 0.0193656 -0.36346 -0.691328 -0.914662 -0.999693 -0.933563 -0.726272 -0.409163 -0.0301863 0.353355 0.683467 0.910233
15.955 -0.397044 -0.717106 -0.928735 -0.999933 -0.919935 -0.700835 -0.375765 0.00612418 0.387087 0.70952 0.924668 1 0.924125 0.708515 0.385773 0.0046998 -0.377084 -0.701851 -0.920492 -0.999949 -0.928206 -0.716112 -0.395737 -0.0155232 -0.99026 -0.9685 -0.800295 -0.511081 -0.144587 0.243769 0.595266 0.856754 0.988695 0.971138 0.806739 0.520354 0.155289 -0.233258 -0.586534 -0.851122 -0.987014 -0.973663 -0.813087 -0.529567 -0.165972 0.222719 0.577733 0.84539
16.005 -0.268409 -0.615553 -0.869621 -0.992196 -0.964743 -0.791415 -0.498419 -0.130059 0.257967 0.606987 0.864226 0.990788 0.967536 0.797985 0.507774 0.140783 -0.247495 -0.598349 -0.85873 -0.989264 -0.970215 -0.804462 -0.517069 -0.151491 -0.962089 -0.993382 -0.874469 -0.62333 -0.277939 0.109478 0.480341 0.778574 0.95908 0.994567 0.879668 0.631758 0.288321 -0.0987126 -0.47082 -0.771736 -0.95596 -0.995636 -0.884765 -0.640111 -0.298668 0.0879359 0.461243 0.764807
16.055 -0.134777 -0.50254 -0.794316 -0.965985 -0.991591 -0.867261 -0.611795 -0.263821 0.124044 0.493153 0.787694 0.96313 0.992933 0.872599 0.620321 0.274246 -0.113297 -0.483708 -0.78098 -0.960161 -0.99416 -0.877834 -0.628774 -0.284639 -0.916005 -0.99977 -0.932362 -0.723975 -0.406117 -0.0268519 0.356474 0.685898 0.91161 0.999479 0.936221 0.731399 0.415985 0.0376703 -0.34634 -0.677981 -0.907107 -0.999072 -0.93997 -0.738738 -0.425803 -0.0484842 0.336166 0.669985
16.105 0.00136412 -0.380172 -0.704223 -0.921791 -0.999977 -0.92696 -0.71378 -0.392671 -0.0121878 0.370138 0.696497 0.91754 0.999845 0.930966 0.721319 0.402603 0.0230101 -0.360062 -0.688689 -0.913183 -0.999596 -0.934864 -0.728773 -0.412487 -0.852868 -0.987545 -0.972897 -0.811141 -0.526734 -0.162682 0.225969 0.580452 0.847167 0.985784 0.975343 0.817424 0.535904 0.173352 -0.215412 -0.571605 -0.841366 -0.983907 -0.977675 -0.823611 -0.545011 -0.184002 0.20483 0.56269
16.155 0.13748 -0.250725 -0.601019 -0.860434 -0.989746 -0.969401 -0.802476 -0.514211 -0.148193 0.240232 0.592333 0.854868 0.988142 0.972001 0.808887 0.523464 0.158889 -0.229711 -0.583577 -0.849203 -0.986422 -0.974488 -0.815204 -0.532655 -0.773853 -0.956933 -0.995319 -0.883205 -0.637545 -0.295483 0.0912582 0.4642 0.766952 0.953735 0.996307 0.88823 0.645846 0.305806 -0.0804742 -0.454586 -0.759961 -0.950425 -0.997178 -0.89315 -0.654072 -0.316093 0.0696807 0.444919
16.205 0.271037 -0.11661 -0.486625 -0.783059 -0.961088 -0.993794 -0.876232 -0.626177 -0.281439 0.105854 0.477141 0.776281 0.958042 0.99494 0.881396 0.634579 0.291809 -0.0950844 -0.467601 -0.769412 -0.954883 -0.995969 -0.886458 -0.642907 -0.68043 -0.908506 -0.99921 -0.938826 -0.736485 -0.422783 -0.0451521 0.339306 0.672458 0.90393 0.998721 0.942499 0.743764 0.432567 0.0559623 -0.329104 -0.664407 -0.899248 -0.998115 -0.946061 -0.750955 -0.4423 -0.0667659 0.318864
16.255 0.399547 0.0196752 -0.363172 -0.691104 -0.914537 -0.999685 -0.933674 -0.726485 -0.409446 -0.0304958 0.353065 0.683241 0.910105 0.999355 0.937496 0.73388 0.419297 0.0413128 -0.342918 -0.675297 -0.905567 -0.998908 -0.941207 -0.74119 -0.574339 -0.843164 -0.984498 -0.976968 -0.821714 -0.542211 -0.180722 0.208094 0.565444 0.837296 0.982542 0.979221 0.827835 0.551274 0.191357 -0.197495 -0.556484 -0.831329 -0.980471 -0.981358 -0.833858 -0.560272 -0.201969 0.186873
16.305 0.520619 0.155595 -0.232957 -0.586283 -0.850959 -0.986964 -0.973734 -0.813267 -0.529829 -0.166277 0.222417 0.57748 0.845224 0.985165 0.976141 0.819518 0.538978 0.176941 -0.211851 -0.56861 -0.839391 -0.983249 -0.978434 -0.825673 -0.457555 -0.762125 -0.951457 -0.996922 -0.891645 -0.651545 -0.312927 0.0730079 0.447903 0.755073 0.94807 0.997712 0.896493 0.659718 0.323189 -0.0622087 -0.4382 -0.747932 -0.944572 -0.998385 -0.901236 -0.667813 -0.333413 0.0514022
16.355 0.631998 0.288617 -0.0984045 -0.470547 -0.771539 -0.955869 -0.995664 -0.884909 -0.640349 -0.298963 0.0876274 0.460968 0.764607 0.952633 0.996613 0.889898 0.648625 0.309275 -0.0768401 -0.451336 -0.757587 -0.949285 -0.997445 -0.894784 -0.332252 -0.666897 -0.900702 -0.998315 -0.944975 -0.748749 -0.439306 -0.0634372 0.322024 0.658792 0.895947 0.997628 0.948461 0.755879 0.449004 0.0742355 -0.311758 -0.650611 -0.891087 -0.996824 -0.951835 -0.762921 -0.458649 -0.0850251
16.405 0.73161 0.416266 0.0379797 -0.34605 -0.677754 -0.906977 -0.999058 -0.940075 -0.738946 -0.426083 -0.0487935 0.335874 0.669755 0.902365 0.99853 0.943711 0.746196 0.43585 0.0596016 -0.32566 -0.661679 -0.897647 -0.997885 -0.947236 -0.200764 -0.559252 -0.833178 -0.981121 -0.980712 -0.832012 -0.557506 -0.198701 0.190148 0.550247 0.827143 0.97897 0.98277 0.837968 0.566459 0.209298 -0.179511 -0.541176 -0.821012 -0.976705 -0.984713 -0.843826 -0.575346 -0.21987
16.455 0.817602 0.536165 0.173657 -0.21511 -0.571351 -0.841199 -0.983852 -0.97774 -0.823786 -0.54527 -0.184306 0.204527 0.562434 0.835297 0.981857 0.979954 0.829874 0.554312 0.194934 -0.19392 -0.553451 -0.829297 -0.979747 -0.982052 -0.0655376 -0.441196 -0.750142 -0.945661 -0.99819 -0.899785 -0.665327 -0.330266 0.0547332 0.431457 0.742941 0.942087 0.998783 0.904456 0.673368 0.340463 -0.0439224 -0.421667 -0.735652 -0.938401 -0.999258 -0.90902 -0.681331 -0.35062
16.505 0.888372 0.646082 0.306101 -0.0801655 -0.45431 -0.75976 -0.950329 -0.997201 -0.893289 -0.654306 -0.316387 0.0693718 0.444641 0.752678 0.946904 0.997952 0.898102 0.662453 0.326636 -0.05857 -0.43492 -0.745507 -0.943368 -0.998586 0.0709086 -0.314925 -0.65314 -0.892596 -0.997084 -0.950807 -0.760761 -0.455682 -0.0817011 0.304634 0.644906 0.887663 0.9962 0.954104 0.767741 0.46529 0.0924839 -0.294307 -0.636596 -0.882627 -0.995199 -0.95729 -0.774632 -0.474844
16.555 0.942602 0.743971 0.432846 0.0562715 -0.328812 -0.664176 -0.899112 -0.998096 -0.946161 -0.75116 -0.442578 -0.0670748 0.31857 0.656045 0.894322 0.99737 0.949609 0.758261 0.452258 0.0778704 -0.308292 -0.647838 -0.889427 -0.996527 0.206035 -0.182792 -0.543978 -0.822912 -0.977415 -0.984127 -0.842031 -0.572614 -0.216614 0.172139 0.534864 0.816714 0.975071 0.98599 0.84782 0.581454 0.227168 -0.161467 -0.525687 -0.81042 -0.972612 -0.987738 -0.85351 -0.590226
16.605 0.979283 0.828008 0.551532 0.191661 -0.197191 -0.556227 -0.831156 -0.98041 -0.981418 -0.834029 -0.560529 -0.202273 0.186568 0.547199 0.825089 0.97822 0.983437 0.839952 0.569459 0.212861 -0.175924 -0.538107 -0.818925 -0.975916 0.337325 -0.0472546 -0.424689 -0.737907 -0.939549 -0.999124 -0.907624 -0.678886 -0.347495 0.0364402 0.414865 0.730559 0.935788 0.999518 0.912115 0.686793 0.357624 -0.0256214 -0.404992 -0.723125 -0.931917 -0.999796 -0.916499 -0.69462
16.655 0.997733 0.89663 0.659951 0.323482 -0.0618996 -0.437921 -0.747726 -0.94447 -0.998403 -0.90137 -0.668044 -0.333705 0.051093 0.428165 0.740496 0.940858 0.998956 0.906005 0.676059 0.343889 -0.0402803 -0.418358 -0.733178 -0.937136 0.462335 0.089162 -0.297493 -0.639165 -0.88419 -0.99552 -0.95632 -0.772518 -0.471905 -0.0999375 0.287142 0.630803 0.879082 0.994438 0.959428 0.779346 0.481421 0.110701 -0.276757 -0.622367 -0.873871 -0.99324 -0.962424 -0.786082
16.705 0.997607 0.948559 0.756082 0.44928 0.0745444 -0.311463 -0.650375 -0.890946 -0.9968 -0.95193 -0.763122 -0.458924 -0.0853337 0.30116 0.642115 0.885979 0.995876 0.95519 0.770072 0.468514 0.096113 -0.290821 -0.63378 -0.880908 0.578737 0.223919 -0.164758 -0.528522 -0.81237 -0.973382 -0.987211 -0.851767 -0.58753 -0.234455 0.154072 0.519303 0.806011 0.970844 0.988879 0.857388 0.596255 0.244963 -0.143369 -0.510022 -0.799557 -0.968193 -0.990431 -0.862909
16.755 0.978907 0.982827 0.838137 0.566714 0.209601 -0.179206 -0.540916 -0.820835 -0.976638 -0.984767 -0.843992 -0.575599 -0.220172 0.168547 0.531781 0.814605 0.974255 0.986591 0.849748 0.584416 0.230717 -0.157868 -0.522583 -0.808279 0.684365 0.354506 -0.0289558 -0.40804 -0.725425 -0.933121 -0.999723 -0.915159 -0.692217 -0.364607 0.0181349 0.398134 0.717933 0.929175 0.999919 0.919468 0.699988 0.374664 -0.00731176 -0.388182 -0.710356 -0.925119 -0.999998 -0.92367
16.805 0.941983 0.998798 0.904588 0.673597 0.340754 -0.043613 -0.421386 -0.735442 -0.938294 -0.99927 -0.909149 -0.681558 -0.35091 0.032797 0.411545 0.728065 0.934496 0.999625 0.913603 0.689438 0.361025 -0.0219771 -0.401656 -0.720603 0.777251 0.478494 0.107385 -0.279961 -0.624975 -0.875488 -0.993622 -0.961513 -0.784016 -0.48797 -0.11814 0.269553 0.616489 0.870206 0.992343 0.96443 0.790689 0.49739 0.128881 -0.259114 -0.60793 -0.864823 -0.990948 -0.967235
16.855 0.887521 0.996173 0.954197 0.76794 0.465564 0.0927922 -0.294011 -0.636357 -0.882482 -0.995169 -0.957379 -0.774827 -0.475116 -0.103564 0.283648 0.62797 0.877339 0.994048 0.96045 0.781625 0.484612 0.114323 -0.273252 -0.61951 0.855667 0.593573 0.241727 -0.146669 -0.512889 -0.801556 -0.969022 -0.989965 -0.861218 -0.602249 -0.252216 0.135954 0.503567 0.795037 0.966292 0.991436 0.866669 0.610855 0.262675 -0.125223 -0.494186 -0.788425 -0.963449 -0.992792
16.905 0.816535 0.975002 0.986041 0.847984 0.581706 0.22747 -0.161161 -0.525424 -0.810239 -0.97254 -0.987786 -0.853672 -0.590476 -0.237997 0.15047 0.516184 0.803848 0.969964 0.989414 0.859259 0.599177 0.248496 -0.13976 -0.506883 0.918152 0.697602 0.371569 -0.0106473 -0.391254 -0.7127 -0.926381 -0.999986 -0.922387 -0.705316 -0.381596 -0.000176503 0.38127 0.705066 0.92225 0.999984 0.926514 0.712948 0.391579 0.0110003 -0.371241 -0.697349 -0.918012 -0.999865
16.955 0.730348 0.935678 0.999528 0.912242 0.687018 0.357913 -0.0253118 -0.404709 -0.722911 -0.931804 -0.999802 -0.916622 -0.694843 -0.367999 0.01449 0.394788 0.71539 0.927821 0.999959 0.920896 0.702586 0.378041 -0.00366645 -0.38482 0.963543 0.788642 0.494493 0.125573 -0.262335 -0.610575 -0.866493 -0.99139 -0.966383 -0.795251 -0.503872 -0.136304 0.251875 0.601968 0.861039 0.989915 0.969109 0.801767 0.513192 0.147019 -0.241385 -0.593289 -0.855484 -0.988324
17.005 0.630563 0.878935 0.994406 0.959515 0.77954 0.481692 0.111009 -0.276459 -0.622125 -0.873721 -0.993204 -0.962508 -0.786273 -0.491149 -0.121759 0.266041 0.613614 0.868405 0.991886 0.965387 0.792915 0.500549 0.132496 -0.255592 0.990995 0.865 0.60821 0.259455 -0.128531 -0.497083 -0.790473 -0.964337 -0.992387 -0.87038 -0.616767 -0.269893 0.11779 0.487662 0.783797 0.961415 0.993661 0.875659 0.62525 0.2803 -0.107034 -0.478184 -0.777029 -0.958382
17.055 0.519038 0.805827 0.97077 0.988925 0.857548 0.596503 0.245263 -0.143062 -0.509756 -0.799371 -0.968115 -0.990473 -0.863065 -0.605156 -0.255742 0.132342 0.500414 0.792821 0.965347 0.991906 0.868482 0.613737 0.266191 -0.121605 0.999997 0.925253 0.710604 0.388507 0.00766476 -0.374337 -0.699736 -0.91933 -0.999914 -0.929305 -0.718178 -0.398458 -0.0184878 0.364278 0.691962 0.915017 0.999714 0.933248 0.725668 0.408362 0.0293087 -0.354176 -0.684107 -0.910597
17.105 0.39785 0.717717 0.92906 0.999923 0.91959 0.700209 0.374951 -0.0070021 -0.387896 -0.710138 -0.925002 -0.999999 -0.923789 -0.707895 -0.384963 -0.00382186 0.377897 0.702476 0.920835 0.999957 0.927879 0.715499 0.39493 0.0146454 0.990382 0.968281 0.799769 0.510326 0.143718 -0.244621 -0.595971 -0.857207 -0.988826 -0.970929 -0.806219 -0.519604 -0.154421 0.234111 0.587245 0.851582 0.987155 0.973463 0.812576 0.528822 0.165106 -0.223575 -0.578449 -0.845858
17.155 0.269255 0.616245 0.870054 0.992305 0.964512 0.790878 0.497658 0.129189 -0.258815 -0.607684 -0.864667 -0.990906 -0.967313 -0.797456 -0.507017 -0.139914 0.248345 0.599053 0.859179 0.989392 0.970001 0.80394 0.516317 0.150623 0.962328 0.993281 0.874043 0.622644 0.277096 -0.11035 -0.481111 -0.779124 -0.959329 -0.994475 -0.879251 -0.631077 -0.28748 0.0995862 0.471594 0.772294 0.956217 0.995553 0.884355 0.639436 0.29783 -0.0888104 -0.462022 -0.765372
17.205 0.135647 0.503299 0.794849 0.966212 0.991477 0.866823 0.6111 0.262974 -0.124915 -0.493917 -0.788235 -0.963366 -0.992829 -0.872169 -0.619632 -0.273402 0.114169 0.484477 0.781528 0.960406 0.994065 0.877413 0.628091 0.283797 0.916357 0.999789 0.932045 0.723369 0.405315 0.0259743 -0.357294 -0.686537 -0.91197 -0.999507 -0.935912 -0.7308 -0.415186 -0.0367929 0.347164 0.678626 0.907476 0.999109 0.93967 0.738146 0.425009 0.0476073 -0.336993 -0.670637
17.255 -0.000486175 0.380984 0.704846 0.922131 0.999983 0.92663 0.713165 0.391864 0.01131 -0.370954 -0.697127 -0.917889 -0.99986 -0.930645 -0.72071 -0.401799 -0.0221324 0.36088 0.689326 0.91354 0.999621 0.934551 0.728172 0.411687 0.853326 0.987682 0.972694 0.810627 0.525988 0.161815 -0.226825 -0.581167 -0.847633 -0.985931 -0.975149 -0.816918 -0.535163 -0.172487 0.21627 0.572325 0.84184 0.984064 0.97749 0.823112 0.544275 0.183139 -0.205689 -0.563415
17.305 -0.13661 0.251575 0.60172 0.860881 0.989871 0.969185 0.801952 0.513457 0.147325 -0.241084 -0.59304 -0.855324 -0.988276 -0.971795 -0.808371 -0.522715 -0.158022 0.230566 0.58429 0.849666 0.986566 0.97429 0.814695 0.531912 0.774408 0.957188 0.995234 0.882793 0.636868 0.294644 -0.0921324 -0.464978 -0.767515 -0.953999 -0.996231 -0.887826 -0.645175 -0.30497 0.0813492 0.455368 0.760532 0.950698 0.997111 0.892755 0.653407 0.31526 -0.0705565 -0.445705
17.355 -0.270191 0.117482 0.487392 0.783604 0.96133 0.993696 0.875808 0.625492 0.280597 -0.106727 -0.477912 -0.776834 -0.958293 -0.994851 -0.880981 -0.6339 -0.290969 0.0959583 0.468376 0.769973 0.955144 0.99589 0.886051 0.642235 0.681073 0.908873 0.999244 0.938523 0.735891 0.421987 0.0442751 -0.340131 -0.673107 -0.904305 -0.998765 -0.942205 -0.743177 -0.431775 -0.0550857 0.329933 0.665063 0.899631 0.998169 0.945776 0.750375 0.441513 0.0658899 -0.319696
17.405 -0.398742 -0.0187974 0.363989 0.691738 0.914892 0.999707 0.933359 0.725881 0.408645 0.0296182 -0.353887 -0.683882 -0.910469 -0.999386 -0.93719 -0.733284 -0.4185 -0.0404356 0.343743 0.675944 0.905939 0.998949 0.94091 0.7406 0.575057 0.843636 0.984652 0.976781 0.821214 0.541473 0.179858 -0.208953 -0.566168 -0.837775 -0.982705 -0.979042 -0.827342 -0.550541 -0.190495 0.198355 0.557213 0.831816 0.980643 0.981189 0.833373 0.559545 0.20111 -0.187735
17.455 -0.519869 -0.154727 0.23381 0.586994 0.85142 0.987105 0.973533 0.812756 0.529085 0.165412 -0.223273 -0.578197 -0.845693 -0.985315 -0.97595 -0.819015 -0.538238 -0.176077 0.212709 0.569332 0.839867 0.983409 0.978252 0.825177 0.458335 0.762693 0.951727 0.996852 0.891247 0.650879 0.312093 -0.0738835 -0.448688 -0.755648 -0.948349 -0.997652 -0.896104 -0.659058 -0.322358 0.0630849 0.438989 0.748514 0.944859 0.998335 0.900855 0.66716 0.332585 -0.052279
17.505 -0.631317 -0.287776 0.0992781 0.471321 0.772097 0.956126 0.995582 0.8845 0.639674 0.298125 -0.0885019 -0.461747 -0.765173 -0.952899 -0.99654 -0.889498 -0.647956 -0.30844 0.0777154 0.452119 0.75816 0.949561 0.997382 0.894391 0.33308 0.667551 0.901083 0.998365 0.944687 0.748166 0.438517 0.062561 -0.322855 -0.659453 -0.896336 -0.997688 -0.948182 -0.755304 -0.448219 -0.07336 0.312592 0.651277 0.891485 0.996894 0.951565 0.762354 0.457868 0.0841504
17.555 -0.731011 -0.415468 -0.0371024 0.346873 0.678399 0.907346 0.999096 0.939776 0.738354 0.425289 0.0479166 -0.336701 -0.670407 -0.902743 -0.998577 -0.94342 -0.745611 -0.43506 -0.0587252 0.326489 0.662337 0.898034 0.997942 0.946954 0.201624 0.55998 0.833663 0.981291 0.98054 0.831525 0.556777 0.197841 -0.19101 -0.550979 -0.827637 -0.979149 -0.982607 -0.837489 -0.565735 -0.208439 0.180375 0.541914 0.821513 0.976893 0.98456 0.843354 0.574627 0.219013
17.605 -0.817096 -0.535424 -0.172792 0.215967 0.572071 0.841673 0.984009 0.977555 0.823288 0.544534 0.183443 -0.205386 -0.56316 -0.835779 -0.982023 -0.979778 -0.829384 -0.553581 -0.194072 0.194781 0.554182 0.829787 0.979923 0.981887 0.0664136 0.441983 0.750722 0.945947 0.998137 0.899402 0.664671 0.329437 -0.0556098 -0.432248 -0.743528 -0.942381 -0.998739 -0.904081 -0.672719 -0.339638 0.0447995 0.422463 0.736246 0.938704 0.999224 0.908653 0.680688 0.349798
17.655 -0.887968 -0.645412 -0.305265 0.0810406 0.455092 0.76033 0.950601 0.997135 0.892894 0.653642 0.315554 -0.0702476 -0.445427 -0.753255 -0.947186 -0.997895 -0.897716 -0.661795 -0.325806 0.0594464 0.435711 0.746092 0.943659 0.998539 -0.0700329 0.315758 0.653805 0.892991 0.997151 0.950535 0.760191 0.4549 0.080826 -0.30547 -0.645576 -0.888067 -0.996276 -0.953841 -0.767178 -0.464513 -0.0916097 0.295145 0.637273 0.883039 0.995285 0.957036 0.774076 0.474071
17.705 -0.942309 -0.743384 -0.432054 -0.0553949 0.329641 0.664832 0.899496 0.99815 0.945877 0.75058 0.44179 0.0661988 -0.319402 -0.656708 -0.894714 -0.997434 -0.949334 -0.757688 -0.451475 -0.076995 0.309127 0.648507 0.889827 0.9966 -0.205176 0.183655 0.544715 0.82341 0.9776 0.98397 0.841557 0.571894 0.215757 -0.173004 -0.535606 -0.81722 -0.975265 -0.985843 -0.847354 -0.58074 -0.226313 0.162333 0.526434 0.810934 0.972815 0.9876 0.853053 0.589517
17.755 -0.979105 -0.827516 -0.5508 -0.190799 0.198052 0.556956 0.831644 0.980582 0.981249 0.833544 0.559801 0.201413 -0.187431 -0.547934 -0.825585 -0.978402 -0.983278 -0.839475 -0.568738 -0.212003 0.176788 0.538847 0.819429 0.976107 -0.336498 0.0481316 0.425484 0.7385 0.939849 0.999087 0.907256 0.678241 0.346671 -0.0373175 -0.415664 -0.731158 -0.936097 -0.999491 -0.911755 -0.686155 -0.356804 0.026499 0.405795 0.723731 0.932235 0.999778 0.916147 0.693988
17.805 -0.997673 -0.896241 -0.659291 -0.322651 0.0627759 0.438711 0.748309 0.944758 0.998353 0.90099 0.66739 0.332877 -0.0519697 -0.428958 -0.741085 -0.941155 -0.998915 -0.905633 -0.675412 -0.343064 0.0411575 0.419156 0.733775 0.937442 -0.461556 -0.0882875 0.298331 0.63984 0.8846 0.995603 0.956063 0.77196 0.471131 0.0990639 -0.287983 -0.631484 -0.8795 -0.99453 -0.95918 -0.778795 -0.480651 -0.109829 0.2776 0.623054 0.874298 0.993342 0.962185 0.785539
17.855 -0.997667 -0.94828 -0.755507 -0.448496 -0.0736688 0.312297 0.651042 0.891345 0.996869 0.951661 0.762554 0.458144 0.0844589 -0.301997 -0.642788 -0.886386 -0.995955 -0.954929 -0.769511 -0.467738 -0.0952391 0.291661 0.634459 0.881323 -0.578021 -0.223063 0.165624 0.529267 0.812882 0.973583 0.987071 0.851307 0.58682 0.233601 -0.15494 -0.520053 -0.80653 -0.971054 -0.988748 -0.856936 -0.59555 -0.244112 0.144238 0.510777 0.800084 0.968412 0.990309 0.862465
17.905 -0.979086 -0.982665 -0.837658 -0.565991 -0.208742 0.18007 0.541654 0.821336 0.976827 0.984614 0.843521 0.574881 0.219315 -0.169413 -0.532524 -0.815114 -0.974453 -0.986448 -0.849285 -0.583704 -0.229863 0.158735 0.523331 0.808796 -0.683724 -0.353685 0.0298334 0.408841 0.726029 0.933437 0.999702 0.914805 0.691583 0.363789 -0.0190127 -0.398939 -0.718544 -0.929499 -0.999907 -0.919123 -0.69936 -0.37385 0.00818968 0.388991 0.710974 0.925452 0.999996 0.923333
17.955 -0.942277 -0.998754 -0.904213 -0.672948 -0.339929 0.0444901 0.422182 0.736037 0.938598 0.999236 0.908783 0.680915 0.350088 -0.0336744 -0.412345 -0.728667 -0.934808 -0.9996 -0.913246 -0.688802 -0.360207 0.0228548 0.40246 0.721211 -0.776698 -0.477723 -0.106513 0.280803 0.62566 0.875912 0.99372 0.961271 0.783471 0.487204 0.117269 -0.270399 -0.61718 -0.870639 -0.992451 -0.964198 -0.790151 -0.496628 -0.128011 0.259962 0.608627 0.865263 0.991065 0.967012
18.005 -0.887925 -0.996249 -0.953934 -0.767377 -0.464787 -0.0919181 0.29485 0.637034 0.882894 0.995255 0.957125 0.774272 0.474343 0.102691 -0.28449 -0.628653 -0.87776 -0.994143 -0.960205 -0.781077 -0.483844 -0.113451 0.274096 0.620199 -0.855212 -0.592867 -0.240875 0.147538 0.513642 0.80208 0.969238 0.98984 0.860772 0.601548 0.251366 -0.136824 -0.504325 -0.795569 -0.966517 -0.991321 -0.866231 -0.61016 -0.261828 0.126094 0.494949 0.788965 0.963683 0.992686
18.055 -0.817042 -0.975197 -0.985895 -0.847519 -0.580992 -0.226615 0.162028 0.526171 0.810753 0.972744 0.987649 0.853214 0.589768 0.237144 -0.151338 -0.516936 -0.804369 -0.970177 -0.989287 -0.858809 -0.598474 -0.247645 0.14063 0.50764 -0.917804 -0.696972 -0.370754 0.0115252 0.392062 0.713315 0.926711 0.999981 0.922047 0.704693 0.380785 -0.000701437 -0.382081 -0.705688 -0.922589 -0.999989 -0.926183 -0.712332 -0.390771 -0.0101224 0.372056 0.697978 0.91836 0.999879
18.105 -0.730947 -0.935988 -0.999501 -0.911882 -0.68638 -0.357093 0.0261895 0.405512 0.723518 0.932123 0.999784 0.916271 0.694211 0.367182 -0.0153678 -0.395594 -0.716004 -0.928148 -0.99995 -0.920553 -0.701961 -0.377228 0.00454439 0.38563 -0.963308 -0.788102 -0.49373 -0.124702 0.263182 0.61127 0.866931 0.991505 0.966156 0.794718 0.503113 0.135434 -0.252724 -0.602668 -0.861485 -0.990039 -0.968892 -0.801242 -0.512438 -0.14615 0.242237 0.593996 0.855938 0.988457
18.155 -0.631244 -0.879353 -0.994498 -0.959268 -0.778989 -0.480922 -0.110136 0.277303 0.622812 0.874148 0.993306 0.962269 0.785731 0.490384 0.120888 -0.266887 -0.614307 -0.86884 -0.991997 -0.965158 -0.79238 -0.499788 -0.131625 0.25644 -0.990877 -0.864559 -0.607513 -0.258607 0.129402 0.497845 0.79101 0.964569 0.992278 0.869948 0.616075 0.269048 -0.118662 -0.488429 -0.784342 -0.961657 -0.993562 -0.875234 -0.624565 -0.279457 0.107907 0.478955 0.777581 0.958632
18.205 -0.519788 -0.806347 -0.97098 -0.988794 -0.857096 -0.595798 -0.244412 0.143931 0.510511 0.799898 0.968335 0.990352 0.862621 0.604456 0.254893 -0.133212 -0.501174 -0.793355 -0.965576 -0.991794 -0.868046 -0.613044 -0.265345 0.122477 -0.999999 -0.92492 -0.709987 -0.387698 -0.00678684 0.375151 0.700363 0.919675 0.999926 0.928981 0.717567 0.397653 0.01761 -0.365095 -0.692596 -0.915371 -0.999735 -0.932932 -0.725064 -0.407561 -0.0284311 0.354997 0.684748 0.910959
18.255 -0.398655 -0.718328 -0.929385 -0.999912 -0.919245 -0.699582 -0.374137 0.00788002 0.388705 0.710756 0.925335 0.999997 0.923452 0.707275 0.384153 0.00294393 -0.37871 -0.7031 -0.921177 -0.999965 -0.927551 -0.714885 -0.394124 -0.0137675 -0.990503 -0.968061 -0.799241 -0.509571 -0.142849 0.245472 0.596676 0.857658 0.988957 0.970718 0.8057 0.518854 0.153554 -0.234965 -0.587955 -0.852042 -0.987295 -0.973261 -0.812064 -0.528076 -0.16424 0.22443 0.579165 0.846326
18.305 -0.2701 -0.616936 -0.870486 -0.992413 -0.96428 -0.790341 -0.496896 -0.128318 0.259663 0.608381 0.865108 0.991024 0.96709 0.796926 0.50626 0.139045 -0.249195 -0.599755 -0.859628 -0.989519 -0.969788 -0.803418 -0.515565 -0.149755 -0.962566 -0.993179 -0.873616 -0.621956 -0.276252 0.111223 0.481881 0.779674 0.959576 0.994383 0.878832 0.630396 0.286639 -0.10046 -0.472368 -0.772851 -0.956473 -0.99547 -0.883945 -0.638761 -0.296992 0.0896848 0.4628 0.765937
18.355 -0.136517 -0.504058 -0.795381 -0.966438 -0.991362 -0.866385 -0.610405 -0.262127 0.125786 0.49468 0.788774 0.963601 0.992724 0.87174 0.618943 0.272557 -0.115041 -0.485244 -0.782075 -0.96065 -0.993969 -0.876992 -0.627408 -0.282955 -0.916708 -0.999806 -0.931726 -0.722763 -0.404512 -0.0250966 0.358114 0.687175 0.91233 0.999535 0.935602 0.730201 0.414387 0.0359156 -0.347987 -0.679271 -0.907845 -0.999146 -0.939369 -0.737553 -0.424214 -0.0467303 0.337819 0.671288
18.405 -0.000391765 -0.381795 -0.705468 -0.92247 -0.999987 -0.9263 -0.712549 -0.391056 -0.0104321 0.371769 0.697756 0.918237 0.999874 0.930324 0.720101 0.400995 0.0212547 -0.361699 -0.689961 -0.913897 -0.999644 -0.934239 -0.72757 -0.410887 -0.853784 -0.987819 -0.97249 -0.810113 -0.525241 -0.160949 0.22768 0.581881 0.848099 0.986077 0.974954 0.816411 0.534421 0.171622 -0.217127 -0.573045 -0.842314 -0.98422 -0.977304 -0.822614 -0.543538 -0.182275 0.206548 0.564141
18.455 0.135741 -0.252424 -0.602421 -0.861328 -0.989995 -0.968969 -0.801427 -0.512704 -0.146456 0.241936 0.593747 0.855778 0.98841 0.971587 0.807854 0.521967 0.157155 -0.23142 -0.585002 -0.850128 -0.986709 -0.974092 -0.814186 -0.531169 -0.774964 -0.957442 -0.995148 -0.88238 -0.636191 -0.293805 0.0930066 0.465755 0.768077 0.954261 0.996154 0.887422 0.644504 0.304134 -0.0822242 -0.456149 -0.761101 -0.950969 -0.997044 -0.892359 -0.652743 -0.314427 0.0714322 0.44649
18.505 0.269346 -0.118354 -0.488158 -0.784149 -0.961572 -0.993597 -0.875384 -0.624807 -0.279754 0.107599 0.478683 0.777387 0.958544 0.994762 0.880565 0.633221 0.290129 -0.0968322 -0.469152 -0.770533 -0.955403 -0.99581 -0.885644 -0.641561 -0.681715 -0.909238 -0.999278 -0.93822 -0.735296 -0.421191 -0.043398 0.340957 0.673756 0.904679 0.998808 0.94191 0.742589 0.430983 0.0542091 -0.330762 -0.665719 -0.900014 -0.998222 -0.945491 -0.749795 -0.440725 -0.0650138 0.320528
18.555 0.397937 0.0179196 -0.364807 -0.692372 -0.915246 -0.999728 -0.933044 -0.725277 -0.407843 -0.0287407 0.354708 0.684522 0.910831 0.999417 0.936883 0.732686 0.417702 0.0395583 -0.344567 -0.676591 -0.90631 -0.998989 -0.940613 -0.74001 -0.575775 -0.844107 -0.984804 -0.976592 -0.820712 -0.540735 -0.178995 0.209811 0.566892 0.838254 0.982867 0.978863 0.826848 0.549808 0.189633 -0.199216 -0.557942 -0.832303 -0.980814 -0.981019 -0.832887 -0.558817 -0.200249 0.188597
18.605 0.519119 0.15386 -0.234664 -0.587705 -0.85188 -0.987246 -0.973332 -0.812244 -0.528339 -0.164546 0.224128 0.578913 0.846161 0.985464 0.975758 0.818511 0.537498 0.175212 -0.213567 -0.570053 -0.840344 -0.983568 -0.97807 -0.824681 -0.459115 -0.763261 -0.951996 -0.996782 -0.890848 -0.650212 -0.311259 0.074759 0.449473 0.756223 0.948627 0.997592 0.895714 0.658397 0.321527 -0.0639611 -0.439777 -0.749096 -0.945147 -0.998284 -0.900474 -0.666505 -0.331757 0.0531557
18.655 0.630636 0.286935 -0.100152 -0.472095 -0.772654 -0.956383 -0.9955 -0.88409 -0.638999 -0.297287 0.0893764 0.462526 0.765738 0.953165 0.996467 0.889096 0.647287 0.307604 -0.0785907 -0.452902 -0.758732 -0.949836 -0.997318 -0.893998 -0.333908 -0.668204 -0.901463 -0.998415 -0.944399 -0.747583 -0.437728 -0.0616848 0.323685 0.660112 0.896725 0.997747 0.947903 0.754728 0.447434 0.0724844 -0.313425 -0.651943 -0.891882 -0.996963 -0.951295 -0.761785 -0.457088 -0.0832755
18.705 0.730412 0.414669 0.036225 -0.347696 -0.679044 -0.907715 -0.999133 -0.939475 -0.737762 -0.424494 -0.0470396 0.337528 0.671058 0.90312 0.998624 0.943129 0.745026 0.434269 0.0578487 -0.327319 -0.662994 -0.89842 -0.997998 -0.946671 -0.202484 -0.560707 -0.834148 -0.981459 -0.980367 -0.831037 -0.556048 -0.19698 0.191872 0.551712 0.828129 0.979327 0.982444 0.837008 0.565011 0.20758 -0.181238 -0.542652 -0.822013 -0.97708 -0.984406 -0.842882 -0.573909 -0.218156
18.755 0.81659 0.534682 0.171927 -0.216824 -0.572791 -0.842147 -0.984165 -0.97737 -0.82279 -0.543798 -0.18258 0.206245 0.563885 0.836261 0.982189 0.979602 0.828893 0.552849 0.193211 -0.195642 -0.554913 -0.830277 -0.980097 -0.98172 -0.0672896 -0.442771 -0.751302 -0.946231 -0.998083 -0.899018 -0.664015 -0.328608 0.0564864 0.43304 0.744115 0.942674 0.998694 0.903705 0.672069 0.338812 -0.0456765 -0.423258 -0.73684 -0.939007 -0.999189 -0.908287 -0.680045 -0.348976
18.805 0.887564 0.644741 0.304429 -0.0819156 -0.455874 -0.7609 -0.950874 -0.997068 -0.892499 -0.652977 -0.314721 0.0711234 0.446213 0.753833 0.947467 0.997838 0.897328 0.661137 0.324976 -0.0603228 -0.436501 -0.746676 -0.94395 -0.998491 0.0691571 -0.316591 -0.654469 -0.893386 -0.997217 -0.950262 -0.75962 -0.454118 -0.0799509 0.306306 0.646247 0.888471 0.996352 0.953577 0.766615 0.463735 0.0907354 -0.295984 -0.637949 -0.883451 -0.995369 -0.956781 -0.77352 -0.473298
18.855 0.942014 0.742796 0.431262 0.0545183 -0.330469 -0.665488 -0.899879 -0.998203 -0.945591 -0.75 -0.441003 -0.0653228 0.320234 0.65737 0.895106 0.997496 0.949058 0.757115 0.450691 0.0761197 -0.309962 -0.649175 -0.890228 -0.996672 0.204316 -0.184518 -0.545451 -0.823908 -0.977785 -0.983813 -0.841082 -0.571174 -0.2149 0.173869 0.536347 0.817726 0.975459 0.985695 0.846888 0.580025 0.225458 -0.1632 -0.52718 -0.811448 -0.973018 -0.987462 -0.852594 -0.588808
18.905 0.978926 0.827022 0.550067 0.189937 -0.198912 -0.557685 -0.832131 -0.980754 -0.981079 -0.833059 -0.559074 -0.200553 0.188293 0.548668 0.82608 0.978583 0.983118 0.838998 0.568015 0.211145 -0.177652 -0.539587 -0.819932 -0.976298 0.335671 -0.0490085 -0.426278 -0.739091 -0.940149 -0.999049 -0.906886 -0.677595 -0.345848 0.0381948 0.416462 0.731757 0.936405 0.999462 0.911394 0.685516 0.355983 -0.0273767 -0.406597 -0.724337 -0.932552 -0.999759 -0.915795 -0.693356
18.955 0.997613 0.895851 0.65863 0.32182 -0.0636521 -0.439499 -0.748891 -0.945045 -0.998302 -0.900608 -0.666736 -0.332049 0.0528465 0.429751 0.741674 0.941451 0.998874 0.90526 0.674764 0.342239 -0.0420347 -0.419953 -0.734371 -0.937747 0.460777 0.087413 -0.299169 -0.640514 -0.885009 -0.995684 -0.955805 -0.771402 -0.470357 -0.0981902 0.288823 0.632164 0.879918 0.994622 0.958932 0.778244 0.479881 0.108956 -0.278444 -0.623741 -0.874724 -0.993442 -0.961945 -0.784996
19.005 0.997726 0.948001 0.754932 0.447711 0.0727932 -0.313131 -0.651708 -0.891742 -0.996938 -0.951391 -0.761986 -0.457363 -0.0835841 0.302833 0.643461 0.886792 0.996034 0.954668 0.76895 0.466962 0.0943651 -0.2925 -0.635137 -0.881737 0.577304 0.222207 -0.16649 -0.530012 -0.813393 -0.973783 -0.98693 -0.850846 -0.586109 -0.232747 0.155807 0.520802 0.807049 0.971263 0.988616 0.856483 0.594844 0.24326 -0.145106 -0.511532 -0.80061 -0.96863 -0.990187 -0.86202
19.055 0.979264 0.982502 0.837178 0.565267 0.207883 -0.180934 -0.542392 -0.821837 -0.977014 -0.98446 -0.843049 -0.574162 -0.218458 0.170278 0.533267 0.815622 0.97465 0.986303 0.848821 0.582991 0.229008 -0.159602 -0.524079 -0.809312 0.683084 0.352864 -0.0307109 -0.409642 -0.726633 -0.933751 -0.99968 -0.91445 -0.690949 -0.362971 0.0198904 0.399744 0.719154 0.929822 0.999895 0.918777 0.698733 0.373035 -0.00906759 -0.389799 -0.711591 -0.925785 -0.999993 -0.922996
19.105 0.942571 0.99871 0.903838 0.672299 0.339103 -0.0453672 -0.422978 -0.736631 -0.9389 -0.999201 -0.908416 -0.680272 -0.349266 0.0345519 0.413145 0.729268 0.93512 0.999575 0.912888 0.688165 0.359387 -0.0237325 -0.403264 -0.721819 0.776145 0.476952 0.10564 -0.281646 -0.626345 -0.876335 -0.993818 -0.961029 -0.782925 -0.486437 -0.116397 0.271244 0.61787 0.87107 0.992558 0.963965 0.789613 0.495865 0.12714 -0.26081 -0.609323 -0.865703 -0.991182 -0.966788
19.155 0.888328 0.996325 0.95367 0.766814 0.46401 0.0910438 -0.295688 -0.63771 -0.883306 -0.99534 -0.956871 -0.773716 -0.47357 -0.101817 0.285331 0.629336 0.87818 0.994238 0.959959 0.780528 0.483076 0.112579 -0.274941 -0.620887 0.854757 0.592159 0.240023 -0.148406 -0.514395 -0.802604 -0.969454 -0.989715 -0.860325 -0.600847 -0.250517 0.137693 0.505083 0.796101 0.966742 0.991206 0.865792 0.609464 0.260981 -0.126965 -0.495712 -0.789504 -0.963917 -0.99258
19.205 0.817548 0.975391 0.985748 0.847053 0.580277 0.22576 -0.162894 -0.526917 -0.811267 -0.972947 -0.987511 -0.852756 -0.589058 -0.236291 0.152205 0.517687 0.804891 0.970389 0.989158 0.858359 0.59777 0.246794 -0.141499 -0.508396 0.917455 0.696343 0.369938 -0.0124031 -0.392869 -0.713931 -0.927041 -0.999976 -0.921707 -0.70407 -0.379973 0.00157938 0.382893 0.70631 0.922928 0.999993 0.925852 0.711715 0.389962 0.00924452 -0.372871 -0.698606 -0.918707 -0.999893
19.255 0.731546 0.936297 0.999472 0.911521 0.685741 0.356273 -0.0270671 -0.406314 -0.724123 -0.93244 -0.999765 -0.915919 -0.693579 -0.366365 0.0162457 0.3964 0.716616 0.928475 0.999941 0.92021 0.701336 0.376415 -0.00542232 -0.38644 0.963072 0.787561 0.492966 0.123831 -0.264029 -0.611965 -0.867368 -0.991619 -0.96593 -0.794185 -0.502354 -0.134564 0.253573 0.603369 0.86193 0.990162 0.968674 0.800716 0.511684 0.145281 -0.243089 -0.594702 -0.856392 -0.98859
19.305 0.631924 0.879771 0.99459 0.959019 0.778439 0.480152 0.109264 -0.278146 -0.623499 -0.874574 -0.993407 -0.96203 -0.785187 -0.489619 -0.120016 0.267733 0.615 0.869274 0.992108 0.964928 0.791844 0.499028 0.130755 -0.257289 0.990759 0.864118 0.606816 0.257759 -0.130273 -0.498606 -0.791547 -0.9648 -0.992169 -0.869514 -0.615383 -0.268202 0.119533 0.489194 0.784886 0.961897 0.993463 0.874809 0.623879 0.278614 -0.10878 -0.479726 -0.778133 -0.958881
19.355 0.520538 0.806866 0.97119 0.988663 0.856643 0.595093 0.243561 -0.1448 -0.511266 -0.800424 -0.968553 -0.99023 -0.862177 -0.603757 -0.254044 0.134082 0.501934 0.793889 0.965804 0.991681 0.86761 0.61235 0.264498 -0.123348 1 0.924586 0.709368 0.386889 0.00590892 -0.375964 -0.700989 -0.920019 -0.999936 -0.928655 -0.716955 -0.396847 -0.0167322 0.365912 0.693229 0.915724 0.999755 0.932616 0.724459 0.406759 0.0275535 -0.355818 -0.685387 -0.911321
19.405 0.39946 0.718939 0.929708 0.9999 0.918899 0.698954 0.373323 -0.00875793 -0.389514 -0.711373 -0.925668 -0.999994 -0.923115 -0.706654 -0.383342 -0.00206599 0.379522 0.703724 0.921518 0.999972 0.927223 0.714271 0.393317 0.0128897 0.990623 0.967841 0.798713 0.508815 0.14198 -0.246323 -0.59738 -0.85811 -0.989087 -0.970507 -0.805179 -0.518103 -0.152686 0.235818 0.588665 0.852502 0.987434 0.973059 0.811551 0.527331 0.163374 -0.225286 -0.579881 -0.846794
19.455 0.270946 0.617627 0.870918 0.992521 0.964047 0.789802 0.496134 0.127447 -0.260511 -0.609078 -0.865548 -0.991141 -0.966867 -0.796395 -0.505503 -0.138175 0.250046 0.600458 0.860076 0.989645 0.969573 0.802894 0.514812 0.148887 0.962804 0.993076 0.873189 0.621269 0.275408 -0.112095 -0.48265 -0.780224 -0.959823 -0.99429 -0.878413 -0.629714 -0.285798 0.101333 0.473142 0.773408 0.956729 0.995386 0.883534 0.638085 0.296153 -0.0905592 -0.463578 -0.766501
19.505 0.137387 0.504816 0.795913 0.966663 0.991247 0.865946 0.609709 0.26128 -0.126657 -0.495443 -0.789314 -0.963835 -0.992617 -0.871309 -0.618253 -0.271712 0.115913 0.486012 0.782622 0.960894 0.993872 0.87657 0.626724 0.282113 0.917059 0.999823 0.931407 0.722156 0.403709 0.024219 -0.358933 -0.687812 -0.912689 -0.999561 -0.935292 -0.7296 -0.413588 -0.0350382 0.34881 0.679915 0.908212 0.999182 0.939068 0.73696 0.423418 0.0458533 -0.338645 -0.671938
19.555 0.00126971 0.382606 0.70609 0.922809 0.999991 0.925969 0.711933 0.390248 0.00955418 -0.372584 -0.698384 -0.918584 -0.999888 -0.930001 -0.719492 -0.40019 -0.0203769 0.362517 0.690597 0.914253 0.999667 0.933925 0.726967 0.410086 0.85424 0.987956 0.972285 0.809598 0.524494 0.160082 -0.228534 -0.582595 -0.848563 -0.986223 -0.974758 -0.815904 -0.533678 -0.170757 0.217984 0.573764 0.842787 0.984375 0.977118 0.822114 0.542801 0.181412 -0.207407 -0.564865
19.605 -0.134871 0.253274 0.603122 0.861773 0.990119 0.968751 0.800902 0.51195 0.145588 -0.242788 -0.594453 -0.856232 -0.988543 -0.971379 -0.807336 -0.521218 -0.156288 0.232274 0.585714 0.85059 0.986851 0.973893 0.813676 0.530425 0.775518 0.957695 0.995061 0.881967 0.635513 0.292965 -0.0938807 -0.466531 -0.768639 -0.954523 -0.996077 -0.887017 -0.643833 -0.303297 0.0830992 0.45693 0.76167 0.951241 0.996976 0.891962 0.652077 0.313593 -0.0723079 -0.447276
19.655 -0.2685 0.119226 0.488924 0.784694 0.961812 0.993498 0.874959 0.624121 0.278911 -0.108472 -0.479454 -0.777939 -0.958793 -0.994672 -0.880149 -0.632541 -0.289289 0.097706 0.469927 0.771092 0.955662 0.99573 0.885236 0.640888 0.682357 0.909603 0.999311 0.937916 0.734701 0.420394 0.0425209 -0.341782 -0.674405 -0.905053 -0.998851 -0.941615 -0.742001 -0.43019 -0.0533324 0.33159 0.666374 0.900397 0.998274 0.945204 0.749214 0.439936 0.0641377 -0.321359
19.705 -0.397131 -0.0170418 0.365624 0.693005 0.915599 0.999748 0.932728 0.724672 0.407042 0.0278631 -0.355528 -0.685162 -0.911193 -0.999446 -0.936576 -0.732089 -0.416904 -0.0386811 0.345391 0.677237 0.906681 0.999028 0.940314 0.739419 0.576493 0.844578 0.984956 0.976403 0.82021 0.539996 0.178131 -0.210669 -0.567615 -0.838733 -0.983028 -0.978683 -0.826354 -0.549075 -0.188771 0.200076 0.55867 0.83279 0.980985 0.980849 0.832401 0.558089 0.199389 -0.189459
19.755 -0.518368 -0.152992 0.235517 0.588415 0.85234 0.987385 0.973131 0.811732 0.527594 0.16368 -0.224984 -0.579628 -0.846629 -0.985613 -0.975566 -0.818006 -0.536758 -0.174348 0.214424 0.570774 0.840819 0.983726 0.977887 0.824184 0.459895 0.763828 0.952264 0.996712 0.890449 0.649545 0.310424 -0.0756345 -0.450257 -0.756797 -0.948904 -0.99753 -0.895323 -0.657736 -0.320695 0.0648372 0.440566 0.749678 0.945433 0.998232 0.900092 0.665851 0.330929 -0.0540324
19.805 -0.629954 -0.286094 0.101025 0.472869 0.773212 0.956639 0.995416 0.883679 0.638324 0.296449 -0.0902508 -0.463304 -0.766302 -0.95343 -0.996393 -0.888694 -0.646618 -0.306769 0.0794659 0.453685 0.759303 0.95011 0.997253 0.893605 0.334735 0.668857 0.901843 0.998464 0.94411 0.747 0.436938 0.0608085 -0.324516 -0.660771 -0.897114 -0.997806 -0.947623 -0.754152 -0.446649 -0.0716087 0.314259 0.652609 0.892279 0.997031 0.951024 0.761216 0.456307 0.0824006
19.855 -0.729812 -0.41387 -0.0353477 0.348519 0.679688 0.908083 0.999169 0.939174 0.737169 0.423699 0.0461626 -0.338354 -0.671709 -0.903497 -0.998669 -0.942836 -0.74444 -0.433478 -0.0569722 0.328149 0.663651 0.898805 0.998053 0.946388 0.203343 0.561434 0.834631 0.981627 0.980194 0.830548 0.555318 0.196119 -0.192734 -0.552444 -0.828621 -0.979504 -0.98228 -0.836528 -0.564287 -0.206722 0.182101 0.543389 0.822513 0.977267 0.984251 0.842409 0.57319 0.217299
19.905 -0.816083 -0.53394 -0.171062 0.217681 0.57351 0.84262 0.98432 0.977184 0.82229 0.543061 0.181717 -0.207104 -0.56461 -0.836742 -0.982353 -0.979425 -0.828402 -0.552118 -0.19235 0.196503 0.555643 0.830766 0.980271 0.981552 0.0681655 0.443558 0.751881 0.946515 0.998028 0.898633 0.663358 0.327779 -0.0573629 -0.433831 -0.744701 -0.942967 -0.998649 -0.903329 -0.671419 -0.337986 0.0465535 0.424053 0.737433 0.939308 0.999153 0.907919 0.679401 0.348153
19.955 -0.887159 -0.64407 -0.303592 0.0827906 0.456655 0.76147 0.951145 0.997 0.892102 0.652312 0.313887 -0.071999 -0.446999 -0.754409 -0.947748 -0.99778 -0.896941 -0.660478 -0.324146 0.0611991 0.43729 0.74726 0.944239 0.998442 -0.0682812 0.317424 0.655132 0.89378 0.997282 0.949988 0.759049 0.453336 0.0790758 -0.307141 -0.646916 -0.888873 -0.996426 -0.953312 -0.766051 -0.462957 -0.0898611 0.296823 0.638625 0.883862 0.995453 0.956525 0.772963 0.472524
