10.005 0
10.055 0.000198334
10.105 0.000201294
10.155 0.000199257
10.205 0.000201408
10.255 0.000199854
10.305 0.000206726
10.355 0.000211484
10.405 0.000208815
10.455 0.000223435
10.505 0.000241366
10.555 0.000230097
10.605 0.000241565
10.655 0.000268641
10.705 0.000240402
10.755 0.000243522
10.805 0.000269988
10.855 0.000233016
10.905 0.000227374
10.955 0.000249831
11.005 0.000213083
11.055 0.000204452
11.105 0.000226503
11.155 0.000201146
11.205 0.000193809
11.255 0.000218074
11.305 0.000194258
11.355 0.000190189
11.405 0.000213458
11.455 0.000196248
11.505 0.000202195
11.555 0.000205699
11.605 0.000192478
11.655 0.000211901
11.705 0.000204138
11.755 0.000193804
11.805 0.000223395
11.855 0.000197589
11.905 0.000197454
11.955 0.000248832
12.005 0.000202123
12.055 0.0002066
12.105 0.000231196
12.155 0.000197936
12.205 0.000202415
12.255 0.000213261
12.305 0.00019546
12.355 0.000198507
12.405 0.000201724
12.455 0.000199068
12.505 0.000201463
12.555 0.000200097
12.605 0.000206511
12.655 0.00021127
12.705 0.000208919
12.755 0.000223134
12.805 0.000240633
12.855 0.000230215
12.905 0.000241378
12.955 0.000267447
13.005 0.000240607
13.055 0.00024322
13.105 0.00026993
13.155 0.000233311
13.205 0.000227559
13.255 0.000250561
13.305 0.000213327
13.355 0.000204609
13.405 0.000226949
13.455 0.000201365
13.505 0.000193944
13.555 0.000218401
13.605 0.000194426
13.655 0.000190105
13.705 0.000213846
13.755 0.000196314
13.805 0.000201736
13.855 0.000206222
13.905 0.000192477
13.955 0.000211009
14.005 0.000204464
14.055 0.000192903
14.105 0.000221732
14.155 0.000197907
14.205 0.000197439
14.255 0.000245762
14.305 0.000202286
14.355 0.00020694
14.405 0.000232178
14.455 0.000197941
14.505 0.000202706
14.555 0.000214051
14.605 0.000195395
14.655 0.000198733
14.705 0.000202282
14.755 0.000198919
14.805 0.000201563
14.855 0.000200337
14.905 0.00020629
14.955 0.000211067
15.005 0.000209023
15.055 0.000222838
15.105 0.000239961
15.155 0.000230393
15.205 0.000241213
15.255 0.000266337
15.305 0.000240805
15.355 0.000242758
15.405 0.000269882
15.455 0.000233597
15.505 0.000227768
15.555 0.0002513
15.605 0.000213591
15.655 0.000204795
15.705 0.000227389
15.755 0.000201578
15.805 0.00019399
15.855 0.000218711
15.905 0.000194578
15.955 0.000190048
16.005 0.000214192
16.055 0.00019639
16.105 0.000201311
16.155 0.000206735
16.205 0.000192477
16.255 0.000210096
16.305 0.000204843
16.355 0.000191982
16.405 0.000220167
16.455 0.000198215
16.505 0.00019743
16.555 0.000242932
16.605 0.000202434
16.655 0.000207072
16.705 0.000233125
16.755 0.000197922
16.805 0.000203015
16.855 0.000214831
16.905 0.00019532
16.955 0.000198989
17.005 0.000202829
17.055 0.000198757
17.105 0.000201654
17.155 0.000200565
17.205 0.000206055
17.255 0.000210899
17.305 0.000209118
17.355 0.000222543
17.405 0.000239341
17.455 0.00023056
17.505 0.000240996
17.555 0.000265291
17.605 0.000240996
17.655 0.000242287
17.705 0.000269857
17.755 0.000233895
17.805 0.000228019
17.855 0.000252056
17.905 0.000213856
17.955 0.000205
18.005 0.000227828
18.055 0.00020179
18.105 0.00019407
18.155 0.000219148
18.205 0.00019477
18.255 0.000190045
18.305 0.000214528
18.355 0.000196477
18.405 0.000200921
18.455 0.000207243
18.505 0.000192486
18.555 0.000209237
18.605 0.000205376
18.655 0.000191103
18.705 0.00021871
18.755 0.000198522
18.805 0.000197423
18.855 0.000240311
18.905 0.00020267
18.955 0.000207159
19.005 0.000234263
19.055 0.000197966
19.105 0.000203373
19.155 0.000215605
19.205 0.000195246
19.255 0.000199222
19.305 0.000203374
19.355 0.000198593
19.405 0.00020176
19.455 0.000200871
19.505 0.000205847
19.555 0.000210774
19.605 0.000209212
19.655 0.000222257
19.705 0.000238728
19.755 0.000230718
19.805 0.000240727
19.855 0.000264314
19.905 0.000241205
19.955 0.000241828
