10.005 -5.55878 -8.9457 -9.05618 -4.69455 0.722471 3.44081 2.86255 1.25717 -0.359015 -1.83844 -1.13192 3.46845 8.46487 8.34819 4.27865 -0.0044252 -3.75984 -7.27005 -10.3621 -9.12105 -3.8184 0.774183 2.44451
10.055 -4.46244 -7.77639 -9.84099 -6.80721 -0.997611 2.9223 3.46703 1.93245 0.365081 -0.937593 -2.0464 0.872435 6.94912 9.08895 6.46261 1.35797 -2.54723 -6.04546 -9.4944 -10.1848 -6.08847 -0.639158 2.24995
10.105 -3.36675 -6.49436 -9.6545 -8.35417 -3.11832 1.86667 3.73967 2.6535 1.09518 -0.56493 -2.35522 -0.548075 5.15496 9.09742 7.79631 2.89004 -1.15809 -4.75208 -8.28387 -10.739 -8.13393 -2.26111 1.64752
10.155 -2.26401 -5.1377 -8.74062 -9.44823 -5.34893 0.337055 3.53587 3.38067 1.69806 -0.127146 -1.61166 -1.39712 2.81798 8.26076 8.50131 4.66157 0.278296 -3.47915 -7.04588 -10.3822 -9.54849 -4.34569 0.530849
10.205 -1.15065 -3.77902 -7.50271 -10.0189 -7.40468 -1.54343 2.72718 3.76337 2.42904 0.77342 -0.769238 -2.27361 0.358203 6.55986 9.25537 6.87639 1.62113 -2.28286 -5.7966 -9.39426 -10.5674 -6.67003 -1.02355
10.255 -0.149947 -2.52686 -6.22487 -9.561 -8.80225 -3.78353 1.47048 3.81903 3.0949 1.48977 -0.375768 -2.29987 -0.778088 4.74345 8.99347 7.95249 3.22498 -0.846767 -4.46323 -8.1072 -10.9744 -8.65251 -2.71788
10.305 0.878986 -1.26868 -4.8824 -8.52369 -9.74435 -6.0178 -0.192782 3.35064 3.64053 2.11237 0.240938 -1.34371 -1.66425 2.22604 8.03277 8.68857 5.0783 0.555966 -3.20048 -6.82715 -10.4152 -10.014 -4.90376
10.355 1.94236 0.0317021 -3.55436 -7.25517 -10.0414 -7.90328 -2.18248 2.34975 3.80726 2.77097 1.17186 -0.561414 -2.40406 -0.0262569 6.24454 9.36618 7.17888 1.9181 -1.98372 -5.53205 -9.29963 -10.9767 -7.27677
10.405 2.93066 1.27345 -2.33985 -5.98303 -9.3922 -9.1672 -4.47536 0.956723 3.66801 3.33646 1.8311 -0.122389 -2.16103 -1.00212 4.32693 8.91183 8.13704 3.58384 -0.534281 -4.17253 -7.94967 -11.2388 -9.26314
10.455 3.98824 2.63326 -1.10297 -4.65996 -8.27689 -9.95829 -6.65981 -0.783796 2.9983 3.6724 2.40582 0.621283 -1.06623 -1.91222 1.67124 7.80724 8.94274 5.5577 0.843159 -2.91888 -6.6209 -10.5272 -10.7035
10.505 5.06632 4.10926 0.137846 -3.39604 -7.02686 -9.99875 -8.36246 -2.88633 1.83786 3.6401 2.94132 1.50856 -0.340144 -2.49723 -0.375514 5.99135 9.49788 7.47488 2.269 -1.64442 -5.26692 -9.30969 -11.6769
10.555 6.07583 5.69146 1.32504 -2.22275 -5.77071 -9.21024 -9.51699 -5.21502 0.302205 3.25075 3.35085 2.12187 0.189219 -2.03323 -1.37753 3.84692 8.92455 8.43836 4.02528 -0.186061 -3.89393 -7.91523 -11.7561
10.605 6.61913 7.03365 2.72534 -0.934114 -4.4415 -8.02494 -10.1382 -7.29867 -1.46489 2.41256 3.42489 2.57496 1.00301 -0.848808 -2.32495 0.993308 7.58852 9.33496 6.14663 1.15895 -2.65777 -6.5365 -10.7919
10.655 6.40778 8.08446 4.31987 0.343772 -3.1975 -6.79434 -9.90325 -8.77709 -3.62534 1.18955 3.24708 2.92421 1.72465 -0.208173 -2.62957 -0.730836 5.69862 9.54801 7.68293 2.61037 -1.35271 -5.13947 -9.40566
10.705 5.62184 9.08777 6.13428 1.58361 -2.0239 -5.55144 -9.00519 -9.77897 -5.88824 -0.365482 2.74478 3.1634 2.17607 0.358281 -1.80193 -1.71637 3.1541 8.7989 8.60729 4.3623 0.0306673 -3.76105 -7.8741
10.755 4.69394 9.25343 7.44601 3.07342 -0.678585 -4.22654 -7.78429 -10.2105 -7.80577 -2.1053 1.91359 3.13014 2.49148 1.12959 -0.707518 -2.59938 0.38455 7.25025 9.55823 6.52254 1.33743 -2.52176 -6.39756
10.805 3.32911 8.49572 8.45481 4.74551 0.605374 -3.00409 -6.57836 -9.7525 -9.09406 -4.29201 0.686762 2.9263 2.75057 1.68158 -0.184352 -2.62896 -0.989468 5.32759 9.47673 7.81353 2.87661 -1.13919 -4.89461
10.855 1.27467 7.07055 9.39069 6.60464 1.88464 -1.81398 -5.34608 -8.77543 -9.94444 -6.45144 -0.868867 2.40439 2.92304 2.01582 0.371414 -1.59584 -1.98586 2.52878 8.68575 8.851 4.74478 0.266122 -3.47463
10.905 -0.0477183 5.31417 9.25381 7.74589 3.42586 -0.432191 -4.03599 -7.56077 -10.1738 -8.17342 -2.64337 1.60564 2.91979 2.26936 1.02572 -0.715344 -2.74146 0.0524036 7.0827 9.8124 6.88129 1.6397 -2.18239
10.955 -0.59033 2.84575 8.33394 8.68676 5.17945 0.851307 -2.82841 -6.37311 -9.56925 -9.32814 -4.82875 0.36901 2.76011 2.54865 1.46346 -0.296843 -2.58559 -1.11875 5.10249 9.61231 8.1749 3.33056 -0.707238
11.005 -1.19457 0.811655 6.72227 9.38357 6.93924 2.17702 -1.59748 -5.14667 -8.5385 -10.0446 -6.88886 -1.20734 2.2599 2.75827 1.75377 0.221057 -1.52981 -2.14079 2.21398 8.80988 9.40837 5.41461 0.781676
11.055 -1.12494 -0.00450129 4.75911 8.93486 7.90199 3.75569 -0.209105 -3.86385 -7.35114 -10.089 -8.4471 -3.07625 1.44868 2.83124 2.02527 0.778385 -0.86643 -2.79986 0.00442435 7.22224 10.3766 7.54289 2.29895
11.105 -0.348469 -0.649901 2.26587 7.78434 8.78341 5.62358 1.07984 -2.66877 -6.1799 -9.378 -9.51264 -5.27467 0.124452 2.67186 2.39463 1.19382 -0.506374 -2.54711 -1.1347 5.10429 10.1109 8.90878 4.11691
11.155 0.0515552 -1.11912 0.589757 6.09198 9.20247 7.19418 2.48212 -1.36666 -4.94196 -8.30164 -10.1179 -7.26232 -1.5021 2.14909 2.6475 1.50756 0.00763524 -1.57127 -2.22724 2.15767 9.19723 10.2867 6.34912
11.205 0.0188566 -0.717523 -0.114342 4.0025 8.56053 8.04621 4.12275 0.0320168 -3.67915 -7.14094 -9.97259 -8.6884 -3.50656 1.24165 2.74762 1.8357 0.531897 -1.06686 -2.81614 0.117675 7.55065 11.1297 8.35205
11.255 0.150779 0.0496389 -0.806283 1.53141 7.17026 8.93427 6.1648 1.33201 -2.49478 -5.97957 -9.1759 -9.67999 -5.71621 -0.195609 2.52954 2.27883 0.971642 -0.701111 -2.48052 -1.17158 5.12985 10.8142 9.85762
11.305 0.380672 0.21984 -1.06884 0.277341 5.46396 9.00466 7.44053 2.83288 -1.09993 -4.71686 -8.05505 -10.1719 -7.62393 -1.85609 1.98461 2.55758 1.31502 -0.184877 -1.66372 -2.35041 2.16768 9.77968 11.448
11.355 0.403572 0.217154 -0.43895 -0.383048 3.20596 8.21854 8.2253 4.55038 0.309818 -3.46656 -6.9182 -9.83089 -8.92624 -3.98525 0.936348 2.63296 1.72117 0.340058 -1.2791 -2.89424 0.229348 8.05319 12.1839
11.405 0.374676 0.481526 0.206549 -1.10531 0.892829 6.64099 9.06841 6.66201 1.64731 -2.26412 -5.75509 -8.95889 -9.83472 -6.17639 -0.589004 2.31847 2.18313 0.81415 -0.892538 -2.46279 -1.17804 5.39751 11.8268
11.455 0.430913 0.648212 0.258611 -1.15126 -0.0783269 4.89329 8.85085 7.71432 3.24265 -0.787012 -4.4679 -7.81428 -10.1675 -7.96539 -2.32637 1.68574 2.437 1.18178 -0.397794 -1.83985 -2.02419 3.01544 10.5309
11.505 0.453656 0.618524 0.32421 -0.368484 -0.737525 2.53335 7.90243 8.45126 5.05328 0.631576 -3.21545 -6.6723 -9.66537 -9.16904 -4.51305 0.534243 2.4594 1.60461 0.105036 -1.40356 -2.18501 1.30532 8.48078
11.555 0.403014 0.636942 0.645239 0.142517 -1.39156 0.449022 6.189 9.13582 7.07711 2.01525 -1.96877 -5.496 -8.71996 -9.97425 -6.64962 -1.02816 2.07122 2.03424 0.610553 -0.913967 -1.77061 -0.204498 5.81471
11.605 0.380269 0.695782 0.756492 0.16425 -1.21499 -0.357985 4.35658 8.68393 7.96102 3.67312 -0.454052 -4.19923 -7.56716 -10.1287 -8.298 -2.84927 1.34094 2.25646 1.02299 -0.400275 -1.37326 -1.02488 3.71191
11.655 0.364799 0.678287 0.726505 0.339741 -0.369859 -1.05242 1.9485 7.54611 8.67025 5.60049 0.964319 -2.94659 -6.41303 -9.49018 -9.41654 -5.05738 0.0871942 2.21986 1.50861 0.111459 -1.04961 -1.21922 2.17388
11.705 0.238816 0.64074 0.7976 0.672813 -0.00311158 -1.58911 0.139608 5.76756 9.13285 7.41391 2.40556 -1.63237 -5.20915 -8.47192 -10.1096 -7.12578 -1.49745 1.78396 1.91817 0.601271 -0.636157 -0.989803 0.904046
11.755 -0.0916669 0.596465 0.912675 0.742333 0.0295872 -1.20266 -0.584222 3.81344 8.49319 8.17383 4.10747 -0.119446 -3.91857 -7.31703 -10.0689 -8.63403 -3.41248 0.969424 2.12092 1.00975 -0.18992 -0.722455 0.242574
11.805 -0.792437 0.312147 1.05929 0.793599 0.314636 -0.384418 -1.31912 1.38101 7.09931 8.89412 6.20214 1.27108 -2.68869 -6.15694 -9.31541 -9.67641 -5.62575 -0.362738 2.02626 1.52307 0.306572 -0.433677 -0.0829758
11.855 -1.83145 -0.268612 1.25043 1.01674 0.635405 -0.166537 -1.68546 -0.0845363 5.34063 9.05142 7.66458 2.7848 -1.29547 -4.9194 -8.22571 -10.252 -7.60933 -1.95455 1.55708 1.91063 0.774205 -0.0930075 -0.192593
11.905 -3.03506 -1.22493 1.35492 1.36838 0.744847 -0.086373 -1.10125 -0.814532 3.18372 8.27314 8.35424 4.53343 0.197859 -3.64091 -7.07257 -9.9977 -8.98054 -3.98365 0.618158 2.08467 1.20758 0.280632 -0.136906
11.955 -4.33979 -2.57143 1.10605 1.75435 1.0024 0.331743 -0.425809 -1.6127 0.80774 6.63787 9.09598 6.75041 1.56847 -2.42844 -5.90346 -9.14146 -9.94518 -6.19342 -0.799594 1.89813 1.7245 0.723504 0.0422822
12.005 -5.6492 -4.14233 0.556685 2.14919 1.41443 0.661285 -0.302576 -1.79322 -0.362521 4.89408 8.9369 7.8766 3.16688 -0.953373 -4.62181 -7.9838 -10.3682 -8.07098 -2.43324 1.36113 2.0535 1.11562 0.313007
12.055 -6.83779 -5.75147 -0.52392 2.27548 1.99836 0.887604 -0.111455 -1.07058 -1.18141 2.5214 8.02725 8.5482 4.99252 0.526603 -3.33926 -6.80649 -9.90259 -9.32463 -4.55483 0.27927 2.13792 1.53534 0.657213
12.105 -7.76501 -7.35169 -2.03444 1.88673 2.52414 1.36701 0.440988 -0.517282 -1.99962 0.240947 6.24603 9.22692 7.17078 1.91766 -2.10112 -5.60587 -8.93491 -10.1875 -6.73729 -1.21124 1.81307 1.97151 1.07914
12.155 -7.8608 -8.55752 -3.88921 1.04193 2.93223 2.00234 0.824823 -0.41778 -1.96541 -0.712865 4.4247 8.80986 8.0784 3.57188 -0.589956 -4.29561 -7.72906 -10.4191 -8.48333 -2.92935 1.15809 2.2112 1.42962
12.205 -7.44212 -9.47172 -5.86484 -0.376717 2.86745 2.75343 1.2623 -0.050765 -1.12279 -1.56603 1.92591 7.72374 8.73505 5.47803 0.849201 -3.02844 -6.52576 -9.7847 -9.65817 -5.11072 -0.0425733 2.21709 1.86563
12.255 -6.71494 -9.7951 -7.63225 -2.20437 2.17738 3.2615 1.95111 0.654791 -0.633025 -2.27466 -0.127834 5.87122 9.24475 7.44975 2.26329 -1.75722 -5.29651 -8.72112 -10.4215 -7.26069 -1.59294 1.77768 2.24772
12.305 -5.74938 -9.12324 -8.86804 -4.30267 0.998613 3.46666 2.71894 1.16043 -0.429597 -2.0008 -0.978285 3.92547 8.6346 8.23016 3.95033 -0.265998 -3.99061 -7.49091 -10.4628 -8.89058 -3.42219 0.98401 2.42887
12.355 -4.66782 -8.01105 -9.72823 -6.42737 -0.659672 3.06778 3.38466 1.78645 0.195618 -1.07108 -1.87668 1.35142 7.33655 8.9129 5.98073 1.12637 -2.75161 -6.26448 -9.68181 -10.0159 -5.67065 -0.350948 2.33333
12.405 -3.56821 -6.73705 -9.76327 -8.1119 -2.71518 2.08671 3.71077 2.52046 0.987993 -0.610705 -2.38437 -0.389482 5.48918 9.1881 7.64137 2.58874 -1.43 -4.99692 -8.52395 -10.6814 -7.79227 -1.96079 1.76553
12.455 -2.46421 -5.38619 -8.93868 -9.27968 -4.94397 0.64679 3.62213 3.27032 1.5848 -0.246687 -1.83832 -1.22191 3.3464 8.4432 8.37156 4.31625 0.0234144 -3.70722 -7.27413 -10.5115 -9.32309 -3.93255 0.770932
12.505 -1.34523 -4.01555 -7.73044 -9.98766 -7.07929 -1.16439 2.9221 3.72624 2.29346 0.599766 -0.885194 -2.13806 0.746091 6.89399 9.14544 6.51882 1.36763 -2.50667 -6.02515 -9.60144 -10.4172 -6.25677 -0.723571
12.555 -0.33054 -2.75408 -6.46471 -9.70101 -8.58143 -3.36933 1.73199 3.84117 2.96674 1.37578 -0.443181 -2.37043 -0.627376 5.10192 9.11064 7.80774 2.91504 -1.11324 -4.70319 -8.34222 -10.9693 -8.3453 -2.37897
12.605 0.686852 -1.50202 -5.12945 -8.73991 -9.61014 -5.62366 0.132421 3.47719 3.56917 1.99589 0.0896704 -1.54173 -1.49379 2.70322 8.26481 8.55262 4.70913 0.307368 -3.42546 -7.0636 -10.5733 -9.79339 -4.47593
12.655 1.75638 -0.195945 -3.78105 -7.47988 -10.072 -7.62163 -1.78025 2.5705 3.80268 2.6617 1.01797 -0.66066 -2.32973 0.263808 6.55859 9.33092 6.91211 1.64431 -2.2297 -5.77643 -9.5314 -10.8465 -6.86134
12.705 2.748 1.04173 -2.56022 -6.21932 -9.5544 -8.96949 -4.05785 1.24251 3.7315 3.23499 1.7201 -0.211698 -2.27481 -0.8499 4.72008 9.04795 7.99065 3.26346 -0.795483 -4.41092 -8.18935 -11.2711 -8.95764
12.755 3.7908 2.37486 -1.33712 -4.90636 -8.50298 -9.85236 -6.28012 -0.449408 3.15347 3.6392 2.30025 0.45731 -1.24716 -1.7549 2.12932 8.08885 8.79544 5.15569 0.598352 -3.14056 -6.86447 -10.7063 -10.4678
12.805 4.88421 3.84032 -0.0770498 -3.61279 -7.24902 -10.0744 -8.10638 -2.46549 2.08086 3.66549 2.85878 1.37354 -0.434032 -2.47206 -0.136286 6.31477 9.51101 7.24898 1.9778 -1.90909 -5.52754 -9.55967 -11.5525
12.855 5.89077 5.38535 1.10033 -2.4382 -6.00373 -9.39057 -9.34178 -4.79854 0.608068 3.36359 3.29451 2.02106 0.0756398 -2.1987 -1.20099 4.31335 9.07374 8.27782 3.68732 -0.446237 -4.13398 -8.16569 -11.8415
12.905 6.5833 6.81748 2.44848 -1.18127 -4.68837 -8.26111 -10.0665 -6.94599 -1.13385 2.58538 3.43242 2.49723 0.841264 -1.02514 -2.17342 1.47781 7.93718 9.15777 5.70409 0.928383 -2.86744 -6.7823 -11.008
12.955 6.49625 7.90661 4.01966 0.120315 -3.41482 -7.01787 -10.0136 -8.54671 -3.20413 1.43518 3.28955 2.87034 1.62205 -0.296713 -2.66378 -0.530954 6.05845 9.62013 7.49433 2.32053 -1.60903 -5.39997 -9.67746
13.005 5.78245 8.91453 5.80619 1.34607 -2.24275 -5.78186 -9.19823 -9.63337 -5.49155 -0.0633941 2.87125 3.14622 2.1124 0.236526 -2.07093 -1.52744 3.75919 8.95334 8.43086 4.01687 -0.218069 -4.00468 -8.15449
13.055 4.89052 9.29805 7.23574 2.78341 -0.928796 -4.46637 -8.01375 -10.187 -7.49903 -1.7618 2.09045 3.14982 2.43667 0.990541 -0.857183 -2.46635 0.827566 7.59044 9.39304 6.1336 1.10093 -2.73951 -6.65909
13.105 3.62069 8.69248 8.27663 4.42278 0.379082 -3.22013 -6.79986 -9.88668 -8.88928 -3.8815 0.936718 2.9794 2.69947 1.60193 -0.266554 -2.70173 -0.807019 5.71337 9.57284 7.62435 2.57372 -1.39779 -5.16544
13.155 1.64836 7.33369 9.28482 6.32759 1.63148 -2.04663 -5.57653 -8.97914 -9.83174 -6.08389 -0.573212 2.52393 2.91259 1.96893 0.251578 -1.84252 -1.80059 3.10112 8.8708 8.65592 4.37239 0.0129129 -3.72364
13.205 0.11294 5.68483 9.34749 7.56572 3.1326 -0.678552 -4.26528 -7.77527 -10.2059 -7.9171 -2.27207 1.79035 2.93308 2.22235 0.917856 -0.823464 -2.6552 0.392588 7.39343 9.71119 6.56603 1.36975 -2.42833
13.255 -0.48843 3.29645 8.56616 8.51441 4.83169 0.623364 -3.04246 -6.59099 -9.71994 -9.14586 -4.42731 0.62804 2.81093 2.48915 1.39599 -0.370585 -2.68143 -0.940443 5.5115 9.70953 7.96083 2.99762 -0.979308
13.305 -1.11678 1.0394 7.02715 9.36279 6.71359 1.9115 -1.84848 -5.38221 -8.7494 -9.95611 -6.5428 -0.91097 2.36742 2.73335 1.70803 0.113953 -1.71835 -1.96665 2.72436 9.02381 9.18268 4.99923 0.513662
13.355 -1.20175 0.120404 5.16358 9.06893 7.74493 3.45578 -0.453101 -4.08826 -7.56012 -10.1531 -8.21513 -2.68971 1.64071 2.83356 1.97158 0.686713 -0.943928 -2.74173 0.289453 7.53352 10.3077 7.24508 1.99889
13.405 -0.483253 -0.522042 2.70434 8.07011 8.61482 5.24093 0.84979 -2.88053 -6.39434 -9.541 -9.34698 -4.8768 0.401375 2.73223 2.32413 1.12348 -0.579448 -2.65933 -0.936972 5.55923 10.2108 8.6697 3.76087
13.455 0.0371558 -1.10142 0.761378 6.41166 9.23915 7.00372 2.20209 -1.6306 -5.18148 -8.51915 -10.0482 -6.93085 -1.19851 2.25614 2.61025 1.45574 -0.0919594 -1.71649 -2.05835 2.64333 9.44576 10.037 5.90609
13.505 0.0322764 -0.858542 0.00136923 4.44984 8.7174 7.89976 3.80839 -0.214223 -3.90352 -7.35052 -10.0653 -8.46799 -3.10376 1.44753 2.74269 1.7711 0.44498 -1.1282 -2.77936 0.381987 7.8902 11.0956 8.06096
13.555 0.098534 -0.0700762 -0.662696 1.99012 7.50342 8.74057 5.73558 1.10241 -2.70116 -6.19074 -9.34796 -9.52622 -5.31919 0.0980008 2.60582 2.20634 0.894681 -0.782573 -2.62205 -0.920481 5.68145 10.9063 9.57472
13.605 0.354418 0.222924 -1.09286 0.41487 5.79591 9.08326 7.27571 2.53951 -1.36944 -4.95669 -8.27578 -10.1219 -7.30856 -1.54292 2.0957 2.51304 1.25719 -0.280332 -1.77699 -2.17229 2.65702 10.0419 11.1512
13.655 0.416281 0.207885 -0.615126 -0.263117 3.68916 8.39824 8.08088 4.2145 0.0597793 -3.69184 -7.12811 -9.94586 -8.71887 -3.57833 1.16692 2.63993 1.63358 0.250987 -1.33274 -2.86987 0.496341 8.42537 12.1639
13.705 0.373677 0.424357 0.135777 -0.984767 1.24207 6.94469 8.95352 6.33261 1.39013 -2.49596 -5.97068 -9.14234 -9.70541 -5.79661 -0.292658 2.40884 2.11791 0.735524 -0.978051 -2.61861 -0.92068 5.95604 11.9381
13.755 0.420182 0.636107 0.264078 -1.21101 0.0447494 5.24214 8.96273 7.57084 2.93865 -1.05893 -4.70108 -8.02102 -10.1755 -7.69398 -1.96477 1.84047 2.40621 1.11482 -0.489423 -1.93268 -1.92836 3.38941 10.8348
13.805 0.457284 0.628123 0.287497 -0.519156 -0.609966 2.96871 8.13376 8.31413 4.69248 0.381085 -3.43993 -6.88371 -9.80046 -8.97672 -4.10609 0.783028 2.48039 1.51195 0.0130126 -1.47964 -2.19775 1.5882 8.89945
13.855 0.412652 0.626769 0.59586 0.10752 -1.31763 0.70345 6.48998 9.10078 6.82475 1.73832 -2.22567 -5.72085 -8.91619 -9.86935 -6.28835 -0.732269 2.16728 1.97509 0.526811 -1.01044 -1.86545 0.0341366 6.28655
13.905 0.383172 0.689176 0.75207 0.161424 -1.30971 -0.23759 4.73017 8.82214 7.83132 3.35987 -0.724749 -4.43073 -7.77132 -10.1741 -8.05433 -2.46903 1.52145 2.23644 0.946326 -0.495582 -1.43574 -0.924337 4.04885
13.955 0.372303 0.686977 0.725833 0.282638 -0.494002 -0.924241 2.35862 7.83279 8.53857 5.2062 0.714255 -3.16981 -6.62561 -9.64275 -9.23986 -4.65266 0.350818 2.25681 1.41161 0.0163897 -1.11201 -1.22068 2.43369
14.005 0.271564 0.64294 0.781604 0.635492 -0.0160887 -1.56252 0.32931 6.0747 9.16061 7.217 2.11482 -1.90897 -5.44568 -8.68067 -10.0263 -6.78042 -1.20095 1.88112 1.85976 0.523865 -0.714866 -1.0404 1.08454
14.055 -0.00434729 0.616759 0.887785 0.742777 0.0164312 -1.33891 -0.461386 4.22606 8.65451 8.05469 3.78525 -0.386866 -4.15009 -7.5248 -10.1476 -8.40621 -3.02118 1.16193 2.10141 0.932957 -0.274945 -0.771622 0.329077
14.105 -0.635669 0.392245 1.03242 0.766046 0.235896 -0.498065 -1.17719 1.82423 7.45834 8.73147 5.74026 1.03298 -2.89944 -6.36731 -9.48105 -9.51111 -5.22274 -0.0869923 2.07916 1.42862 0.210016 -0.491361 -0.0377666
14.155 -1.62264 -0.146123 1.21102 0.972583 0.601516 -0.171405 -1.69652 0.0707369 5.6585 9.12339 7.50215 2.48396 -1.57627 -5.15951 -8.44487 -10.1877 -7.27955 -1.6576 1.65548 1.85123 0.700768 -0.153869 -0.187758
14.205 -2.80713 -1.0176 1.35768 1.29987 0.730861 -0.119261 -1.2915 -0.673208 3.67479 8.44596 8.2323 4.19645 -0.0660298 -3.87185 -7.28414 -10.1059 -8.76606 -3.58249 0.826927 2.06809 1.12288 0.208488 -0.156321
14.255 -4.09558 -2.30088 1.18449 1.68688 0.934417 0.23703 -0.508691 -1.46555 1.21622 6.98396 8.95943 6.34983 1.32012 -2.64805 -6.11532 -9.32179 -9.79929 -5.80009 -0.516995 1.96858 1.64173 0.638657 -0.00162776
14.305 -5.4155 -3.85369 0.693303 2.08495 1.32316 0.621112 -0.310598 -1.83176 -0.21547 5.23191 9.04279 7.73666 2.85759 -1.23443 -4.86052 -8.20156 -10.3507 -7.77595 -2.10397 1.49062 2.00784 1.04846 0.260601
14.355 -6.6351 -5.45324 -0.293192 2.28629 1.89276 0.83669 -0.178252 -1.23607 -1.02105 2.9913 8.24436 8.4271 4.63268 0.264531 -3.57121 -7.02533 -10.0388 -9.12496 -4.14973 0.511853 2.14417 1.44602 0.589658
14.405 -7.65739 -7.09618 -1.72736 1.99474 2.44002 1.26811 0.340749 -0.569481 -1.88666 0.556614 6.56387 9.16969 6.87751 1.6461 -2.34597 -5.82939 -9.13569 -10.0703 -6.36166 -0.92534 1.90166 1.91018 1.00425
14.455 -7.89088 -8.35803 -3.53826 1.24816 2.8829 1.86121 0.762263 -0.436506 -2.03711 -0.574298 4.79111 8.94556 7.95411 3.25792 -0.863961 -4.53014 -7.94363 -10.453 -8.22388 -2.56782 1.32624 2.18532 1.36302
14.505 -7.54825 -9.33222 -5.50417 -0.08904 2.92387 2.62905 1.16062 -0.155881 -1.26043 -1.40591 2.36366 7.99424 8.61463 5.09217 0.59509 -3.25503 -6.74812 -9.94342 -9.47076 -4.7008 0.211 2.2454 1.77429
14.555 -6.86522 -9.83008 -7.36556 -1.84147 2.33582 3.18853 1.83031 0.544849 -0.675001 -2.21653 0.106384 6.1852 9.25742 7.23197 1.97829 -2.02256 -5.53381 -8.93914 -10.327 -6.89702 -1.30159 1.87858 2.1966
14.605 -5.93674 -9.28676 -8.66807 -3.91301 1.25949 3.47098 2.56884 1.06698 -0.483115 -2.1172 -0.833659 4.3307 8.7927 8.11203 3.63008 -0.531362 -4.22266 -7.70999 -10.5318 -8.64705 -3.04235 1.17874 2.41291
14.655 -4.87123 -8.23719 -9.60365 -6.04663 -0.333188 3.18768 3.28785 1.65225 0.0454353 -1.20852 -1.71706 1.79742 7.66875 8.77701 5.55042 0.882936 -2.96871 -6.48831 -9.85866 -9.83673 -5.25406 -0.0757684 2.39199
14.705 -3.76883 -6.97586 -9.84598 -7.85528 -2.31306 2.28872 3.66481 2.40055 0.87345 -0.658856 -2.38085 -0.207754 5.81202 9.25053 7.46607 2.29447 -1.70077 -5.24089 -8.75652 -10.6057 -7.43706 -1.663 1.881
14.755 -2.66488 -5.63457 -9.12414 -9.09641 -4.53647 0.944889 3.68636 3.14603 1.47412 -0.343035 -2.02505 -1.06048 3.82576 8.61291 8.24761 3.98488 -0.234 -3.93672 -7.50006 -10.6176 -9.08665 -3.52994 0.998077
14.805 -1.5495 -4.26267 -7.96772 -9.90055 -6.70973 -0.811056 3.09707 3.67527 2.15071 0.414087 -1.02964 -1.97043 1.22396 7.27595 8.96617 6.04779 1.1361 -2.7108 -6.24823 -9.79559 -10.2431 -5.82913 -0.423634
14.855 -0.510268 -2.98138 -6.70191 -9.82174 -8.34701 -2.95487 1.97452 3.843 2.84362 1.26103 -0.505004 -2.41316 -0.468467 5.44296 9.20633 7.65142 2.61139 -1.38254 -4.94964 -8.58702 -10.9176 -8.00071 -2.07312
14.905 0.495956 -1.73166 -5.37481 -8.94597 -9.45826 -5.22111 0.449662 3.58834 3.48723 1.88439 -0.0460924 -1.77015 -1.31906 3.22238 8.4569 8.41766 4.35861 0.0554154 -3.65311 -7.2986 -10.7118 -9.56161 -4.05776
14.955 1.5651 -0.42839 -4.01383 -7.70712 -10.0654 -7.31306 -1.39077 2.78113 3.79104 2.54325 0.847384 -0.78079 -2.20952 0.634024 6.8856 9.22952 6.57187 1.38806 -2.45615 -6.01253 -9.75047 -10.6923 -6.43334
15.005 2.56799 0.813846 -2.7805 -6.45405 -9.70095 -8.75709 -3.63835 1.51532 3.77716 3.12747 1.60754 -0.291251 -2.35712 -0.694785 5.08852 9.16426 7.83646 2.9503 -1.05935 -4.65346 -8.43203 -11.2653 -8.62776
15.055 3.59526 2.12123 -1.56547 -5.14908 -8.72085 -9.72997 -5.89127 -0.121323 3.29565 3.59464 2.1957 0.301852 -1.44616 -1.58557 2.60735 8.32648 8.64711 4.77759 0.351146 -3.36538 -7.10823 -10.8683 -10.2193
15.105 4.69408 3.57168 -0.296001 -3.83309 -7.47016 -10.1164 -7.83393 -2.05546 2.31578 3.68719 2.76979 1.22497 -0.539416 -2.40456 0.155897 6.63032 9.47468 6.98209 1.69841 -2.16021 -5.78136 -9.79983 -11.4049
15.155 5.70626 5.0875 0.880576 -2.65233 -6.23529 -9.55631 -9.14951 -4.37649 0.904362 3.45823 3.22475 1.91474 -0.0265404 -2.3198 -1.02686 4.73331 9.20626 8.11373 3.35698 -0.710026 -4.37799 -8.41541 -11.8804
15.205 6.52664 6.59752 2.18191 -1.42662 -4.93643 -8.4894 -9.97682 -6.5811 -0.80628 2.74921 3.4316 2.41911 0.684535 -1.21603 -2.01568 1.95923 8.23377 9.00294 5.29912 0.688148 -3.08794 -7.03396 -11.2122
15.255 6.56445 7.72579 3.72551 -0.105996 -3.63476 -7.23948 -10.0996 -8.30438 -2.79027 1.67247 3.32772 2.81569 1.50919 -0.391194 -2.66154 -0.299575 6.40281 9.65769 7.28555 2.03897 -1.8652 -5.66342 -9.9437
15.305 5.95719 8.72145 5.4497 1.11917 -2.45463 -6.00933 -9.37918 -9.469 -5.08406 0.233708 2.98258 3.11302 2.03722 0.124357 -2.26345 -1.34745 4.26383 9.11106 8.26604 3.68563 -0.46872 -4.25272 -8.43597
15.355 5.07379 9.31333 7.015 2.49857 -1.18239 -4.71254 -8.24841 -10.1263 -7.16238 -1.44469 2.24821 3.1626 2.38096 0.845963 -1.03072 -2.31606 1.31865 7.94066 9.19927 5.69218 0.873667 -2.95207 -6.92003
15.405 3.89026 8.8665 8.10177 4.11149 0.150393 -3.43899 -7.0206 -10.0035 -8.67169 -3.46974 1.17084 3.01826 2.65578 1.51658 -0.348362 -2.74516 -0.611829 6.07986 9.64502 7.42622 2.28002 -1.65722 -5.43996
15.455 2.06142 7.60579 9.11671 5.99516 1.39248 -2.26623 -5.80215 -9.17196 -9.69692 -5.69964 -0.2794 2.63793 2.89614 1.91976 0.141347 -2.11137 -1.60997 3.71743 9.0158 8.45704 4.0148 -0.24253 -3.97767
15.505 0.302624 6.03216 9.41356 7.37492 2.84326 -0.930572 -4.50095 -7.99644 -10.1995 -7.6315 -1.92585 1.95404 2.93941 2.17485 0.800183 -0.955519 -2.53038 0.810835 7.71006 9.54044 6.18605 1.11825 -2.65999
15.555 -0.398221 3.76159 8.76508 8.34334 4.49982 0.393687 -3.25912 -6.80866 -9.85672 -8.95055 -4.02357 0.872907 2.84995 2.43024 1.32512 -0.440377 -2.74832 -0.756833 5.89518 9.78618 7.74217 2.67618 -1.25087
15.605 -1.01209 1.32915 7.32097 9.28857 6.45025 1.65638 -2.08489 -5.60933 -8.9515 -9.84999 -6.18323 -0.617585 2.47116 2.70602 1.66154 0.00962314 -1.93283 -1.77796 3.27337 9.19706 8.95406 4.60022 0.243296
15.655 -1.24695 0.252569 5.54271 9.18319 7.58356 3.16224 -0.701248 -4.3154 -7.76965 -10.1904 -7.96618 -2.31553 1.81776 2.83 1.91821 0.589055 -1.03525 -2.64687 0.629106 7.82901 10.1809 6.90997 1.70986
15.705 -0.624491 -0.397947 3.1436 8.31758 8.45387 4.88284 0.617522 -3.09573 -6.6091 -9.69116 -9.16801 -4.47609 0.664975 2.77751 2.24959 1.05203 -0.644879 -2.73942 -0.743308 5.97499 10.2942 8.43139 3.41732
15.755 0.00396981 -1.05267 0.970298 6.71821 9.23752 6.78976 1.93012 -1.88884 -5.41691 -8.72832 -9.96236 -6.58686 -0.898373 2.35946 2.57183 1.40349 -0.19121 -1.88325 -1.87219 3.15662 9.6554 9.78829 5.48027
15.805 0.0422763 -0.963327 0.122231 4.85492 8.86092 7.75378 3.50266 -0.46381 -4.1291 -7.55768 -10.1321 -8.237 -2.71269 1.64061 2.73574 1.70839 0.35307 -1.19892 -2.70623 0.68881 8.2061 11.0136 7.7504
15.855 0.0578083 -0.192916 -0.532318 2.42457 7.80581 8.57388 5.33356 0.868967 -2.91334 -6.40309 -9.5096 -9.36086 -4.91925 0.379303 2.66446 2.12522 0.816039 -0.854871 -2.71626 -0.686449 6.16139 10.993 9.30265
15.905 0.320775 0.218715 -1.08887 0.5729 6.11444 9.13354 7.0952 2.25258 -1.63909 -5.19577 -8.49164 -10.0538 -6.97821 -1.23759 2.20022 2.4669 1.19884 -0.376104 -1.90343 -1.98224 3.15897 10.2797 10.8638
15.955 0.423176 0.208108 -0.775944 -0.146 4.15112 8.55868 7.94016 3.89223 -0.192624 -3.9181 -7.33615 -10.0424 -8.4999 -3.1722 1.37764 2.63186 1.5598 0.159469 -1.38868 -2.81403 0.78667 8.77065 12.1031
16.005 0.377091 0.359917 0.0238892 -0.836002 1.69648 7.28728 8.76154 5.89339 1.15533 -2.70472 -6.1804 -9.31507 -9.55297 -5.39802 0.00348492 2.48927 2.04164 0.649163 -1.05937 -2.74794 -0.649124 6.50959 12.0222
16.055 0.408153 0.616006 0.268727 -1.24182 0.180388 5.57401 9.04696 7.41072 2.63784 -1.33525 -4.94101 -8.23931 -10.1352 -7.3846 -1.64299 1.96119 2.36369 1.05293 -0.577098 -2.03042 -1.81285 3.77939 11.1133
16.105 0.457215 0.640564 0.265094 -0.694818 -0.486047 3.43635 8.32792 8.17936 4.35018 0.12665 -3.66722 -7.09417 -9.92075 -8.77254 -3.69865 1.01425 2.48737 1.42557 -0.0771895 -1.55411 -2.19367 1.87634 9.29816
16.155 0.423198 0.618354 0.535397 0.0445551 -1.20557 1.03588 6.79862 9.00326 6.50517 1.47636 -2.46152 -5.93659 -9.1021 -9.74392 -5.9109 -0.438318 2.25676 1.90855 0.438016 -1.10521 -1.96895 0.304573 6.79432
16.205 0.385901 0.679491 0.741626 0.162646 -1.37696 -0.113726 5.08116 8.93994 7.69371 3.05151 -0.999985 -4.66403 -7.97709 -10.1903 -7.78882 -2.10431 1.68318 2.20701 0.870053 -0.589904 -1.50057 -0.803405 4.40551
16.255 0.375439 0.694137 0.730558 0.234994 -0.641035 -0.79231 2.7874 8.07509 8.40717 4.83674 0.460345 -3.39607 -6.83824 -9.78206 -9.05031 -4.24614 0.601076 2.2791 1.3141 -0.0767093 -1.17049 -1.20686 2.69877
16.305 0.299728 0.647199 0.765904 0.586378 -0.0463336 -1.49932 0.568991 6.3772 9.14355 6.97877 1.8337 -2.17105 -5.67277 -8.87983 -9.92513 -6.4215 -0.907748 1.97303 1.79649 0.441474 -0.793284 -1.09218 1.29081
16.355 0.0700485 0.63 0.863991 0.738121 0.00882008 -1.44202 -0.340047 4.60376 8.80016 7.9322 3.46942 -0.6584 -4.38192 -7.73025 -10.1976 -8.16526 -2.64312 1.34017 2.07789 0.857592 -0.358822 -0.819889 0.429466
16.405 -0.492429 0.457128 1.00424 0.747945 0.170713 -0.617889 -1.04678 2.23441 7.75988 8.60413 5.33619 0.783396 -3.12167 -6.58023 -9.63626 -9.33621 -4.81995 0.174789 2.11434 1.33033 0.117314 -0.545349 0.0129341
16.455 -1.42134 -0.0329839 1.17175 0.930882 0.558674 -0.183059 -1.67729 0.253068 5.96717 9.16516 7.31663 2.19075 -1.85424 -5.39709 -8.65592 -10.107 -6.93667 -1.36395 1.74966 1.78888 0.622782 -0.215653 -0.177254
16.505 -2.58337 -0.824304 1.34841 1.23094 0.714775 -0.140937 -1.43402 -0.541879 4.0997 8.61219 8.11664 3.87125 -0.333208 -4.1033 -7.4933 -10.1922 -8.54079 -3.19008 1.02214 2.04529 1.04342 0.137886 -0.172115
16.555 -3.85042 -2.03823 1.25447 1.61902 0.87099 0.140096 -0.618875 -1.30974 1.67975 7.36651 8.78304 5.86188 1.08636 -2.85391 -6.3254 -9.49238 -9.63492 -5.39476 -0.239162 2.02552 1.55019 0.552683 -0.0410565
16.605 -5.17811 -3.56108 0.802972 2.0121 1.24624 0.573584 -0.319196 -1.84129 -0.0536887 5.55466 9.12068 7.57714 2.55393 -1.51626 -5.10295 -8.42636 -10.291 -7.44693 -1.80738 1.59085 1.95311 0.98473 0.211418
16.655 -6.42519 -5.15545 -0.0747381 2.28271 1.78612 0.7964 -0.226934 -1.43149 -0.861664 3.50545 8.42016 8.30215 4.2888 -0.00107648 -3.80446 -7.24225 -10.1573 -8.91325 -3.7469 0.727873 2.13619 1.36568 0.524479
16.705 -7.51006 -6.81618 -1.43263 2.09292 2.35228 1.16742 0.228119 -0.64931 -1.73477 0.961454 6.90938 9.04348 6.49052 1.39305 -2.57029 -6.04631 -9.32527 -9.93017 -5.96908 -0.640851 1.98284 1.84036 0.924649
16.755 -7.90386 -8.14988 -3.19263 1.43115 2.81801 1.72825 0.701349 -0.448179 -2.08186 -0.431729 5.13662 9.05928 7.81847 2.94838 -1.14196 -4.76814 -8.16329 -10.4483 -7.93579 -2.23069 1.4674 2.14935 1.30015
16.805 -7.64195 -9.18017 -5.14267 0.187087 2.96051 2.49839 1.07158 -0.246785 -1.4277 -1.23947 2.83327 8.22067 8.49311 4.7286 0.336961 -3.4846 -6.97016 -10.0869 -9.27098 -4.29248 0.450131 2.2576 1.68493
16.855 -7.00555 -9.82575 -7.07903 -1.48957 2.48463 3.11076 1.70514 0.421412 -0.735233 -2.11573 0.405354 6.50158 9.21768 6.95807 1.705 -2.26938 -5.76145 -9.14721 -10.2126 -6.51962 -1.01293 1.97457 2.13924
16.905 -6.12032 -9.4348 -8.45689 -3.52697 1.50288 3.45507 2.41661 0.976633 -0.524492 -2.20158 -0.692007 4.70513 8.93405 7.98871 3.31584 -0.800372 -4.45623 -7.92873 -10.5705 -8.38599 -2.67802 1.3559 2.39089
16.955 -5.07232 -8.4539 -9.46578 -5.66383 -0.0175677 3.28511 3.1786 1.52752 -0.0899936 -1.35777 -1.55489 2.23927 7.94931 8.65541 5.15916 0.632475 -3.19269 -6.71389 -10.023 -9.64605 -4.83845 0.186456 2.42952
17.005 -3.96794 -7.2094 -9.89535 -7.58452 -1.92188 2.48197 3.61636 2.27627 0.747124 -0.71543 -2.33957 0.01403 6.12745 9.27634 7.25952 2.00836 -1.96609 -5.4826 -8.98115 -10.5113 -7.06827 -1.36725 1.9937
17.055 -2.866 -5.88254 -9.29606 -8.89983 -4.1286 1.22941 3.72777 3.01031 1.36387 -0.422036 -2.1603 -0.911405 4.24357 8.77455 8.12656 3.66298 -0.494772 -4.1677 -7.72383 -10.6946 -8.8384 -3.1432 1.21
17.105 -1.75622 -4.5138 -8.20045 -9.79093 -6.32742 -0.470739 3.24791 3.60751 2.01335 0.242255 -1.1796 -1.81126 1.67908 7.62012 8.81791 5.6053 0.897439 -2.92375 -6.47532 -9.98028 -10.0582 -5.40113 -0.134384
17.155 -0.690743 -3.20908 -6.93604 -9.91927 -8.09763 -2.53859 2.20017 3.82456 2.73163 1.13829 -0.567654 -2.42265 -0.288896 5.77088 9.27243 7.47486 2.31544 -1.65148 -5.19717 -8.8285 -10.8419 -7.63695 -1.77327
17.205 0.30736 -1.96054 -5.61994 -9.14003 -9.28894 -4.81162 0.75784 3.68073 3.39072 1.77397 -0.160292 -1.98591 -1.1518 3.73262 8.62284 8.28254 4.02219 -0.199165 -3.88255 -7.5318 -10.8268 -9.31836 -3.65181
17.255 1.36605 -0.669084 -4.25875 -7.94641 -10.0041 -6.96152 -1.03171 2.96866 3.76596 2.4176 0.663866 -0.927273 -2.05419 1.09293 7.25227 9.05558 6.12663 1.15358 -2.66319 -6.24266 -9.95566 -10.5134 -5.99311
17.305 2.39006 0.589025 -3.00096 -6.68673 -9.82965 -8.53061 -3.21797 1.77177 3.80374 3.01959 1.4935 -0.364386 -2.41139 -0.533339 5.43667 9.25879 7.67222 2.64427 -1.32599 -4.90319 -8.68496 -11.2123 -8.26122
17.355 3.40096 1.87164 -1.78859 -5.38907 -8.92938 -9.59054 -5.4937 0.199279 3.42467 3.53924 2.09398 0.158417 -1.67875 -1.409 3.12816 8.52106 8.49889 4.41869 0.100646 -3.59357 -7.35124 -11.0095 -9.95924
17.405 4.49591 3.30274 -0.520063 -4.0592 -7.69394 -10.1245 -7.53733 -1.65878 2.53877 3.70005 2.67225 1.06148 -0.663801 -2.29403 0.517626 6.94841 9.37765 6.65491 1.43492 -2.39238 -6.02682 -10.027 -11.2321
17.455 5.51754 4.79653 0.665698 -2.86501 -6.46527 -9.70616 -8.94107 -3.95069 1.18973 3.53491 3.14528 1.80384 -0.121266 -2.40721 -0.850345 5.12178 9.31871 7.94309 3.03406 -0.97658 -4.62654 -8.66707 -11.8756
17.505 6.4424 6.36706 1.92418 -1.66504 -5.18078 -8.70897 -9.86922 -6.20477 -0.483057 2.90495 3.4222 2.33832 0.530837 -1.42796 -1.84198 2.46509 8.48262 8.84462 4.91474 0.443122 -3.31373 -7.2875 -11.3989
17.555 6.61004 7.53824 3.43516 -0.336332 -3.8579 -7.45926 -10.1554 -8.04873 -2.38732 1.90207 3.36462 2.75609 1.38288 -0.497111 -2.61888 -0.0215454 6.73462 9.64883 7.04332 1.76679 -2.1128 -5.92312 -10.2025
17.605 6.11129 8.53841 5.11071 0.894597 -2.66722 -6.23579 -9.54746 -9.28923 -4.67086 0.521214 3.07717 3.06731 1.95507 0.0214728 -2.4098 -1.1742 4.71324 9.25976 8.1048 3.3659 -0.720532 -4.50373 -8.71659
17.655 5.24338 9.29944 6.78659 2.22404 -1.43474 -4.9593 -8.47594 -10.049 -6.81306 -1.13072 2.39874 3.16997 2.32456 0.703646 -1.21892 -2.16204 1.80376 8.24278 9.03218 5.28697 0.636833 -3.17658 -7.18882
17.705 4.14096 9.01367 7.92352 3.80791 -0.0817823 -3.66064 -7.23996 -10.0989 -8.44252 -3.06351 1.39554 3.05222 2.6134 1.42134 -0.434824 -2.75346 -0.389354 6.42972 9.68269 7.21063 1.99588 -1.917 -5.7191
17.755 2.48073 7.89578 8.91315 5.61241 1.16634 -2.4753 -6.02472 -9.35408 -9.54234 -5.3018 0.0112695 2.73955 2.8662 1.85922 0.0385361 -2.31383 -1.42524 4.24534 9.1598 8.26789 3.67265 -0.499468 -4.23665
17.805 0.523068 6.35729 9.44983 7.17126 2.55738 -1.18764 -4.74536 -8.22903 -10.1464 -7.3084 -1.61835 2.08915 2.93731 2.12969 0.677913 -1.11203 -2.38574 1.28578 8.04056 9.32641 5.74446 0.881024 -2.88274
17.855 -0.330636 4.25704 8.92792 8.17221 4.18082 0.161155 -3.47874 -7.02595 -9.97747 -8.74263 -3.61833 1.09982 2.87658 2.37855 1.24981 -0.509454 -2.78747 -0.56274 6.25717 9.83779 7.51588 2.3655 -1.52198
17.905 -0.887398 1.7095 7.6136 9.1482 6.12839 1.41454 -2.307 -5.83101 -9.14322 -9.72272 -5.80746 -0.326539 2.57039 2.67417 1.61472 -0.0859435 -2.18419 -1.58086 3.88505 9.32167 8.71936 4.21628 -0.0290981
17.955 -1.26571 0.392288 5.9015 9.27507 7.41459 2.87337 -0.954441 -4.54762 -7.98483 -10.1925 -7.69118 -1.9642 1.9714 2.81739 1.86755 0.486138 -1.14935 -2.51964 1.03528 8.11793 9.98964 6.52082 1.43438
18.005 -0.775591 -0.278485 3.59953 8.52948 8.29258 4.54215 0.383797 -3.3131 -6.82379 -9.82673 -8.97573 -4.07391 0.913129 2.80895 2.17533 0.978653 -0.706907 -2.79193 -0.546487 6.36141 10.3553 8.18925 3.08452
18.055 -0.0549437 -0.971506 1.23529 7.01462 9.18531 6.53798 1.66789 -2.13273 -5.64351 -8.92784 -9.85897 -6.23011 -0.60194 2.45828 2.53035 1.34943 -0.28889 -2.07326 -1.66878 3.70543 9.82472 9.53454 5.06921
18.105 0.0496938 -1.04085 0.246178 5.23302 8.98711 7.60467 3.20376 -0.717143 -4.35641 -7.76365 -10.1729 -7.99152 -2.3335 1.8186 2.72283 1.64636 0.25632 -1.28244 -2.59885 1.0448 8.5001 10.8755 7.41004
18.155 0.0284447 -0.323669 -0.407935 2.84923 8.06791 8.42196 4.96322 0.631619 -3.13042 -6.6156 -9.65965 -9.18361 -4.51681 0.64726 2.70691 2.0392 0.736618 -0.919911 -2.779 -0.460869 6.59701 11.0641 9.03437
18.205 0.279043 0.200967 -1.05262 0.765172 6.42124 9.14622 6.89006 1.97395 -1.90474 -5.43171 -8.6996 -9.96967 -6.63463 -0.935186 2.30123 2.41889 1.13788 -0.472831 -2.04539 -1.77386 3.68226 10.483 10.5799
18.255 0.419845 0.20919 -0.895623 -0.027903 4.56048 8.70864 7.80202 3.58015 -0.448172 -4.1451 -7.54173 -10.1153 -8.27046 -2.77632 1.57555 2.62033 1.48684 0.0635094 -1.4517 -2.71996 1.12075 9.0886 11.9883
18.305 0.381956 0.304615 -0.0951009 -0.700575 2.13408 7.60781 8.59013 5.46663 0.918635 -2.91689 -6.39131 -9.47832 -9.38825 -4.99479 0.288682 2.55113 1.95519 0.560645 -1.13158 -2.8287 -0.392808 7.0003 12.0956
18.355 0.395837 0.587783 0.268225 -1.24433 0.33499 5.89178 9.10227 7.23326 2.34288 -1.61183 -5.18137 -8.45652 -10.07 -7.05459 -1.33661 2.06899 2.3168 0.989942 -0.665853 -2.13714 -1.67071 4.1975 11.3622
18.405 0.453114 0.652552 0.258162 -0.878207 -0.369041 3.91884 8.49129 8.044 4.02154 -0.130665 -3.8956 -7.30303 -10.0236 -8.55641 -3.29107 1.22525 2.47976 1.35234 -0.167535 -1.62991 -2.17193 2.17488 9.67674
18.455 0.43476 0.61337 0.464904 -0.0572704 -1.06397 1.46447 7.1397 8.83476 6.08628 1.23457 -2.67611 -6.14682 -9.27741 -9.59586 -5.51556 -0.145525 2.33651 1.83123 0.343426 -1.1964 -2.06918 0.598991 7.32604
18.505 0.389167 0.667803 0.724082 0.163736 -1.41827 0.0192448 5.41443 9.03318 7.54194 2.74638 -1.27942 -4.90321 -8.19369 -10.1597 -7.48684 -1.77695 1.81083 2.16433 0.798205 -0.680927 -1.56949 -0.663821 4.77804
18.555 0.377161 0.698925 0.739725 0.19898 -0.816986 -0.66179 3.24888 8.27891 8.27766 4.48668 0.202185 -3.62533 -7.05045 -9.90569 -8.84852 -3.84065 0.834318 2.28688 1.22061 -0.168225 -1.22719 -1.17752 2.97156
18.605 0.323881 0.653853 0.750819 0.524017 -0.102364 -1.39837 0.878927 6.68524 9.06958 6.67876 1.56597 -2.41276 -5.8905 -9.06797 -9.80397 -6.04798 -0.61776 2.05796 1.72601 0.353243 -0.870449 -1.14343 1.52456
18.655 0.132122 0.637413 0.841819 0.727953 0.00477752 -1.51908 -0.217478 4.95784 8.92732 7.80303 3.15883 -0.934141 -4.61494 -7.93559 -10.2204 -7.90497 -2.27908 1.50085 2.04515 0.781792 -0.441139 -0.867594 0.545677
18.705 -0.361844 0.509797 0.976505 0.737531 0.11406 -0.756951 -0.913643 2.65343 8.01611 8.47997 4.96069 0.529403 -3.34753 -6.79294 -9.77922 -9.14933 -4.41557 0.423478 2.13424 1.23083 0.0271388 -0.596892 0.0702151
18.755 -1.22898 0.0737055 1.13511 0.889031 0.503739 -0.208582 -1.62117 0.481285 6.2714 9.16351 7.09101 1.9073 -2.11972 -5.62597 -8.85783 -10.009 -6.58022 -1.07355 1.83876 1.72192 0.539268 -0.278234 -0.160028
18.805 -2.36298 -0.645255 1.32926 1.1635 0.695538 -0.154802 -1.54032 -0.414525 4.48408 8.76347 7.99826 3.55337 -0.604448 -4.33486 -7.69988 -10.2506 -8.30328 -2.8106 1.20366 2.01908 0.965153 0.0687503 -0.183581
18.855 -3.61184 -1.78982 1.30152 1.54664 0.820887 0.0609449 -0.730559 -1.17118 2.09395 7.68291 8.6541 5.44533 0.837822 -3.07458 -6.53934 -9.65376 -9.46217 -4.9903 0.0243362 2.06213 1.45279 0.470989 -0.0739172
18.905 -4.93833 -3.26927 0.896788 1.93578 1.17617 0.516965 -0.332671 -1.82086 0.132107 5.86694 9.16863 7.39515 2.25798 -1.79534 -5.34253 -8.64346 -10.2148 -7.10443 -1.51394 1.68658 1.89499 0.916271 0.162125
18.955 -6.21101 -4.86154 0.127759 2.26167 1.67674 0.757443 -0.260281 -1.58149 -0.713873 3.95568 8.58648 8.18341 3.95803 -0.269645 -4.03827 -7.45705 -10.2549 -8.6903 -3.35148 0.929963 2.1196 1.29239 0.460858
19.005 -7.32021 -6.50391 -1.15349 2.17447 2.25714 1.06908 0.110589 -0.759008 -1.56645 1.4362 7.29638 8.86652 6.00374 1.15691 -2.77845 -6.26081 -9.50489 -9.76986 -5.563 -0.359894 2.052 1.76057 0.84271
19.055 -7.89655 -7.9326 -2.85101 1.58471 2.73936 1.61141 0.637561 -0.459415 -2.10009 -0.277846 5.46606 9.14815 7.66626 2.64345 -1.42225 -5.0124 -8.39466 -10.3955 -7.60864 -1.93325 1.57209 2.1029 1.24312
19.105 -7.72107 -9.01325 -4.77918 0.451683 2.97844 2.3615 0.99456 -0.318662 -1.63041 -1.07413 3.35155 8.40515 8.36974 4.38221 0.0750616 -3.71624 -7.19102 -10.2117 -9.05913 -3.88893 0.671562 2.2544 1.60322
19.155 -7.13739 -9.7738 -6.76312 -1.14989 2.62148 3.02385 1.57392 0.283834 -0.820905 -1.97376 0.787849 6.83739 9.11388 6.60222 1.44829 -2.49717 -5.98241 -9.34306 -10.0754 -6.1271 -0.726844 2.06289 2.07286
19.205 -6.29897 -9.56566 -8.23519 -3.14512 1.72606 3.42015 2.26681 0.888191 -0.557623 -2.25922 -0.548517 5.05778 9.05562 7.85618 3.00661 -1.07311 -4.693 -8.15045 -10.5735 -8.09968 -2.33548 1.5079 2.35926
19.255 -5.27035 -8.66023 -9.313 -5.27736 0.288045 3.36252 3.05824 1.41117 -0.212539 -1.53003 -1.38499 2.70489 8.18594 8.5317 4.79135 0.378931 -3.41927 -6.93876 -10.1726 -9.44337 -4.42477 0.434852 2.44855
19.305 -4.16582 -7.43813 -9.90677 -7.29428 -1.54061 2.66769 3.5631 2.14412 0.604834 -0.787531 -2.25426 0.29658 6.4428 9.25039 7.00078 1.73375 -2.21496 -5.7148 -9.19613 -10.3971 -6.68586 -1.07354 2.10219
19.355 -3.0673 -6.12967 -9.45285 -8.68968 -3.72069 1.49885 3.74707 2.86779 1.2546 -0.487441 -2.26055 -0.766808 4.62696 8.91951 8.00058 3.34782 -0.75912 -4.40031 -7.94659 -10.7395 -8.57403 -2.77278 1.40473
19.405 -1.9635 -4.76694 -8.42439 -9.66499 -5.93837 -0.139357 3.377 3.52523 1.8819 0.0842911 -1.33767 -1.65155 2.12092 7.91071 8.69061 5.20742 0.650737 -3.14494 -6.70493 -10.1533 -9.86226 -4.97453 0.142824
19.455 -0.872853 -3.43694 -7.16596 -9.98731 -7.83371 -2.1307 2.41773 3.80295 2.61524 1.00292 -0.637837 -2.39491 -0.0722965 6.08967 9.30245 7.26981 2.02783 -1.91664 -5.44408 -9.06289 -10.7468 -7.25847 -1.47224
19.505 0.121843 -2.18859 -5.86407 -9.32108 -9.10458 -4.39908 1.05432 3.75142 3.2789 1.66014 -0.257135 -2.14043 -0.99883 4.16672 8.78379 8.15286 3.69651 -0.45699 -4.11415 -7.7634 -10.9132 -9.06323 -3.26182
19.555 1.16753 -0.911476 -4.50883 -8.18543 -9.91277 -6.58844 -0.68911 3.13534 3.72582 2.29211 0.485043 -1.08734 -1.89885 1.55702 7.60634 8.88997 5.67124 0.919557 -2.87239 -6.47525 -10.1505 -10.3209 -5.55138
19.605 2.21172 0.365254 -3.22257 -6.91776 -9.93558 -8.28867 -2.79645 2.01053 3.80932 2.92074 1.3729 -0.438399 -2.43583 -0.355448 5.76969 9.32774 7.49289 2.34591 -1.593 -5.15594 -8.93796 -11.1325 -7.87408
19.655 3.20856 1.62657 -2.01124 -5.62917 -9.12521 -9.43209 -5.08787 0.511375 3.53771 3.46968 1.99225 0.0334648 -1.91977 -1.23601 3.66879 8.6814 8.3487 4.07442 -0.152381 -3.82419 -7.59313 -11.1249 -9.6878
19.705 4.29173 3.03136 -0.751852 -4.29572 -7.92637 -10.0839 -7.20433 -1.29078 2.73946 3.69944 2.5667 0.884167 -0.813191 -2.14604 0.962572 7.29159 9.21127 6.2397 1.19186 -2.60677 -6.26592 -10.2379 -11.0326
19.755 5.33344 4.51491 0.453373 -3.07768 -6.69265 -9.83869 -8.71859 -3.5235 1.46128 3.59231 3.06013 1.68936 -0.210386 -2.46624 -0.669821 5.4855 9.4102 7.76469 2.71949 -1.24508 -4.88136 -8.92518 -11.8209
19.805 6.32392 6.1185 1.67548 -1.89413 -5.41995 -8.91904 -9.74309 -5.8166 -0.164198 3.05247 3.40307 2.25461 0.383171 -1.66882 -1.65676 3.00959 8.68718 8.68386 4.54725 0.193159 -3.54439 -7.54088 -11.5634
19.855 6.63262 7.34324 3.1484 -0.571684 -4.08576 -7.68012 -10.1817 -7.77276 -1.9956 2.12263 3.39584 2.68794 1.24061 -0.620151 -2.53131 0.32232 7.0624 9.57807 6.74749 1.50817 -2.34471 -6.1749 -10.4505
19.905 6.24405 8.35367 4.78362 0.672671 -2.87952 -6.4611 -9.70202 -9.09377 -4.2522 0.798919 3.15596 3.01285 1.8664 -0.0748699 -2.52144 -1.00062 5.12801 9.39182 7.94063 3.05569 -0.9739 -4.75759 -8.99571
19.955 5.40045 9.24888 6.54364 1.95892 -1.68032 -5.20214 -8.69557 -9.95433 -6.45092 -0.820324 2.54232 3.17191 2.26587 0.561481 -1.42963 -1.99267 2.31332 8.4994 8.86405 4.9025 0.395541 -3.40767 -7.46216
