0 0.786895 0.940065 -0.655496 -0.995903 5.6137 6.09489 0.697286 0.0204871 3.09158 3.83606 2.1959 5.21409
1 0.786895 0.940065 -0.655496 -0.995903 5.6137 6.09489 0.697286 0.0204871 3.28501 3.66115 2.11027 5.90899
2 0.7576 0.684763 -0.628141 -0.778225 5.52166 5.29284 0.751858 1.10887 3.43346 3.46534 1.82437 5.68583
3 0.7576 0.684763 -0.628141 -0.778225 5.52166 5.29284 0.751858 1.10887 3.74283 3.60769 1.74185 5.46519
4 0.991925 0.561183 -0.780123 0.128291 6.25782 4.9046 0.448655 5.64145 4.01803 3.80349 1.71246 5.00788
5 0.836066 0.876645 -0.804924 0.0816375 5.76817 5.89565 0.399176 5.40819 4.58868 3.8435 1.47674 5.91319
6 0.80969 0.58862 -0.789431 -0.494015 5.68531 4.9908 0.430086 2.52993 5.22252 3.98589 1.32865 5.82437
7 0.80969 0.58862 -0.789431 -0.494015 5.68531 4.9908 0.430086 2.52993 4.80428 3.88689 1.24713 5.8383
8 0.80969 0.58862 -0.789431 -0.494015 5.68531 4.9908 0.430086 2.52993 4.94341 3.51727 1.04711 4.76845
9 0.818195 0.580441 -0.785351 -0.481845 5.71203 4.9651 0.438225 2.59077 4.85636 3.36884 0.986514 4.59458
10 0.818195 0.580441 -0.785351 -0.481845 5.71203 4.9651 0.438225 2.59077 5.16328 3.10091 0.970704 4.89317
11 0.818195 0.580441 -0.785351 -0.481845 5.71203 4.9651 0.438225 2.59077 5.18997 3.15002 0.737682 5.06808
12 0.818195 0.580441 -0.785351 -0.481845 5.71203 4.9651 0.438225 2.59077 5.42284 2.90125 0.573914 4.51685
13 0.818195 0.580441 -0.785351 -0.481845 5.71203 4.9651 0.438225 2.59077 5.36244 3.53264 0.550419 4.34682
14 0.818195 0.580441 -0.785351 -0.481845 5.71203 4.9651 0.438225 2.59077 5.17332 3.73614 0.526113 4.02677
15 0.818195 0.580441 -0.785351 -0.481845 5.71203 4.9651 0.438225 2.59077 5.19674 3.92346 0.578288 3.34546
16 0.818195 0.580441 -0.785351 -0.481845 5.71203 4.9651 0.438225 2.59077 5.21801 4.09243 0.521937 2.82903
17 0.818195 0.799396 -0.785351 -0.481845 5.71203 5.65297 0.438225 2.59077 5.31912 4.84508 0.569401 2.1218
18 0.818195 0.799396 -0.785351 -0.481845 5.71203 5.65297 0.438225 2.59077 5.39279 4.7641 0.657017 1.816
19 0.936877 0.840229 -0.787137 -0.492579 6.08488 5.78125 0.434661 2.53711 5.55025 4.57701 0.531105 1.70579
20 0.936877 0.840229 -0.787137 -0.492579 6.08488 5.78125 0.434661 2.53711 5.61419 4.60734 0.526353 1.52373
21 0.936877 0.840229 -0.787137 -0.492579 6.08488 5.78125 0.434661 2.53711 5.61382 4.49574 0.502363 1.36393
22 0.936877 0.840229 -0.787137 -0.492579 6.08488 5.78125 0.434661 2.53711 5.74659 4.83199 0.474072 1.77609
23 0.936877 0.840229 -0.787137 -0.492579 6.08488 5.78125 0.434661 2.53711 5.81135 5.22705 0.448727 2.05462
24 0.951603 0.660192 -0.787137 -0.492579 6.13114 5.21565 0.434661 2.53711 5.72896 5.2914 0.503554 2.48194
25 0.951603 0.660192 -0.787137 -0.492579 6.13114 5.21565 0.434661 2.53711 5.85024 5.31029 0.512777 2.2051
26 0.951603 0.660192 -0.787137 -0.492579 6.13114 5.21565 0.434661 2.53711 5.81201 5.35559 0.497731 2.22424
27 0.951603 0.660192 -0.787137 -0.492579 6.13114 5.21565 0.434661 2.53711 5.65489 5.22524 0.323507 2.27949
28 0.951603 0.660192 -0.787137 -0.492579 6.13114 5.21565 0.434661 2.53711 5.41108 5.15781 0.449398 2.16824
29 0.951603 0.660192 -0.787137 -0.492579 6.13114 5.21565 0.434661 2.53711 5.578 4.99609 0.49416 2.18265
30 0.951603 0.660192 -0.787137 -0.492579 6.13114 5.21565 0.434661 2.53711 5.6518 5.22914 0.629179 1.93866
31 0.951603 0.660192 -0.787137 -0.492579 6.13114 5.21565 0.434661 2.53711 5.42533 4.93063 0.649579 2.41733
32 0.951603 0.660192 -0.787137 -0.492579 6.13114 5.21565 0.434661 2.53711 5.25216 4.75421 0.553161 2.59758
33 0.951603 0.660192 -0.787137 -0.492579 6.13114 5.21565 0.434661 2.53711 4.91398 4.8832 0.738053 2.94346
34 0.951603 0.660192 -0.787137 -0.492579 6.13114 5.21565 0.434661 2.53711 4.92585 4.51648 0.709728 2.98673
35 0.951603 0.660192 -0.787137 -0.492579 6.13114 5.21565 0.434661 2.53711 4.84667 4.54503 0.642856 2.85783
36 0.951603 0.660192 -0.787137 -0.492579 6.13114 5.21565 0.434661 2.53711 4.82241 4.4488 0.631583 2.93126
37 0.951603 0.660192 -0.787137 -0.492579 6.13114 5.21565 0.434661 2.53711 4.84893 4.67679 0.69101 2.88785
38 0.951603 0.660192 -0.787137 -0.492579 6.13114 5.21565 0.434661 2.53711 4.61765 4.55952 0.679932 2.82628
39 0.951603 0.660192 -0.787137 -0.492579 6.13114 5.21565 0.434661 2.53711 4.97966 4.74989 0.675335 2.63169
40 0.951603 0.660192 -0.787137 -0.492579 6.13114 5.21565 0.434661 2.53711 4.93139 4.82892 0.723118 2.29181
41 0.951603 0.674465 -0.787137 -0.492579 6.13114 5.26049 0.434661 2.53711 5.26423 5.09057 0.672172 2.03484
42 0.951603 0.674465 -0.787137 -0.492579 6.13114 5.26049 0.434661 2.53711 5.38545 5.13473 0.789506 1.84387
43 0.951603 0.674465 -0.787137 -0.492579 6.13114 5.26049 0.434661 2.53711 5.36892 5.3674 0.697501 2.00009
44 0.951603 0.674465 -0.787137 -0.492579 6.13114 5.26049 0.434661 2.53711 5.51504 5.22283 0.6925 1.88898
45 0.951603 0.674465 -0.787137 -0.492579 6.13114 5.26049 0.434661 2.53711 5.37646 5.06689 0.851216 1.92558
46 0.951603 0.674465 -0.787137 -0.492579 6.13114 5.26049 0.434661 2.53711 5.57739 4.9728 1.07795 1.78185
47 0.951603 0.674465 -0.787137 -0.492579 6.13114 5.26049 0.434661 2.53711 5.58119 5.14083 1.40613 2.21698
48 0.951603 0.674465 -0.787137 -0.492579 6.13114 5.26049 0.434661 2.53711 5.615 5.09622 1.09018 2.29367
49 0.951603 0.674427 -0.787137 -0.492579 6.13114 5.26037 0.434661 2.53711 5.57949 5.19583 1.06501 2.3427
50 0.951603 0.674427 -0.787137 -0.492579 6.13114 5.26037 0.434661 2.53711 5.69748 5.28104 1.09309 2.64431
51 0.951603 0.674427 -0.787137 -0.492579 6.13114 5.26037 0.434661 2.53711 5.77535 5.14276 1.1297 2.97358
52 0.951603 0.674427 -0.787137 -0.492579 6.13114 5.26037 0.434661 2.53711 5.86865 5.25327 1.23769 3.06642
53 0.951603 0.674427 -0.787137 -0.492579 6.13114 5.26037 0.434661 2.53711 5.82462 5.33116 1.16678 3.14307
54 0.951603 0.674427 -0.787137 -0.492579 6.13114 5.26037 0.434661 2.53711 5.72918 5.35792 1.10035 3.05623
55 0.951603 0.674427 -0.787137 -0.492579 6.13114 5.26037 0.434661 2.53711 5.6026 5.29961 1.16439 2.89006
56 0.951603 0.674427 -0.787137 -0.492579 6.13114 5.26037 0.434661 2.53711 5.46969 5.13544 1.16447 2.70145
57 0.951603 0.674427 -0.787137 -0.492579 6.13114 5.26037 0.434661 2.53711 5.56642 4.98634 0.93582 2.73254
58 0.951603 0.674427 -0.787137 -0.492579 6.13114 5.26037 0.434661 2.53711 5.7864 4.95067 0.855438 2.76764
59 0.951603 0.674427 -0.787137 -0.492579 6.13114 5.26037 0.434661 2.53711 5.69608 4.97845 0.784241 2.89376
60 0.951603 0.674427 -0.787137 -0.492579 6.13114 5.26037 0.434661 2.53711 5.4867 5.13109 0.946003 2.56932
61 0.951603 0.674427 -0.787137 -0.492579 6.13114 5.26037 0.434661 2.53711 5.37282 5.12583 0.785906 2.43372
62 0.951603 0.674427 -0.787137 -0.492579 6.13114 5.26037 0.434661 2.53711 5.43746 5.17355 0.751163 2.05503
63 0.951603 0.674427 -0.787137 -0.492579 6.13114 5.26037 0.434661 2.53711 5.31449 4.93323 0.929164 2.08995
64 0.951603 0.674427 -0.787137 -0.492579 6.13114 5.26037 0.434661 2.53711 5.35741 5.01381 0.828387 2.43315
65 0.951603 0.674427 -0.787137 -0.492579 6.13114 5.26037 0.434661 2.53711 5.5771 5.02911 0.785395 2.21587
66 0.951603 0.674427 -0.787137 -0.492579 6.13114 5.26037 0.434661 2.53711 5.45643 4.7728 0.660104 2.24441
67 0.951603 0.674427 -0.787137 -0.492579 6.13114 5.26037 0.434661 2.53711 5.55982 4.65782 0.602856 2.21666
68 0.951603 0.674427 -0.787137 -0.492579 6.13114 5.26037 0.434661 2.53711 5.51931 4.70467 0.601307 2.09961
69 0.951603 0.674427 -0.787137 -0.492579 6.13114 5.26037 0.434661 2.53711 5.62306 4.48095 0.692029 2.00716
70 0.951603 0.674427 -0.787137 -0.492579 6.13114 5.26037 0.434661 2.53711 5.60329 4.18638 0.701457 2.26291
71 0.951603 0.674427 -0.787137 -0.492579 6.13114 5.26037 0.434661 2.53711 5.3332 4.41514 0.775985 2.07793
72 0.951603 0.674427 -0.787137 -0.492579 6.13114 5.26037 0.434661 2.53711 5.36667 4.64 0.829579 2.07178
73 0.951603 0.674427 -0.787137 -0.492579 6.13114 5.26037 0.434661 2.53711 5.43517 4.60322 0.854316 2.19377
74 0.951603 0.674427 -0.787137 -0.492579 6.13114 5.26037 0.434661 2.53711 5.50551 4.61205 0.789939 1.99297
75 0.951603 0.674427 -0.787137 -0.492579 6.13114 5.26037 0.434661 2.53711 5.43089 4.78352 0.606219 2.36165
76 0.951603 0.674427 -0.787137 -0.492579 6.13114 5.26037 0.434661 2.53711 5.35677 4.71484 0.594464 2.60865
77 0.951603 0.674427 -0.787137 -0.492579 6.13114 5.26037 0.434661 2.53711 5.77423 4.83859 0.620165 2.60982
78 0.951603 0.674427 -0.787137 -0.492579 6.13114 5.26037 0.434661 2.53711 5.7539 4.67444 0.542673 2.51687
79 0.951603 0.674427 -0.787137 -0.492579 6.13114 5.26037 0.434661 2.53711 5.75731 4.43985 0.568295 2.81213
80 0.951603 0.674427 -0.787137 -0.492579 6.13114 5.26037 0.434661 2.53711 5.66179 4.62206 0.597194 2.54042
81 0.951603 0.674427 -0.787137 -0.492579 6.13114 5.26037 0.434661 2.53711 5.64216 4.68211 0.753941 2.5818
82 0.951603 0.674427 -0.787137 -0.492579 6.13114 5.26037 0.434661 2.53711 5.66115 4.85199 0.644108 2.42991
83 0.951603 0.674427 -0.787137 -0.492579 6.13114 5.26037 0.434661 2.53711 5.52291 4.91406 0.635734 2.57022
84 0.875431 0.674427 -0.787137 -0.755603 5.89184 5.26037 0.434661 1.22199 5.724 4.66603 0.528222 2.51288
85 0.875431 0.674427 -0.787137 -0.755603 5.89184 5.26037 0.434661 1.22199 5.52194 4.93439 0.606219 2.66435
86 0.875431 0.674427 -0.787137 -0.755603 5.89184 5.26037 0.434661 1.22199 5.48876 5.08944 0.397071 2.39201
87 0.875431 0.674427 -0.787137 -0.755603 5.89184 5.26037 0.434661 1.22199 5.52822 5.01124 0.431894 2.38889
88 0.875431 0.674427 -0.787137 -0.755603 5.89184 5.26037 0.434661 1.22199 5.76172 5.18102 0.619864 2.61213
89 0.875431 0.674427 -0.787137 -0.755603 5.89184 5.26037 0.434661 1.22199 5.58062 5.14006 0.628722 2.72149
90 0.875431 0.674427 -0.787137 -0.755603 5.89184 5.26037 0.434661 1.22199 5.22963 5.11064 0.488513 2.95559
91 0.875431 0.674427 -0.787137 -0.755603 5.89184 5.26037 0.434661 1.22199 5.08663 5.2014 0.43143 3.13157
92 0.875431 0.674427 -0.787137 -0.755603 5.89184 5.26037 0.434661 1.22199 5.20618 5.07199 0.474346 3.23628
93 0.875431 0.674427 -0.787137 -0.755603 5.89184 5.26037 0.434661 1.22199 5.04456 5.27796 0.532581 2.50784
94 0.875431 0.674427 -0.787137 -0.755603 5.89184 5.26037 0.434661 1.22199 5.08304 5.08126 0.513072 2.34022
95 0.875431 0.674427 -0.787137 -0.755603 5.89184 5.26037 0.434661 1.22199 5.04844 4.87723 0.742185 2.11687
96 0.875431 0.674427 -0.787137 -0.755603 5.89184 5.26037 0.434661 1.22199 5.31947 4.91215 0.787302 1.65869
97 0.875431 0.674427 -0.787137 -0.755603 5.89184 5.26037 0.434661 1.22199 5.29839 4.84762 0.80372 2.02063
98 0.875431 0.674427 -0.787137 -0.755603 5.89184 5.26037 0.434661 1.22199 5.33577 4.72324 0.546011 2.14125
99 0.875431 0.674427 -0.787137 -0.755603 5.89184 5.26037 0.434661 1.22199 5.39537 4.64054 0.522289 2.05129
100 0.875431 0.674427 -0.787137 -0.755603 5.89184 5.26037 0.434661 1.22199 5.47585 4.68869 0.528902 1.74558
101 0.875431 0.674427 -0.787137 -0.755603 5.89184 5.26037 0.434661 1.22199 5.70032 4.61533 0.537805 1.5282
102 0.875431 0.674427 -0.787137 -0.755603 5.89184 5.26037 0.434661 1.22199 5.59314 4.73526 0.548873 1.58464
103 0.875431 0.674427 -0.787137 -0.755603 5.89184 5.26037 0.434661 1.22199 5.70258 4.51839 0.572112 1.38398
104 0.875431 0.674427 -0.787137 -0.755603 5.89184 5.26037 0.434661 1.22199 5.64929 4.70147 0.495498 1.58926
105 0.875431 0.674427 -0.787137 -0.755603 5.89184 5.26037 0.434661 1.22199 5.66575 4.57799 0.523015 1.52362
106 0.875431 0.674427 -0.787137 -0.755603 5.89184 5.26037 0.434661 1.22199 5.66979 4.59485 0.645081 1.62639
107 0.875431 0.674427 -0.787137 -0.755603 5.89184 5.26037 0.434661 1.22199 5.56281 4.65823 0.660329 1.69201
108 0.875431 0.674427 -0.787137 -0.755603 5.89184 5.26037 0.434661 1.22199 5.58423 4.70892 0.724807 1.80182
109 0.875431 0.674427 -0.787137 -0.755603 5.89184 5.26037 0.434661 1.22199 5.55448 5.0249 0.512253 2.05684
110 0.875431 0.674427 -0.787137 -0.755603 5.89184 5.26037 0.434661 1.22199 5.67959 4.74505 0.565596 2.26132
111 0.875431 0.674427 -0.787137 -0.755603 5.89184 5.26037 0.434661 1.22199 5.51011 4.61912 0.679109 2.34406
112 0.875431 0.674427 -0.787137 -0.755603 5.89184 5.26037 0.434661 1.22199 5.6559 4.74809 0.652059 2.7351
113 0.875431 0.674427 -0.787137 -0.755603 5.89184 5.26037 0.434661 1.22199 5.66705 4.46433 0.612706 2.2098
114 0.875431 0.674427 -0.787137 -0.755603 5.89184 5.26037 0.434661 1.22199 5.66828 4.55866 0.709023 2.43602
115 0.875431 0.674427 -0.787137 -0.755603 5.89184 5.26037 0.434661 1.22199 5.56503 4.20304 0.745862 2.90113
116 0.875431 0.674427 -0.787137 -0.755603 5.89184 5.26037 0.434661 1.22199 5.45543 4.28013 0.815464 2.93423
117 0.875431 0.674427 -0.787137 -0.755603 5.89184 5.26037 0.434661 1.22199 5.26595 4.19489 0.75284 2.87255
118 0.875431 0.674427 -0.787137 -0.755603 5.89184 5.26037 0.434661 1.22199 5.35604 4.56675 0.712972 2.8344
119 0.875431 0.674427 -0.787137 -0.755603 5.89184 5.26037 0.434661 1.22199 5.38497 4.51138 0.707624 2.7867
120 0.875431 0.674427 -0.787137 -0.755603 5.89184 5.26037 0.434661 1.22199 5.62474 4.28569 0.587692 2.45436
121 0.875431 0.674427 -0.787137 -0.755603 5.89184 5.26037 0.434661 1.22199 5.63086 4.45345 0.656172 2.21528
122 0.875431 0.674427 -0.787137 -0.755603 5.89184 5.26037 0.434661 1.22199 5.67116 4.57471 0.612914 2.31316
123 0.875431 0.674427 -0.787137 -0.755603 5.89184 5.26037 0.434661 1.22199 5.51035 4.77287 0.626587 2.39561
124 0.875431 0.674427 -0.787137 -0.755603 5.89184 5.26037 0.434661 1.22199 5.79517 4.49679 0.584295 2.90851
125 0.875431 0.674427 -0.787137 -0.755603 5.89184 5.26037 0.434661 1.22199 5.67143 4.51729 0.516786 2.91009
126 0.875431 0.674427 -0.787137 -0.755603 5.89184 5.26037 0.434661 1.22199 5.8088 4.54502 0.498542 2.60809
127 0.875431 0.674427 -0.787137 -0.755603 5.89184 5.26037 0.434661 1.22199 5.8066 4.72268 0.531615 2.16927
128 0.875431 0.674427 -0.787137 -0.755603 5.89184 5.26037 0.434661 1.22199 5.89674 4.92767 0.549477 1.92565
129 0.875431 0.674427 -0.787137 -0.755603 5.89184 5.26037 0.434661 1.22199 6.02238 5.069 0.654937 1.69114
130 0.875431 0.674427 -0.787137 -0.755603 5.89184 5.26037 0.434661 1.22199 6.00649 5.10408 0.70268 1.73447
131 0.875431 0.674427 -0.787137 -0.755603 5.89184 5.26037 0.434661 1.22199 5.92969 5.23549 0.763273 1.85792
132 0.875431 0.674427 -0.787137 -0.755603 5.89184 5.26037 0.434661 1.22199 5.76187 5.10671 0.738364 1.96688
133 0.875431 0.674427 -0.787137 -0.755603 5.89184 5.26037 0.434661 1.22199 5.61512 5.21703 0.657696 1.71415
134 0.875431 0.674427 -0.787137 -0.755603 5.89184 5.26037 0.434661 1.22199 5.68347 5.32965 0.634531 2.17199
135 0.875431 0.674427 -0.787137 -0.755603 5.89184 5.26037 0.434661 1.22199 5.57194 5.41562 0.620708 2.51654
136 0.875431 0.674427 -0.787137 -0.755603 5.89184 5.26037 0.434661 1.22199 5.4893 5.34076 0.564772 2.319
137 0.875431 0.674427 -0.787137 -0.755603 5.89184 5.26037 0.434661 1.22199 5.39997 5.2596 0.536801 1.99412
138 0.875431 0.674427 -0.787137 -0.755603 5.89184 5.26037 0.434661 1.22199 5.61276 5.2677 0.536812 1.81832
139 0.875431 0.674427 -0.787137 -0.755603 5.89184 5.26037 0.434661 1.22199 5.46392 5.2623 0.503028 2.04926
140 0.875431 0.674427 -0.787137 -0.755603 5.89184 5.26037 0.434661 1.22199 5.53874 5.3437 0.487132 1.79423
141 0.875431 0.674427 -0.787137 -0.755603 5.89184 5.26037 0.434661 1.22199 5.51123 5.24501 0.571665 2.04335
142 0.875431 0.674427 -0.787137 -0.755603 5.89184 5.26037 0.434661 1.22199 5.3756 5.27561 0.551162 2.3003
143 0.875431 0.674427 -0.787137 -0.755603 5.89184 5.26037 0.434661 1.22199 5.45836 5.22354 0.497338 1.62619
144 0.875431 0.674427 -0.787137 -0.755603 5.89184 5.26037 0.434661 1.22199 5.53219 5.09536 0.45829 1.52973
145 0.875431 0.674427 -0.787137 -0.755603 5.89184 5.26037 0.434661 1.22199 5.48959 5.35948 0.51346 1.73285
146 0.875431 0.674427 -0.787137 -0.755603 5.89184 5.26037 0.434661 1.22199 5.69492 5.37822 0.475026 1.89067
147 0.879814 0.676169 -0.787937 -0.758685 5.90561 5.26584 0.433066 1.20657 5.59902 5.45197 0.486277 2.09866
148 0.879814 0.676169 -0.787937 -0.758685 5.90561 5.26584 0.433066 1.20657 5.74135 5.33743 0.501387 1.72236
149 0.879814 0.676169 -0.787937 -0.758685 5.90561 5.26584 0.433066 1.20657 5.64149 5.31693 0.480054 1.58315
150 0.879814 0.676169 -0.787937 -0.758685 5.90561 5.26584 0.433066 1.20657 5.67749 5.46364 0.460207 1.32568
151 0.879814 0.676169 -0.787937 -0.758685 5.90561 5.26584 0.433066 1.20657 5.65779 5.52105 0.287858 1.0517
152 0.879814 0.676169 -0.787937 -0.758685 5.90561 5.26584 0.433066 1.20657 5.70005 5.3383 0.34123 1.26262
153 0.879814 0.676169 -0.787937 -0.758685 5.90561 5.26584 0.433066 1.20657 5.71268 5.23709 0.423374 1.39997
154 0.879814 0.676169 -0.787937 -0.758685 5.90561 5.26584 0.433066 1.20657 5.73745 4.95233 0.400826 1.31213
155 0.879814 0.676169 -0.787937 -0.758685 5.90561 5.26584 0.433066 1.20657 5.80492 4.96493 0.448846 1.13964
156 0.879814 0.676169 -0.787937 -0.758685 5.90561 5.26584 0.433066 1.20657 5.91856 5.0343 0.442462 0.918955
157 0.879814 0.676169 -0.787937 -0.758685 5.90561 5.26584 0.433066 1.20657 5.93942 4.84083 0.42531 1.07891
158 0.879814 0.676169 -0.787937 -0.758685 5.90561 5.26584 0.433066 1.20657 5.89934 4.84899 0.510088 1.19263
159 0.879814 0.676169 -0.787937 -0.758685 5.90561 5.26584 0.433066 1.20657 5.95412 4.90096 0.46511 1.18212
160 0.879814 0.676169 -0.787937 -0.758685 5.90561 5.26584 0.433066 1.20657 5.8039 5.13567 0.415375 1.39707
161 0.879814 0.676169 -0.787937 -0.758685 5.90561 5.26584 0.433066 1.20657 5.87229 5.03005 0.449718 1.46166
162 0.879814 0.676169 -0.787937 -0.758685 5.90561 5.26584 0.433066 1.20657 5.90469 5.02261 0.511867 1.56779
163 0.879814 0.676169 -0.787937 -0.758685 5.90561 5.26584 0.433066 1.20657 5.86531 5.32753 0.447077 1.34504
164 0.879814 0.676169 -0.787937 -0.758685 5.90561 5.26584 0.433066 1.20657 5.67332 5.21232 0.431637 1.43281
165 0.879814 0.676169 -0.787937 -0.761817 5.90561 5.26584 0.433066 1.19092 5.74377 5.25968 0.47385 1.51111
166 0.879814 0.676169 -0.787937 -0.761817 5.90561 5.26584 0.433066 1.19092 5.81574 5.3839 0.481311 1.74418
167 0.879814 0.676169 -0.787937 -0.761817 5.90561 5.26584 0.433066 1.19092 5.74407 5.21337 0.397785 2.05955
168 0.879814 0.676169 -0.787937 -0.761817 5.90561 5.26584 0.433066 1.19092 5.71291 5.16451 0.465384 1.9192
169 0.879814 0.676169 -0.787937 -0.761817 5.90561 5.26584 0.433066 1.19092 5.6312 4.97379 0.399348 2.06729
170 0.879814 0.676169 -0.787937 -0.761817 5.90561 5.26584 0.433066 1.19092 5.70082 4.8004 0.614325 1.71895
171 0.879814 0.676169 -0.787937 -0.761817 5.90561 5.26584 0.433066 1.19092 5.52784 4.73258 0.538985 1.84778
172 0.879814 0.676169 -0.787937 -0.761817 5.90561 5.26584 0.433066 1.19092 5.58603 4.91065 0.658644 1.53096
173 0.879814 0.676169 -0.787937 -0.761817 5.90561 5.26584 0.433066 1.19092 5.33287 5.0028 0.676434 1.71729
174 0.879814 0.676169 -0.787937 -0.761817 5.90561 5.26584 0.433066 1.19092 5.36019 5.07428 0.806448 1.84833
175 0.879814 0.676169 -0.787937 -0.761817 5.90561 5.26584 0.433066 1.19092 5.35408 5.13628 0.800217 1.69662
176 0.879814 0.676169 -0.787937 -0.761817 5.90561 5.26584 0.433066 1.19092 5.36939 5.14386 0.98161 1.53971
177 0.879814 0.676169 -0.787937 -0.761817 5.90561 5.26584 0.433066 1.19092 5.43506 5.00986 0.787231 1.11305
178 0.879814 0.676169 -0.787937 -0.761817 5.90561 5.26584 0.433066 1.19092 5.38238 5.02143 0.692988 0.86671
179 0.879814 0.676169 -0.787937 -0.761817 5.90561 5.26584 0.433066 1.19092 5.41453 5.02042 0.681781 0.870617
180 0.879814 0.676169 -0.787937 -0.761817 5.90561 5.26584 0.433066 1.19092 5.42383 5.00713 0.72977 1.08376
181 0.879814 0.676169 -0.787937 -0.761817 5.90561 5.26584 0.433066 1.19092 5.35541 5.21525 0.569338 0.881344
182 0.879814 0.676169 -0.787937 -0.761817 5.90561 5.26584 0.433066 1.19092 5.44306 5.26845 0.516717 1.11157
183 0.879814 0.676169 -0.787937 -0.761817 5.90561 5.26584 0.433066 1.19092 5.3588 5.15544 0.552796 1.12673
184 0.879814 0.676169 -0.787937 -0.761817 5.90561 5.26584 0.433066 1.19092 5.37057 5.13524 0.538441 1.03314
185 0.879814 0.676169 -0.787937 -0.761817 5.90561 5.26584 0.433066 1.19092 5.65516 5.06352 0.557951 0.806623
186 0.879814 0.676169 -0.787937 -0.761817 5.90561 5.26584 0.433066 1.19092 5.72567 5.10609 0.49098 0.694342
187 0.879814 0.676169 -0.787937 -0.761817 5.90561 5.26584 0.433066 1.19092 5.75505 5.1758 0.526426 0.720623
188 0.879814 0.676169 -0.787937 -0.761817 5.90561 5.26584 0.433066 1.19092 5.77081 5.08613 0.548683 0.707718
189 0.879814 0.676169 -0.787937 -0.761817 5.90561 5.26584 0.433066 1.19092 5.52523 5.06579 0.608812 0.675087
190 0.879814 0.676169 -0.787937 -0.761817 5.90561 5.26584 0.433066 1.19092 5.53292 5.06155 0.450445 0.6734
191 0.879814 0.676169 -0.787937 -0.761817 5.90561 5.26584 0.433066 1.19092 5.48903 5.08731 0.4463 0.736734
192 0.879814 0.676169 -0.787937 -0.761817 5.90561 5.26584 0.433066 1.19092 5.55042 5.30891 0.548253 0.995612
193 0.879814 0.676169 -0.787937 -0.761817 5.90561 5.26584 0.433066 1.19092 5.6103 5.13907 0.577913 0.71874
194 0.879814 0.676169 -0.787937 -0.761817 5.90561 5.26584 0.433066 1.19092 5.41271 5.00835 0.587022 0.911634
195 0.879814 0.676169 -0.787937 -0.761817 5.90561 5.26584 0.433066 1.19092 5.449 5.02034 0.563952 0.827845
196 0.879814 0.676169 -0.787937 -0.761817 5.90561 5.26584 0.433066 1.19092 5.54958 4.85993 0.5253 0.960196
197 0.879814 0.676169 -0.787937 -0.761817 5.90561 5.26584 0.433066 1.19092 5.63065 4.86103 0.583744 0.870677
198 0.879814 0.676169 -0.787937 -0.761817 5.90561 5.26584 0.433066 1.19092 5.62571 4.59982 0.538961 1.14552
199 0.879814 0.676169 -0.787937 -0.761817 5.90561 5.26584 0.433066 1.19092 5.57961 4.66421 0.477499 1.52907
200 0.879814 0.676169 -0.787937 -0.761817 5.90561 5.26584 0.433066 1.19092 5.56086 4.78491 0.481114 1.5079
