10.005 0
10.055 0.000244262
10.105 0.000191916
10.155 0.000204325
10.205 0.000227512
10.255 0.000200174
10.305 0.000212363
10.355 0.00022073
10.405 0.000211769
10.455 0.000231993
10.505 0.000236842
10.555 0.00025364
10.605 0.000264824
10.655 0.000245075
10.705 0.000259481
10.755 0.00025621
10.805 0.000236431
10.855 0.000240829
10.905 0.000231801
10.955 0.000221451
11.005 0.000215817
11.055 0.00021368
11.105 0.000222724
11.155 0.000202515
11.205 0.000205092
11.255 0.000234615
11.305 0.000195418
11.355 0.000208115
11.405 0.000229554
11.455 0.000205571
11.505 0.000211159
11.555 0.000218771
11.605 0.000209382
11.655 0.00022182
11.705 0.000207457
11.755 0.000203245
11.805 0.000240967
11.855 0.000197853
11.905 0.000204083
11.955 0.000234646
12.005 0.000205137
12.055 0.000214128
12.105 0.00022619
12.155 0.000205421
12.205 0.000218264
12.255 0.000209613
12.305 0.000201708
12.355 0.000228633
12.405 0.00019602
12.455 0.000202369
12.505 0.000238313
12.555 0.000196876
12.605 0.000209052
12.655 0.000227614
12.705 0.000208766
12.755 0.000225683
12.805 0.00024196
12.855 0.000248926
12.905 0.000258182
12.955 0.0002484
13.005 0.000257604
13.055 0.000258952
13.105 0.000236649
13.155 0.000247378
13.205 0.000233119
13.255 0.000219338
13.305 0.000220948
13.355 0.000214668
13.405 0.000215182
13.455 0.000207005
13.505 0.000207242
13.555 0.000224725
13.605 0.000198441
13.655 0.000206633
13.705 0.000241078
13.755 0.00020283
13.805 0.000206245
13.855 0.000227788
13.905 0.000208449
13.955 0.000213762
14.005 0.00021471
14.055 0.00020546
14.105 0.000220603
14.155 0.000202689
14.205 0.000202182
14.255 0.000249553
14.305 0.000200614
14.355 0.000212251
14.405 0.000239021
14.455 0.000203721
14.505 0.000212229
14.555 0.000219845
14.605 0.000201064
14.655 0.00021638
14.705 0.000203866
14.755 0.000199779
14.805 0.000230996
14.855 0.000198105
14.905 0.00020849
14.955 0.000235806
15.005 0.0002054
15.055 0.00022116
15.105 0.00024483
15.155 0.000244418
15.205 0.000255879
15.255 0.000254159
15.305 0.000251003
15.355 0.000254794
15.405 0.000239785
15.455 0.000251382
15.505 0.000233397
15.555 0.000219134
15.605 0.000228809
15.655 0.00021288
15.705 0.000211588
15.755 0.000213007
15.805 0.000208171
15.855 0.000214097
15.905 0.00020326
15.955 0.00020687
16.005 0.000236138
16.055 0.000203915
16.105 0.000205129
16.155 0.000239857
16.205 0.000206132
16.255 0.000208974
16.305 0.000224009
16.355 0.000204814
16.405 0.000210968
16.455 0.00020909
16.505 0.000203157
16.555 0.000224497
16.605 0.000204345
16.655 0.000210205
16.705 0.000254197
16.755 0.000199337
16.805 0.000209228
16.855 0.000231607
16.905 0.000199364
16.955 0.000210058
17.005 0.000213698
17.055 0.000198829
17.105 0.000217352
17.155 0.000204911
17.205 0.000204784
17.255 0.000235257
17.305 0.000204566
17.355 0.000220639
17.405 0.000248699
17.455 0.000238662
17.505 0.000255318
17.555 0.000258337
17.605 0.000247395
17.655 0.00025376
17.705 0.000245794
17.755 0.00024384
17.805 0.000234007
17.855 0.000221334
17.905 0.000236381
17.955 0.000208914
18.005 0.000209435
18.055 0.000221635
18.105 0.000205331
18.155 0.000209065
18.205 0.000209633
18.255 0.000207517
18.305 0.000221369
18.355 0.000209015
18.405 0.000204337
18.455 0.00024331
18.505 0.000204554
18.555 0.000207962
18.605 0.000236541
18.655 0.000203025
18.705 0.000205774
18.755 0.000217858
18.805 0.000202933
18.855 0.00021273
18.905 0.000209909
18.955 0.000209708
19.005 0.000237108
19.055 0.000203709
19.105 0.00020762
19.155 0.000246194
19.205 0.000196055
19.255 0.000206114
19.305 0.000223893
19.355 0.000196886
19.405 0.000210018
19.455 0.000214334
19.505 0.000203573
19.555 0.0002218
19.605 0.000209505
19.655 0.000215875
19.705 0.000251078
19.755 0.000233682
19.805 0.000257453
19.855 0.000262955
19.905 0.000245467
19.955 0.000254441
