0 0.07919874348 0.007948585813 0.0004736573569
1 0.08608144569 0.007512735871 0.0005924166597
2 0.1056510473 0.01299253102 0.001018809288
3 0.1056510473 0.01127496339 0.0007970132643
4 0.1056510473 0.009980941323 0.000585511859
5 0.1380403156 0.01682537968 0.00150095888
6 0.1380403156 0.01652568888 0.001436687571
7 0.1865830672 0.01902150554 0.00243553111
8 0.1865830672 0.01476209429 0.002322317377
9 0.3354829376 0.0237980811 0.006424028438
10 0.3354829376 0.03775880795 0.009479578611
11 0.3354829376 0.03182382878 0.00870356478
12 0.3354829376 0.04661299099 0.01037033895
13 0.3354829376 0.03610753113 0.006870617818
14 0.3354829376 0.05126868491 0.01196057506
15 0.5731128835 0.06552583087 0.01937788694
16 0.6687065329 0.0662365877 0.03290651033
17 0.7084903686 0.1297535124 0.05321527282
18 0.7489273558 0.1908127489 0.07768629548
19 0.7489273558 0.1359275661 0.05256048248
20 0.7883890558 0.1522142886 0.05547604972
21 0.7883890558 0.114140318 0.03775447478
22 0.7883890558 0.09695506559 0.03057042448
23 0.7883890558 0.1012576661 0.0317529553
24 0.7883890558 0.1599493469 0.05352110145
25 0.8541009857 0.2201744635 0.08752747844
26 0.8541009857 0.1974821927 0.07295454639
27 0.8541009857 0.2387501682 0.07869244694
28 0.8541009857 0.1991518584 0.07192891982
29 0.8541009857 0.1184392434 0.04283050271
30 0.8541009857 0.1491121829 0.05415233775
31 0.8541009857 0.1801395003 0.07273608182
32 0.8541009857 0.1769317406 0.06075776564
33 0.8541009857 0.1307687796 0.04314571724
34 0.8541009857 0.1439237438 0.05358557331
35 0.8541009857 0.1064611624 0.05598844176
36 0.8541009857 0.13197842 0.06811246986
37 0.8541009857 0.08406738486 0.03931160851
38 0.8541009857 0.08138059936 0.03690017628
39 0.8815349142 0.1553620131 0.08185507265
40 0.8815349142 0.1545605657 0.0749941081
41 0.8815349142 0.1257037471 0.06716042698
42 0.8815349142 0.1365241005 0.07040633319
43 0.8815349142 0.1194139733 0.04927925997
44 0.8815349142 0.07831281118 0.03473959709
45 0.8815349142 0.1122948705 0.07143876436
46 0.8815349142 0.1174521065 0.07014329936
47 0.8815349142 0.150229419 0.07805926856
48 0.8815349142 0.1374062017 0.04986197343
49 0.8815349142 0.06590410789 0.03822849782
50 0.9404837157 0.1611856386 0.1063209806
51 0.9584866805 0.1262608536 0.07538325376
52 0.9584866805 0.1018789729 0.05075674269
53 0.9584866805 0.1125875514 0.06808019553
54 0.9584866805 0.1396879443 0.08293956445
55 0.9584866805 0.08808488295 0.05005487313
56 0.9584866805 0.0955020472 0.04780599307
57 0.9584866805 0.1310190081 0.05501385104
58 0.9584866805 0.1393096943 0.08062812337
59 0.9584866805 0.1284133113 0.07575433638
60 0.9584866805 0.05942691984 0.04130361759
61 0.9584866805 0.1157123403 0.05492220314
62 0.9584866805 0.132655323 0.07513984712
63 0.9584866805 0.1216273904 0.06782051593
64 0.9584866805 0.1161605328 0.06832772479
65 0.9584866805 0.1667325448 0.09705707288
66 0.9584866805 0.1533442829 0.07473223535
67 0.9584866805 0.1519442485 0.08631857923
68 0.9584866805 0.1711571826 0.07498534339
69 0.9584866805 0.1891396386 0.07838024167
70 0.9584866805 0.1221914391 0.05142503383
71 0.9584866805 0.1750978652 0.06732799123
72 0.9584866805 0.1934512324 0.08042314169
73 0.9584866805 0.3097021699 0.1273046832
74 0.9584866805 0.1934410432 0.0692396608
75 0.9584866805 0.2203357775 0.1013721185
76 0.9584866805 0.241979552 0.08729276097
77 0.9584866805 0.2665397125 0.1133141015
78 0.9584866805 0.1950259383 0.07848760757
79 0.9584866805 0.1559857158 0.06098824313
80 0.9584866805 0.1843381142 0.06668860104
81 0.9584866805 0.2443249702 0.09638627339
82 0.9584866805 0.2396123218 0.09831033663
83 0.9584866805 0.2076551562 0.08017821704
84 0.9584866805 0.1930568631 0.0830419142
85 0.9584866805 0.2514613285 0.1165683963
86 0.9584866805 0.1242881765 0.05559116267
87 0.9584866805 0.1610834396 0.0582366593
88 0.9958226282 0.2051766163 0.08788236485
89 0.9958226282 0.2467315281 0.1236998835
90 0.9958226282 0.1292097636 0.05939483179
91 0.9958226282 0.1517060658 0.07628984521
92 0.9958226282 0.2444998641 0.1030109582
93 0.9958226282 0.2252432265 0.1175572285
94 0.9958226282 0.1516538499 0.05191144028
95 0.9958226282 0.2225802421 0.09859271419
96 0.9958226282 0.1883525239 0.09390825048
97 0.9958226282 0.1995895098 0.08138853863
98 0.9958226282 0.266712489 0.09182465437
99 0.9958226282 0.2485869999 0.09720763227
100 0.9958226282 0.2059644773 0.08741901587
101 0.9958226282 0.2281605458 0.1050072921
102 0.9958226282 0.2051150034 0.1262739983
103 0.9958226282 0.19269623 0.09913655918
104 0.9958226282 0.1650264088 0.1009343738
105 0.9958226282 0.113513385 0.06298513373
106 0.9958226282 0.1526705194 0.08378789258
107 0.9958226282 0.1909484295 0.1112516064
108 0.9958226282 0.1493467356 0.08252305674
109 0.9958226282 0.2170716441 0.1038507176
110 0.9958226282 0.210954062 0.1244600585
111 0.9958226282 0.2570640967 0.147154304
112 0.9958226282 0.1880101038 0.07432393781
113 0.9958226282 0.2000444095 0.08213734877
114 0.9958226282 0.1173068358 0.05630914106
115 0.9958226282 0.222024947 0.1091231431
116 0.9958226282 0.1770120644 0.05882203166
117 0.9958226282 0.1259223241 0.0596961776
118 0.9958226282 0.1512831263 0.09430836602
119 0.9958226282 0.1926945619 0.07982927991
120 0.9958226282 0.1557358983 0.08625525408
121 0.9958226282 0.1668151634 0.08017970023
122 0.9958226282 0.108457291 0.04738793643
123 0.9958226282 0.1623414291 0.08385841161
124 0.9958226282 0.1002188172 0.04768719972
125 0.9958226282 0.1014779121 0.04870304514
126 0.9958226282 0.1215838017 0.05100208854
127 0.9958226282 0.159925262 0.07470305244
128 0.9958226282 0.1192736193 0.04826233056
129 0.9958226282 0.1685805453 0.07822750928
130 0.9958226282 0.2432912049 0.1073081422
131 0.9958226282 0.1264044228 0.06517770676
132 0.9958226282 0.1001794881 0.05228631317
133 0.9958226282 0.183638662 0.09726705802
134 0.9958226282 0.1384424753 0.07087892782
135 0.9958226282 0.1123650472 0.08268579619
136 0.9958226282 0.08065536042 0.05869742435
137 0.9958226282 0.06501990067 0.04901508495
138 0.9958226282 0.1915704735 0.1327751873
139 0.9958226282 0.06435397215 0.04458176377
140 0.9958226282 0.180818777 0.1152138533
141 0.9958226282 0.2328979432 0.1192525455
142 0.9958226282 0.147446886 0.05753678303
143 0.9958226282 0.1211165542 0.06067400672
144 0.9958226282 0.1663262866 0.09068841387
145 0.9958226282 0.1696095955 0.08415597091
146 0.9958226282 0.1600636991 0.09428537601
147 0.9958226282 0.1236849364 0.07287932308
148 0.9958226282 0.1678409266 0.08420317131
149 0.9958226282 0.1195613896 0.07299373494
150 0.9958226282 0.08829902538 0.05522864736
151 0.9958226282 0.1207752672 0.05926398963
152 0.9958226282 0.135989069 0.05476584259
153 0.9958226282 0.08746812198 0.0478945274
154 0.9958226282 0.1250364999 0.07283966395
155 0.9958226282 0.130216174 0.07910690264
156 0.9958226282 0.08990232551 0.0626637379
157 0.9958226282 0.1031549649 0.0582365713
158 0.9958226282 0.09948721298 0.04817621476
159 0.9958226282 0.1385701956 0.07574609897
160 0.9958226282 0.205844406 0.1126461957
161 0.9958226282 0.1000403257 0.04642717069
162 0.9958226282 0.1824876289 0.07658102947
163 0.9967851139 0.2498156982 0.1308141266
164 0.9967851139 0.1877730997 0.1055903544
165 0.9967851139 0.1902118306 0.09811758359
166 0.9967851139 0.1566325287 0.09188307687
167 0.9967851139 0.1926103765 0.094273809
168 0.9967851139 0.3238565401 0.1755072665
169 0.9967851139 0.2970374209 0.1657708757
170 0.9967851139 0.1829987622 0.097034815
171 0.9967851139 0.07807315147 0.04627749611
172 0.9967851139 0.09782085802 0.05872300473
173 0.9967851139 0.06285514699 0.04520490399
174 0.9967851139 0.1190899943 0.05815587354
175 0.9967851139 0.1193783743 0.06010289564
176 0.9967851139 0.2103722683 0.1234971283
177 0.9967851139 0.1391318721 0.09744406103
178 0.9967851139 0.06729724745 0.04553118521
179 0.9967851139 0.09647095017 0.06695418881
180 0.9967851139 0.121621357 0.06717960623
181 0.9967851139 0.1547940735 0.09201908041
182 0.9967851139 0.1576705348 0.08446754842
183 0.9967851139 0.1526264898 0.080722405
184 0.9967851139 0.09692300053 0.07733813041
185 0.9967851139 0.07955046676 0.04558623451
186 0.9967851139 0.1387377443 0.08121799092
187 0.9967851139 0.1031962982 0.04988058799
188 0.9967851139 0.1703524115 0.0797638293
189 0.9967851139 0.1665525749 0.1009088832
190 0.9967851139 0.1365008095 0.08558612472
191 0.9967851139 0.1982840672 0.1187217979
192 0.9967851139 0.2465984491 0.1450319438
193 0.9967851139 0.2115066918 0.1323552318
194 0.9967851139 0.1764521207 0.08154464907
195 0.9967851139 0.224845602 0.107006876
196 0.9967851139 0.1554302545 0.06682651295
197 0.9967851139 0.187875886 0.08864513086
198 0.9967851139 0.1738584997 0.08710199241
199 0.9967851139 0.2270599359 0.09735923895
200 0.9967851139 0.1691304859 0.1082424913
