1 -0.282195 -0.234525 -0.204666 -1.85905 -0.703747 -117.041 -0.121287 -0.11088 1.35378 2.08845 -0.238709 -0.939409
2 0.377516 -0.580382 -0.076988 0.466863 5.57594 -1.15905 0.132543 -0.236236 0.172072 0.145881 0.736006 17.8165
3 0 0 -0 0 0 0 0 0 0 0 0 0
4 0 0 -0 0 0 0 0 0 0 0 0 0
5 -0.358571 -1.96823 0.0760531 -0.689148 -1.35873 -5.21037 -0.153123 -0.440154 -0.133862 -0.275659 -0.679365 -0.676982
6 0 -0 -0 0 -0 -0 0 0 0 0 0 0
7 0.798449 -1.78527 0.00497286 1.19636 0.685413 -1.23751 0.258249 0.690467 -0.0108741 0.205367 -0.383423 2.09581
8 0 0 -0 0 -0 0 0 0 0 0 0 0
9 0.131193 0.822976 0.244066 0.339314 -0.292368 -1.48286 0.0606504 0.147856 -0.542247 0.106134 0.447069 -0.192668
10 0 0 -0 0 -0 -0 0 0 0 0 0 0
11 0 0 -0 0 -0 -0 0 0 0 0 0 0
12 0 0 -0 0 -0 -0 0 0 0 0 0 0
13 0 0 -0 0 -0 -0 0 0 0 0 0 0
14 0 0 -0 0 -0 -0 0 0 0 0 0 0
15 -0.225602 -0.292951 -0.0761375 -0.0798571 0.327183 3.59972 -0.111232 -0.0835873 0.459727 -0.0302442 -0.244654 -0.279737
16 0.00640251 0.130187 -0.046308 -0.0668616 -0.0461627 0.0576415 0.00275051 0.0286597 0.176967 -0.0240269 0.060651 -0.0286059
17 0.223822 -0.699265 0.06571 -0.210843 -0.395809 0.365034 0.0965041 -0.169132 -0.203476 -0.0724416 0.467665 -0.197241
18 -0.201902 3.82272 -0.041911 0.399544 0.481889 -0.0843787 -0.097161 0.334662 0.17364 0.116793 -0.234392 0.0775273
19 0 0 -0 0 -0 -0 0 0 0 0 0 0
20 0.203711 -0.699579 -0.015952 0.151844 -0.544863 -0.0879621 0.0866582 -0.221305 0.0539518 0.0556243 0.512971 0.068676
21 0 0 -0 0 -0 -0 0 0 0 0 0 0
22 0 0 -0 0 -0 -0 0 0 0 0 0 0
23 0 0 -0 0 -0 -0 0 0 0 0 0 0
24 0 0 -0 0 -0 -0 0 0 0 0 0 0
25 -0.065383 0.275115 0.00823594 0.0011872 1.07513 0.159758 -0.0308099 0.0335763 -0.0260076 0.000474543 -0.304492 -0.106448
26 0 0 -0 0 -0 -0 0 0 0 0 0 0
27 0 0 -0 0 -0 -0 0 0 0 0 0 0
28 0 0 -0 0 -0 -0 0 0 0 0 0 0
29 0 0 -0 0 -0 -0 0 0 0 0 0 0
30 0 0 -0 0 -0 -0 0 0 0 0 0 0
31 0 0 -0 0 -0 -0 0 0 0 0 0 0
32 0 0 -0 0 -0 -0 0 0 0 0 0 0
33 0 0 -0 0 -0 -0 0 0 0 0 0 0
34 0 0 -0 0 -0 -0 0 0 0 0 0 0
35 0 0 -0 0 -0 -0 0 0 0 0 0 0
36 0 0 -0 0 -0 -0 0 0 0 0 0 0
37 0 0 -0 0 -0 -0 0 0 0 0 0 0
38 0 0 -0 0 -0 -0 0 0 0 0 0 0
39 0 -3.52567 0.0127206 0 -0.679506 0.143852 0 -0.530844 -0.0415816 0 0.574187 -0.124405
40 0 -0 -0 0 -0 -0 0 0 0 0 0 0
41 0 -0 -0 0 -0 -0 0 0 0 0 0 0
42 0 -0 -0 0 -0 -0 0 0 0 0 0 0
43 0 -0 -0 0 -0 -0 0 0 0 0 0 0
44 0 -0 -0 0 -0 -0 0 0 0 0 0 0
45 0 -0 -0 0 -0 -0 0 0 0 0 0 0
46 0 -0 -0 0 -0 -0 0 0 0 0 0 0
47 0 -0 -0 0 -0 -0 0 0 0 0 0 0
48 0 -0 -0 0 -0 -0 0 0 0 0 0 0
49 0 -0 -0 0 -0 -0 0 0 0 0 0 0
50 0.0928249 -1.04293 0.000682383 -0.0608998 -0.223428 -0.206559 0.0421807 0.845359 -0.00235698 -0.0243599 0.038438 0.233364
51 -0.0105271 16.3584 -0 0 0.73652 -0 -0.00501611 0.308496 0 0 -0.0947563 0
52 0 0 -0 0 -0 -0 0 0 0 0 0 0
53 0 0 -0 0 -0 -0 0 0 0 0 0 0
54 0 0 -0 0 -0 -0 0 0 0 0 0 0
55 0 0 -0 0 -0 -0 0 0 0 0 0 0
56 0 0 -0 0 -0 -0 0 0 0 0 0 0
57 0 0 -0 0 -0 -0 0 0 0 0 0 0
58 0 0 -0 0 -0 -0 0 0 0 0 0 0
59 0 0 -0 0 -0 -0 0 0 0 0 0 0
60 0 0 -0 0 -0 -0 0 0 0 0 0 0
61 0 0 -0 0 -0 -0 0 0 0 0 0 0
62 0 0 -0 0 -0 -0 0 0 0 0 0 0
63 0 0 -0 0 -0 -0 0 0 0 0 0 0
64 0 0 -0 0 -0 -0 0 0 0 0 0 0
65 0 0 -0 0 -0 -0 0 0 0 0 0 0
66 0 0 -0 0 -0 -0 0 0 0 0 0 0
67 0 0 -0 0 -0 -0 0 0 0 0 0 0
68 0 0 -0 0 -0 -0 0 0 0 0 0 0
69 0 0 -0 0 -0 -0 0 0 0 0 0 0
70 0 0 -0 0 -0 -0 0 0 0 0 0 0
71 0 0 -0 0 -0 -0 0 0 0 0 0 0
72 0 0 -0 0 -0 -0 0 0 0 0 0 0
73 0 0 -0 0 -0 -0 0 0 0 0 0 0
74 0 0 -0 0 -0 -0 0 0 0 0 0 0
75 0 0 -0 0 -0 -0 0 0 0 0 0 0
76 0 0 -0 0 -0 -0 0 0 0 0 0 0
77 0 0 -0 0 -0 -0 0 0 0 0 0 0
78 0 0 -0 0 -0 -0 0 0 0 0 0 0
79 0 0 -0 0 -0 -0 0 0 0 0 0 0
80 0 0 -0 0 -0 -0 0 0 0 0 0 0
81 0 0 -0 0 -0 -0 0 0 0 0 0 0
82 0 0 -0 0 -0 -0 0 0 0 0 0 0
83 0 0 -0 0 -0 -0 0 0 0 0 0 0
84 0 0 -0 0 -0 -0 0 0 0 0 0 0
85 0 0 -0 0 -0 -0 0 0 0 0 0 0
86 0 0 -0 0 -0 -0 0 0 0 0 0 0
87 0 0 -0 0 -0 -0 0 0 0 0 0 0
88 -0.0024333 -0.519756 0.00616642 -0.395402 0.578968 -0.480307 -0.00115303 -0.130031 -0.021364 -0.152237 -0.142887 0.349086
89 0 0 -0 0 -0 -0 0 0 0 0 0 0
90 0 0 -0 0 -0 -0 0 0 0 0 0 0
91 0 0 -0 0 -0 -0 0 0 0 0 0 0
92 0 0 -0 0 -0 -0 0 0 0 0 0 0
93 0 0 -0 0 -0 -0 0 0 0 0 0 0
94 0 0 -0 0 -0 -0 0 0 0 0 0 0
95 0 0 -0 0 -0 -0 0 0 0 0 0 0
96 0 0 -0 0 -0 -0 0 0 0 0 0 0
97 0 0 -0 0 -0 -0 0 0 0 0 0 0
98 0 0 -0 0 -0 -0 0 0 0 0 0 0
99 0 0 -0 0 -0 -0 0 0 0 0 0 0
100 0 0 -0 0 -0 -0 0 0 0 0 0 0
101 0 0 -0 0 -0 -0 0 0 0 0 0 0
102 0 0 -0 0 -0 -0 0 0 0 0 0 0
103 0 0 -0 0 -0 -0 0 0 0 0 0 0
104 0 0 -0 0 -0 -0 0 0 0 0 0 0
105 0 0 -0 0 -0 -0 0 0 0 0 0 0
106 0 0 -0 0 -0 -0 0 0 0 0 0 0
107 0 0 -0 0 -0 -0 0 0 0 0 0 0
108 0 0 -0 0 -0 -0 0 0 0 0 0 0
109 0 0 -0 0 -0 -0 0 0 0 0 0 0
110 0 0 -0 0 -0 -0 0 0 0 0 0 0
111 0 0 -0 0 -0 -0 0 0 0 0 0 0
112 0 0 -0 0 -0 -0 0 0 0 0 0 0
113 0 0 -0 0 -0 -0 0 0 0 0 0 0
114 0 0 -0 0 -0 -0 0 0 0 0 0 0
115 0 0 -0 0 -0 -0 0 0 0 0 0 0
116 0 0 -0 0 -0 -0 0 0 0 0 0 0
117 0 0 -0 0 -0 -0 0 0 0 0 0 0
118 0 0 -0 0 -0 -0 0 0 0 0 0 0
119 0 0 -0 0 -0 -0 0 0 0 0 0 0
120 0 0 -0 0 -0 -0 0 0 0 0 0 0
121 0 0 -0 0 -0 -0 0 0 0 0 0 0
122 0 0 -0 0 -0 -0 0 0 0 0 0 0
123 0 0 -0 0 -0 -0 0 0 0 0 0 0
124 0 0 -0 0 -0 -0 0 0 0 0 0 0
125 0 0 -0 0 -0 -0 0 0 0 0 0 0
126 0 0 -0 0 -0 -0 0 0 0 0 0 0
127 0 0 -0 0 -0 -0 0 0 0 0 0 0
128 0 0 -0 0 -0 -0 0 0 0 0 0 0
129 0 0 -0 0 -0 -0 0 0 0 0 0 0
130 0 0 -0 0 -0 -0 0 0 0 0 0 0
131 0 0 -0 0 -0 -0 0 0 0 0 0 0
132 0 0 -0 0 -0 -0 0 0 0 0 0 0
133 0 0 -0 0 -0 -0 0 0 0 0 0 0
134 0 0 -0 0 -0 -0 0 0 0 0 0 0
135 0 0 -0 0 -0 -0 0 0 0 0 0 0
136 0 0 -0 0 -0 -0 0 0 0 0 0 0
137 0 0 -0 0 -0 -0 0 0 0 0 0 0
138 0 0 -0 0 -0 -0 0 0 0 0 0 0
139 0 0 -0 0 -0 -0 0 0 0 0 0 0
140 0 0 -0 0 -0 -0 0 0 0 0 0 0
141 0 0 -0 0 -0 -0 0 0 0 0 0 0
142 0 0 -0 0 -0 -0 0 0 0 0 0 0
143 0 0 -0 0 -0 -0 0 0 0 0 0 0
144 0 0 -0 0 -0 -0 0 0 0 0 0 0
145 0 0 -0 0 -0 -0 0 0 0 0 0 0
146 0 0 -0 0 -0 -0 0 0 0 0 0 0
147 0 0 -0 0 -0 -0 0 0 0 0 0 0
148 0 0 -0 0 -0 -0 0 0 0 0 0 0
149 0 0 -0 0 -0 -0 0 0 0 0 0 0
150 0 0 -0 0 -0 -0 0 0 0 0 0 0
151 0 0 -0 0 -0 -0 0 0 0 0 0 0
152 0 0 -0 0 -0 -0 0 0 0 0 0 0
153 0 0 -0 0 -0 -0 0 0 0 0 0 0
154 0 0 -0 0 -0 -0 0 0 0 0 0 0
155 0 0 -0 0 -0 -0 0 0 0 0 0 0
156 0 0 -0 0 -0 -0 0 0 0 0 0 0
157 0 0 -0 0 -0 -0 0 0 0 0 0 0
158 0 0 -0 0 -0 -0 0 0 0 0 0 0
159 0 0 -0 0 -0 -0 0 0 0 0 0 0
160 0 0 -0 0 -0 -0 0 0 0 0 0 0
161 0 0 -0 0 -0 -0 0 0 0 0 0 0
162 0 0 -0 0 -0 -0 0 0 0 0 0 0
163 0 0 -0 0 -0 -0 0 0 0 0 0 0
164 0 0 -0 0 -0 -0 0 0 0 0 0 0
165 0 0 -0 0 -0 -0 0 0 0 0 0 0
166 0 0 -0 0 -0 -0 0 0 0 0 0 0
167 0 0 -0 0 -0 -0 0 0 0 0 0 0
168 0 0 -0 0 -0 -0 0 0 0 0 0 0
169 0 0 -0 0 -0 -0 0 0 0 0 0 0
170 0 0 -0 0 -0 -0 0 0 0 0 0 0
171 0 0 -0 0 -0 -0 0 0 0 0 0 0
172 0 0 -0 0 -0 -0 0 0 0 0 0 0
173 0 0 -0 0 -0 -0 0 0 0 0 0 0
174 0 0 -0 0 -0 -0 0 0 0 0 0 0
175 0 0 -0 0 -0 -0 0 0 0 0 0 0
176 0 0 -0 0 -0 -0 0 0 0 0 0 0
177 0 0 -0 0 -0 -0 0 0 0 0 0 0
178 0 0 -0 0 -0 -0 0 0 0 0 0 0
179 0 0 -0 0 -0 -0 0 0 0 0 0 0
180 0 0 -0 0 -0 -0 0 0 0 0 0 0
181 0 0 -0 0 -0 -0 0 0 0 0 0 0
182 0 0 -0 0 -0 -0 0 0 0 0 0 0
183 0 0 -0 0 -0 -0 0 0 0 0 0 0
184 0 0 -0 0 -0 -0 0 0 0 0 0 0
185 0 0 -0 0 -0 -0 0 0 0 0 0 0
186 0 0 -0 0 -0 -0 0 0 0 0 0 0
187 0 0 -0 0 -0 -0 0 0 0 0 0 0
188 0 0 -0 0 -0 -0 0 0 0 0 0 0
189 0 0 -0 0 -0 -0 0 0 0 0 0 0
190 0 0 -0 0 -0 -0 0 0 0 0 0 0
191 0 0 -0 0 -0 -0 0 0 0 0 0 0
192 0 0 -0 0 -0 -0 0 0 0 0 0 0
193 0 0 -0 0 -0 -0 0 0 0 0 0 0
194 0 0 -0 0 -0 -0 0 0 0 0 0 0
195 0 0 -0 0 -0 -0 0 0 0 0 0 0
196 0 0 -0 0 -0 -0 0 0 0 0 0 0
197 0 0 -0 0 -0 -0 0 0 0 0 0 0
198 0 0 -0 0 -0 -0 0 0 0 0 0 0
199 0 0 -0 0 -0 -0 0 0 0 0 0 0
200 0 0 -0 0 -0 -0 0 0 0 0 0 0
