10.005 0.602088 -0.142245 0.822176 -0.445596 0.959249 -0.703954 0.999467 -0.891234 0.938769 -0.988527 0.783283 -0.986008 0.54871 -0.883931
10.055 0.486467 -0.00465749 0.736006 -0.31814 0.91123 -0.599501 0.994448 -0.82033 0.977256 -0.95833 0.861391 -0.999568 0.658551 -0.939879
10.105 0.361587 0.133019 0.635827 -0.18463 0.845867 -0.483637 0.970501 -0.733811 0.997143 -0.909892 0.923103 -0.994102 0.755858 -0.977937
10.155 0.229824 0.268164 0.523546 -0.0476052 0.764404 -0.358568 0.928081 -0.633326 0.99805 -0.844137 0.967246 -0.969715 0.838779 -0.997382
10.205 0.0936876 0.398205 0.401299 0.0903256 0.668392 -0.226674 0.867997 -0.520786 0.979961 -0.762314 0.992978 -0.926871 0.905734 -0.997843
10.255 -0.0442324 0.520666 0.271415 0.226537 0.559658 -0.0904651 0.791392 -0.398333 0.943219 -0.665981 0.99981 -0.866386 0.95545 -0.979311
10.305 -0.181311 0.633217 0.136365 0.358437 0.440271 0.0474653 0.699724 -0.268299 0.888525 -0.556973 0.987612 -0.789409 0.98698 -0.942139
10.355 -0.314938 0.733716 -0.00128112 0.483514 0.312505 0.184492 0.594737 -0.133158 0.816919 -0.437363 0.956616 -0.697408 0.999725 -0.887036
10.405 -0.44257 0.820249 -0.138903 0.599389 0.17879 0.318008 0.478431 0.00451738 0.729764 -0.309429 0.907413 -0.592132 0.993441 -0.815048
10.455 -0.561779 0.891171 -0.27388 0.703854 0.0416725 0.44547 0.353018 0.142107 0.628719 -0.175605 0.840938 -0.475586 0.968248 -0.727547
10.505 -0.670296 0.94513 -0.403645 0.794923 -0.0962383 0.564454 0.220886 0.276991 0.515707 -0.0384388 0.758457 -0.349988 0.924626 -0.626199
10.555 -0.766054 0.981099 -0.525727 0.870862 -0.232317 0.672694 0.0845493 0.406604 0.392879 0.099459 0.66154 -0.217728 0.863405 -0.512931
10.605 -0.847231 0.998395 -0.637802 0.930225 -0.363975 0.76813 -0.0533963 0.528477 0.262573 0.235464 0.552031 -0.0813241 0.78575 -0.389901
10.655 -0.912283 0.996688 -0.737738 0.971882 -0.488704 0.848946 -0.190326 0.640292 0.12727 0.366987 0.432015 0.0566277 0.69314 -0.259449
10.705 -0.95997 0.97601 -0.823632 0.995041 -0.604132 0.913603 -0.323632 0.739919 -0.0104558 0.491525 0.303776 0.193502 0.587336 -0.124059
10.755 -0.989386 0.936755 -0.893849 0.999261 -0.70806 0.960872 -0.450779 0.825463 -0.147983 0.606707 0.169756 0.326693 0.470354 0.0136919
10.805 -0.99997 0.879671 -0.947053 0.984461 -0.798512 0.989851 -0.569346 0.895295 -0.282693 0.710342 0.032504 0.453666 0.344419 0.151182
10.855 -0.991521 0.805843 -0.982231 0.950924 -0.873766 0.99999 -0.677076 0.948087 -0.412022 0.800456 -0.105366 0.572003 0.211928 0.285795
10.905 -0.9642 0.716676 -0.998714 0.899286 -0.932388 0.991095 -0.771919 0.982833 -0.533509 0.875335 -0.241231 0.679454 0.0754038 0.414969
10.955 -0.918526 0.613869 -0.996187 0.830532 -0.973264 0.963337 -0.852069 0.998873 -0.644842 0.933553 -0.372505 0.773972 -0.0625558 0.536244
11.005 -0.85537 0.499378 -0.9747 0.74597 -0.995614 0.917242 -0.916002 0.9959 -0.743901 0.974002 -0.496688 0.853759 -0.199325 0.647312
11.055 -0.775933 0.375382 -0.93466 0.64721 -0.999015 0.853689 -0.9625 0.973971 -0.8288 0.995912 -0.611417 0.917295 -0.3323 0.74606
11.105 -0.681727 0.244241 -0.876831 0.536131 -0.983401 0.773887 -0.990677 0.933505 -0.897925 0.998866 -0.714509 0.963372 -0.45895 0.830607
11.155 -0.574545 0.108451 -0.802312 0.414847 -0.949069 0.679356 -0.999999 0.87527 -0.949959 0.982809 -0.804002 0.991113 -0.576865 0.899345
11.205 -0.456428 -0.0294031 -0.712522 0.285667 -0.896673 0.571894 -0.990287 0.800376 -0.983912 0.948045 -0.878191 0.999989 -0.683799 0.950965
11.255 -0.329623 -0.166698 -0.609171 0.15105 -0.82721 0.453546 -0.961726 0.710248 -0.999137 0.895236 -0.935665 0.989832 -0.777719 0.984485
11.305 -0.196544 -0.300819 -0.494224 0.0135579 -0.742002 0.326566 -0.91486 0.606601 -0.995345 0.825387 -0.97533 0.960834 -0.856836 0.999266
11.355 -0.0597248 -0.429215 -0.369871 -0.124192 -0.642671 0.19337 -0.850581 0.491408 -0.972608 0.739829 -0.996431 0.913549 -0.919644 0.995028
11.405 0.0782317 -0.549441 -0.238478 -0.259579 -0.531108 0.056494 -0.770113 0.366862 -0.931359 0.640189 -0.998566 0.848875 -0.964948 0.971851
11.455 0.214699 -0.65921 -0.102546 -0.390024 -0.409436 -0.0814576 -0.674986 0.235334 -0.872383 0.528363 -0.981695 0.768044 -0.991886 0.930176
11.505 0.34708 -0.756431 0.0353386 -0.513046 -0.279971 -0.217859 -0.567012 0.0993258 -0.796802 0.406481 -0.946139 0.672595 -0.999944 0.870796
11.555 0.472855 -0.839255 0.17255 -0.626303 -0.145177 -0.350113 -0.448246 -0.0385727 -0.706055 0.276863 -0.892574 0.564343 -0.98897 0.794842
11.605 0.589629 -0.906105 0.306477 -0.727639 -0.00761966 -0.475704 -0.320947 -0.175737 -0.601869 0.141974 -0.82202 0.44535 -0.959172 0.703759
11.655 0.695181 -0.955708 0.434571 -0.815126 0.130083 -0.59224 -0.18754 -0.309556 -0.486228 0.00438344 -0.73582 0.317881 -0.911117 0.599281
11.705 0.787501 -0.987121 0.554394 -0.887097 0.265309 -0.697504 -0.0505639 -0.437484 -0.361331 -0.133291 -0.635615 0.184361 -0.845721 0.483397
11.755 0.864832 -0.999745 0.663664 -0.942184 0.395486 -0.789492 0.0873751 -0.557084 -0.229558 -0.268428 -0.523312 0.0473315 -0.764228 0.358312
11.805 0.925702 -0.99334 0.760302 -0.979338 0.518135 -0.866453 0.223651 -0.666081 -0.0934148 -0.398456 -0.401048 -0.0905985 -0.668188 0.226407
11.855 0.968953 -0.968029 0.842469 -0.997852 0.630922 -0.926922 0.35567 -0.762401 0.0445062 -0.5209 -0.271151 -0.226804 -0.559431 0.0901922
11.905 0.993761 -0.924292 0.908601 -0.997372 0.7317 -0.969748 0.480919 -0.844208 0.18158 -0.633429 -0.136093 -0.358693 -0.440025 -0.047739
11.955 0.999654 -0.862963 0.957439 -0.977909 0.818551 -0.994117 0.597015 -0.909948 0.315198 -0.733902 0.00155517 -0.483754 -0.312244 -0.184762
12.005 0.98652 -0.785208 0.988053 -0.939833 0.889823 -0.999564 0.701747 -0.958368 0.442816 -0.820406 0.139174 -0.599608 -0.178521 -0.318267
12.055 0.954609 -0.692508 0.999861 -0.883869 0.944158 -0.985985 0.793123 -0.988547 0.562006 -0.891295 0.274144 -0.704049 -0.0413987 -0.445715
12.105 0.904528 -0.586627 0.992638 -0.811081 0.980522 -0.95364 0.869402 -0.99991 0.670499 -0.945219 0.403896 -0.79509 0.0965111 -0.56468
12.155 0.837231 -0.469581 0.966522 -0.722856 0.998223 -0.903143 0.929134 -0.992241 0.76623 -0.981152 0.52596 -0.870997 0.232584 -0.672897
12.205 0.753998 -0.343597 0.922009 -0.620871 0.996924 -0.835457 0.971181 -0.965686 0.847377 -0.998411 0.638013 -0.930326 0.36423 -0.768305
12.255 0.656414 -0.211072 0.859947 -0.50707 0.976651 -0.751869 0.994742 -0.920751 0.912395 -0.996666 0.737923 -0.971947 0.488943 -0.849091
12.305 0.546336 -0.0745307 0.781517 -0.383617 0.937788 -0.653969 0.999371 -0.858291 0.960047 -0.97595 0.823787 -0.995069 0.60435 -0.913715
12.355 0.42586 0.0634296 0.688212 -0.252862 0.881076 -0.543623 0.984977 -0.779494 0.989426 -0.936659 0.893972 -0.999251 0.708254 -0.960947
12.405 0.297277 0.200183 0.581808 -0.117295 0.807593 -0.422929 0.951836 -0.68586 0.999972 -0.87954 0.947141 -0.984413 0.798677 -0.98989
12.455 0.163037 0.333125 0.46433 0.0205051 0.718739 -0.294186 0.900578 -0.579172 0.991485 -0.80568 0.982283 -0.950839 0.873899 -0.999991
12.505 0.0256927 0.459728 0.338013 0.157915 0.616205 -0.159843 0.832179 -0.461461 0.964127 -0.716485 0.998728 -0.899166 0.932487 -0.991059
12.555 -0.11214 0.577579 0.205264 0.292319 0.501942 -0.0224573 0.74794 -0.334966 0.918418 -0.613653 0.996164 -0.83038 0.973326 -0.963263
12.605 -0.247839 0.684438 0.0686073 0.421159 0.378126 0.115355 0.649465 -0.202095 0.855228 -0.499141 0.974639 -0.745788 0.99564 -0.917133
12.655 -0.37882 0.778269 -0.0693551 0.541983 0.247112 0.250973 0.538629 -0.0653783 0.77576 -0.375128 0.934563 -0.647001 0.999003 -0.853546
12.705 -0.502591 0.857287 -0.205997 0.652491 0.111395 0.381813 0.41754 0.0725832 0.681527 -0.243975 0.876699 -0.535899 0.983351 -0.773714
12.755 -0.616795 0.919988 -0.338719 0.75058 -0.026442 0.505386 0.288505 0.209163 0.574321 -0.108179 0.802148 -0.414598 0.948983 -0.679155
12.805 -0.71926 0.965177 -0.464993 0.834382 -0.163776 0.619339 0.153978 0.341762 0.456184 0.029677 0.71233 -0.285404 0.896552 -0.571669
12.855 -0.808035 0.991996 -0.582417 0.902303 -0.297993 0.721505 0.0165198 0.467856 0.329364 0.166968 0.608953 -0.150779 0.827056 -0.453302
12.905 -0.88143 0.999934 -0.688756 0.95305 -0.426538 0.809937 -0.121252 0.585045 0.196276 0.301081 0.493986 -0.0132839 0.741819 -0.326307
12.955 -0.938048 0.98884 -0.781984 0.985658 -0.546964 0.882954 -0.256717 0.691098 0.0594512 0.429463 0.369616 0.124464 0.642461 -0.193101
13.005 -0.976812 0.958924 -0.860329 0.999504 -0.65698 0.939164 -0.387295 0.783997 -0.0785049 0.54967 0.238212 0.259843 0.530876 -0.0562204
13.055 -0.996983 0.910756 -0.922299 0.994326 -0.754491 0.977499 -0.510501 0.861974 -0.214967 0.659416 0.102273 0.390276 0.409186 0.0817308
13.105 -0.998178 0.845254 -0.966714 0.970223 -0.837641 0.997229 -0.623991 0.923545 -0.347337 0.756611 -0.0356125 0.513281 0.279708 0.218126
13.155 -0.980374 0.763663 -0.992729 0.927653 -0.904848 0.997978 -0.725604 0.967537 -0.473096 0.839404 -0.17282 0.626517 0.144906 0.35037
13.205 -0.94391 0.667537 -0.999848 0.867426 -0.954832 0.979731 -0.813406 0.993113 -0.589851 0.906221 -0.306738 0.727827 0.00734562 0.475945
13.255 -0.889481 0.558705 -0.987937 0.790689 -0.986642 0.942837 -0.885726 0.999787 -0.695378 0.955789 -0.434818 0.815284 -0.130354 0.592461
13.305 -0.818121 0.439239 -0.957222 0.698902 -0.999673 0.887997 -0.941188 0.987431 -0.78767 0.987164 -0.554622 0.887224 -0.265573 0.6977
13.355 -0.731189 0.311413 -0.908288 0.593813 -0.993677 0.816255 -0.978735 0.956281 -0.86497 0.999751 -0.663869 0.942276 -0.395737 0.78966
13.405 -0.63034 0.177659 -0.842065 0.477421 -0.968767 0.728977 -0.997653 0.906929 -0.925806 0.993308 -0.76048 0.979394 -0.518369 0.866589
13.455 -0.517493 0.0405239 -0.759815 0.351942 -0.925419 0.627824 -0.997583 0.840315 -0.969021 0.96796 -0.842617 0.99787 -0.631134 0.927024
13.505 -0.394797 -0.0973825 -0.663103 0.219764 -0.864456 0.514721 -0.978524 0.757707 -0.993791 0.924187 -0.908716 0.997352 -0.731887 0.969815
13.555 -0.264586 -0.233435 -0.55377 0.0834037 -0.787039 0.391821 -0.940841 0.660677 -0.999647 0.862824 -0.957518 0.977852 -0.818709 0.994146
13.605 -0.129339 -0.365045 -0.433896 -0.0545443 -0.694642 0.261464 -0.88525 0.551072 -0.986475 0.785038 -0.988095 0.93974 -0.889948 0.999555
13.655 0.00836927 -0.489707 -0.305764 -0.191454 -0.589024 0.12613 -0.81281 0.430978 -0.954527 0.692311 -0.999866 0.883741 -0.944248 0.985939
13.705 0.145919 -0.605047 -0.171812 -0.32472 -0.472194 -0.0116054 -0.724899 0.302681 -0.904411 0.586405 -0.992605 0.810921 -0.980576 0.953557
13.755 0.280691 -0.708872 -0.0345894 -0.451805 -0.346377 -0.149119 -0.623191 0.168623 -0.837081 0.469339 -0.966452 0.722666 -0.998239 0.903026
13.805 0.41012 -0.799204 0.103291 -0.570291 -0.213967 -0.283795 -0.509621 0.0313549 -0.753818 0.343339 -0.921903 0.620657 -0.996903 0.835306
13.855 0.531743 -0.874324 0.239206 -0.677922 -0.0774843 -0.413069 -0.386351 -0.10651 -0.656208 0.210804 -0.859807 0.506834 -0.976592 0.751688
13.905 0.643246 -0.932803 0.370567 -0.772649 0.0604731 -0.534481 -0.255727 -0.242347 -0.546107 0.0742574 -0.781346 0.383364 -0.937693 0.653762
13.955 0.742505 -0.973527 0.494876 -0.852671 0.197279 -0.64572 -0.120236 -0.373571 -0.425612 -0.0637031 -0.688013 0.252597 -0.880946 0.543393
14.005 0.827631 -0.995721 0.609765 -0.916462 0.330331 -0.744669 0.0175434 -0.497685 -0.297015 -0.200451 -0.581585 0.117023 -0.807431 0.422681
14.055 0.897005 -0.998964 0.713048 -0.962811 0.457095 -0.829443 0.154989 -0.612327 -0.162766 -0.333384 -0.464087 -0.0207791 -0.718549 0.293924
14.105 0.949305 -0.983192 0.802759 -0.990833 0.575159 -0.898431 0.289485 -0.715313 -0.0254187 -0.459971 -0.337756 -0.158185 -0.615989 0.159572
14.155 0.983537 -0.948706 0.877191 -0.999997 0.682275 -0.950317 0.41847 -0.804685 0.112413 -0.577803 -0.204996 -0.292581 -0.501705 0.0221834
14.205 0.999048 -0.896164 0.934927 -0.990127 0.776406 -0.984116 0.539491 -0.87874 0.248104 -0.684638 -0.0683339 -0.421407 -0.377872 -0.115628
14.255 0.995544 -0.826564 0.974867 -0.961411 0.855758 -0.999184 0.650243 -0.93607 0.379073 -0.778441 0.0696285 -0.542213 -0.246847 -0.251238
14.305 0.973091 -0.741231 0.996253 -0.914396 0.918822 -0.995234 0.748619 -0.975583 0.502828 -0.857428 0.206266 -0.652699 -0.111123 -0.382066
14.355 0.932117 -0.64179 0.998676 -0.849976 0.964398 -0.97234 0.832746 -0.996527 0.617011 -0.920095 0.338977 -0.750761 0.026716 -0.505622
14.405 0.873401 -0.530134 0.98209 -0.769379 0.991618 -0.93094 0.901022 -0.998504 0.719451 -0.965249 0.465236 -0.834533 0.164046 -0.619555
14.455 0.798061 -0.408387 0.946812 -0.674137 0.999964 -0.87182 0.952149 -0.981475 0.808196 -0.992031 0.58264 -0.902421 0.298254 -0.721695
14.505 0.707531 -0.278867 0.893513 -0.566065 0.989277 -0.796107 0.985153 -0.945766 0.881559 -0.999931 0.688954 -0.953133 0.426786 -0.810098
14.555 0.603534 -0.144039 0.823207 -0.447218 0.95976 -0.70524 0.999406 -0.892055 0.938143 -0.988799 0.782155 -0.985704 0.547193 -0.883082
14.605 0.48805 -0.00647007 0.737232 -0.319858 0.911975 -0.600951 0.994637 -0.821365 0.97687 -0.958846 0.860469 -0.999513 0.657186 -0.939259
14.655 0.363276 0.131222 0.637225 -0.186411 0.846833 -0.485223 0.970936 -0.735041 0.997004 -0.910643 0.922405 -0.994297 0.75467 -0.977557
14.705 0.231588 0.266417 0.525089 -0.0494157 0.765572 -0.360259 0.928755 -0.634727 0.998162 -0.845107 0.966784 -0.970156 0.83779 -0.997249
14.755 0.0954921 0.396541 0.402959 0.0885202 0.669739 -0.228439 0.868896 -0.522332 0.98032 -0.763486 0.992762 -0.92755 0.904964 -0.99796
14.805 -0.0424215 0.519118 0.273159 0.224771 0.561159 -0.0922701 0.792499 -0.399995 0.94382 -0.667332 0.999844 -0.867289 0.954913 -0.979676
14.855 -0.179528 0.631813 0.13816 0.356744 0.441898 0.0456546 0.701017 -0.270045 0.889355 -0.558477 0.987895 -0.790521 0.986687 -0.942746
14.905 -0.313217 0.732483 0.000531487 0.481927 0.314226 0.18271 0.596193 -0.134954 0.817963 -0.438993 0.957143 -0.698706 0.99968 -0.887871
14.955 -0.440944 0.819211 -0.137107 0.597937 0.180573 0.316289 0.480021 0.00270478 0.731002 -0.311152 0.908173 -0.593592 0.993646 -0.816097
15.005 -0.560279 0.890347 -0.272137 0.702566 0.0434835 0.443847 0.354713 0.140312 0.630127 -0.177389 0.841917 -0.47718 0.968699 -0.72879
15.055 -0.668949 0.944536 -0.401986 0.793822 -0.0944339 0.562957 0.222653 0.275249 0.517259 -0.0402501 0.759637 -0.351685 0.925315 -0.627611
15.105 -0.764887 0.980747 -0.524184 0.86997 -0.230554 0.671352 0.0863552 0.404947 0.394545 0.0976552 0.662898 -0.219497 0.864318 -0.514486
15.155 -0.846267 0.998291 -0.636405 0.929558 -0.362286 0.766968 -0.0515862 0.526937 0.264322 0.233702 0.553541 -0.0831306 0.78687 -0.391569
15.205 -0.911539 0.996834 -0.736513 0.971454 -0.487122 0.847987 -0.188546 0.638898 0.129068 0.3653 0.433649 0.0548179 0.694445 -0.261199
15.255 -0.959461 0.976403 -0.822603 0.994859 -0.602686 0.912865 -0.321917 0.738698 -0.00864331 0.489946 0.305503 0.191723 0.588802 -0.125858
15.305 -0.989121 0.937388 -0.893035 0.999329 -0.706779 0.960368 -0.44916 0.824438 -0.14619 0.605266 0.171542 0.324979 0.471953 0.0118794
15.355 -0.999954 0.880531 -0.94647 0.984778 -0.79742 0.989592 -0.567855 0.894486 -0.280954 0.709065 0.0343156 0.452049 0.34612 0.14939
15.405 -0.991755 0.806915 -0.981889 0.951483 -0.872883 0.99998 -0.675741 0.947509 -0.41037 0.799369 -0.103564 0.570516 0.213699 0.284058
15.455 -0.964679 0.717939 -0.99862 0.900078 -0.931731 0.991335 -0.770765 0.982497 -0.531975 0.874457 -0.239472 0.678123 0.0772111 0.413319
15.505 -0.919241 0.615299 -0.996344 0.831541 -0.972846 0.963821 -0.851119 0.998785 -0.643455 0.932902 -0.370822 0.772823 -0.0607466 0.534713
15.555 -0.856308 0.500948 -0.975103 0.747176 -0.995443 0.917963 -0.915273 0.996062 -0.742688 0.97359 -0.495114 0.852814 -0.197548 0.645929
15.605 -0.777075 0.377061 -0.935303 0.648591 -0.999094 0.854632 -0.962006 0.974381 -0.827785 0.995747 -0.609982 0.916572 -0.33059 0.744851
15.655 -0.683052 0.245998 -0.877701 0.53766 -0.983728 0.775034 -0.990429 0.934153 -0.897126 0.998951 -0.71324 0.962885 -0.457339 0.829596
15.705 -0.576028 0.110253 -0.803393 0.416496 -0.949639 0.680685 -1 0.876145 -0.949391 0.983142 -0.802923 0.99087 -0.575383 0.898551
15.755 -0.45804 -0.0275912 -0.713793 0.287404 -0.897474 0.57338 -0.990537 0.801461 -0.983586 0.94862 -0.877323 0.999996 -0.682476 0.950403
15.805 -0.331334 -0.16491 -0.610607 0.152842 -0.828227 0.455161 -0.962221 0.711523 -0.99906 0.896042 -0.935024 0.990088 -0.776578 0.984165
15.855 -0.198321 -0.29909 -0.495799 0.0153704 -0.743216 0.328279 -0.915591 0.608041 -0.995518 0.826409 -0.974928 0.961335 -0.8559 0.999195
15.905 -0.0615341 -0.427577 -0.371554 -0.122393 -0.644059 0.195148 -0.851533 0.492986 -0.973028 0.741047 -0.996276 0.914285 -0.918931 0.995207
15.955 0.0764245 -0.547926 -0.240238 -0.257828 -0.532643 0.0583036 -0.771268 0.368548 -0.932017 0.64158 -0.998661 0.849832 -0.964471 0.972276
16.005 0.212928 -0.657846 -0.104348 -0.388354 -0.411089 -0.0796509 -0.676322 0.237095 -0.873267 0.529901 -0.982039 0.769204 -0.991653 0.93084
16.055 0.34538 -0.755245 0.0335271 -0.511489 -0.281711 -0.216089 -0.568504 0.101129 -0.797896 0.408137 -0.946724 0.673935 -0.999961 0.871686
16.105 0.471257 -0.838268 0.170764 -0.624889 -0.14697 -0.348415 -0.449865 -0.0367614 -0.707337 0.278604 -0.89339 0.565839 -0.989237 0.795941
16.155 0.588164 -0.905336 0.304752 -0.726395 -0.0094322 -0.474109 -0.322664 -0.173952 -0.603316 0.143768 -0.823051 0.446972 -0.959683 0.705046
16.205 0.693877 -0.955173 0.432938 -0.814074 0.128285 -0.590779 -0.189321 -0.307832 -0.487811 0.00619603 -0.737047 0.319599 -0.911863 0.600731
16.255 0.786383 -0.986829 0.552884 -0.886259 0.263561 -0.696204 -0.0523741 -0.435853 -0.363021 -0.131494 -0.637014 0.186142 -0.846687 0.484983
16.305 0.863921 -0.999702 0.662307 -0.941575 0.39382 -0.788378 0.0855692 -0.555578 -0.231322 -0.266681 -0.524856 0.049142 -0.765395 0.360003
16.355 0.925015 -0.993547 0.759124 -0.97897 0.516583 -0.865546 0.221884 -0.664728 -0.0952193 -0.396793 -0.402708 -0.0887932 -0.669536 0.228172
16.405 0.968503 -0.968482 0.841491 -0.997731 0.629514 -0.92624 0.353975 -0.761226 0.0426953 -0.519352 -0.272896 -0.225038 -0.560932 0.0919972
16.455 0.993557 -0.924982 0.907843 -0.997502 0.730463 -0.969304 0.479329 -0.843235 0.179797 -0.632026 -0.137889 -0.357 -0.441652 -0.0459284
16.505 0.9997 -0.863877 0.956914 -0.978287 0.817509 -0.993919 0.59556 -0.909195 0.313477 -0.73267 -0.000257439 -0.482167 -0.313966 -0.18298
16.555 0.986815 -0.786329 0.987772 -0.940451 0.888994 -0.999615 0.700455 -0.957849 0.44119 -0.819368 0.137379 -0.598156 -0.180304 -0.316549
16.605 0.955147 -0.693815 0.999829 -0.884715 0.943559 -0.986286 0.792017 -0.988272 0.560506 -0.890472 0.2724 -0.702761 -0.0432097 -0.444092
16.655 0.9053 -0.588094 0.992856 -0.81214 0.980164 -0.954184 0.868505 -0.999884 0.669153 -0.944626 0.402237 -0.793989 0.0947068 -0.563183
16.705 0.838221 -0.47118 0.966985 -0.724107 0.998113 -0.90392 0.928462 -0.992465 0.765064 -0.9808 0.524417 -0.870105 0.230821 -0.671555
16.755 0.755188 -0.345298 0.922709 -0.622291 0.997065 -0.836452 0.970747 -0.966156 0.846413 -0.998307 0.636617 -0.929659 0.362541 -0.767144
16.805 0.657781 -0.212844 0.860871 -0.508631 0.977039 -0.753062 0.994555 -0.921457 0.911651 -0.996812 0.736698 -0.971519 0.487361 -0.848132
16.855 0.547854 -0.0763381 0.782647 -0.38529 0.938416 -0.65534 0.999433 -0.859219 0.959538 -0.976344 0.822758 -0.994887 0.602905 -0.912977
16.905 0.427499 0.0616205 0.689526 -0.254616 0.881931 -0.545143 0.985288 -0.780628 0.989161 -0.937293 0.893158 -0.999319 0.706973 -0.960444
16.955 0.299007 0.198406 0.583281 -0.119095 0.808661 -0.424571 0.95239 -0.687178 0.999957 -0.880401 0.946558 -0.98473 0.797585 -0.989631
17.005 0.164825 0.331416 0.465934 0.0186928 0.719998 -0.295918 0.901364 -0.580649 0.99172 -0.806753 0.981941 -0.951398 0.873016 -0.999982
17.055 0.0275046 0.458117 0.339719 0.156125 0.617632 -0.161632 0.833182 -0.463068 0.964607 -0.717749 0.998635 -0.899958 0.931831 -0.991299
17.105 -0.110339 0.576099 0.207038 0.290585 0.503509 -0.0242694 0.749142 -0.336673 0.919134 -0.615083 0.99632 -0.831388 0.972909 -0.963748
17.155 -0.246082 0.683115 0.0704155 0.419514 0.379803 0.113555 0.650842 -0.20387 0.856166 -0.500711 0.975043 -0.746994 0.995469 -0.917854
17.205 -0.377142 0.77713 -0.0675468 0.540459 0.248868 0.249218 0.540155 -0.0671869 0.776903 -0.376808 0.935206 -0.648382 0.999082 -0.854489
17.255 -0.501023 0.856352 -0.204223 0.651116 0.113196 0.380137 0.419187 0.0707753 0.682852 -0.245733 0.87757 -0.537429 0.983679 -0.774861
17.305 -0.615368 0.919276 -0.337013 0.749381 -0.02463 0.503821 0.29024 0.20739 0.575804 -0.10998 0.803229 -0.416246 0.949553 -0.680484
17.355 -0.718 0.964702 -0.463388 0.833382 -0.161988 0.617915 0.155768 0.340058 0.457796 0.0278652 0.713601 -0.287141 0.897353 -0.573155
17.405 -0.806966 0.991766 -0.580943 0.90152 -0.296262 0.720249 0.0183322 0.466253 0.331075 0.16518 0.61039 -0.152571 0.828074 -0.454917
17.455 -0.880572 0.999953 -0.68744 0.9525 -0.424898 0.808873 -0.119453 0.583574 0.198053 0.299352 0.495561 -0.0150964 0.743033 -0.32802
17.505 -0.937418 0.989108 -0.780853 0.98535 -0.545446 0.882101 -0.254964 0.689787 0.0612605 0.427825 0.3713 0.122665 0.643849 -0.19488
17.555 -0.976422 0.959436 -0.859404 0.999445 -0.655612 0.93854 -0.385623 0.782871 -0.0766977 0.548155 0.239972 0.258092 0.532411 -0.05803
17.605 -0.996841 0.911503 -0.921597 0.994517 -0.7533 0.977115 -0.508942 0.861054 -0.213196 0.658052 0.104076 0.388607 0.410839 0.0799241
17.655 -0.998286 0.846221 -0.966249 0.97066 -0.836649 0.997092 -0.622574 0.922848 -0.345637 0.755424 -0.033801 0.511725 0.281448 0.216357
17.705 -0.98073 0.764832 -0.992509 0.928328 -0.904074 0.998091 -0.724356 0.967077 -0.471499 0.838418 -0.171034 0.625103 0.146699 0.348672
17.755 -0.944507 0.668885 -0.999878 0.868326 -0.954292 0.980093 -0.81235 0.992899 -0.588386 0.905453 -0.305013 0.726583 0.00915817 0.47435
17.805 -0.890307 0.560207 -0.988216 0.791797 -0.986345 0.943439 -0.884883 0.999823 -0.694074 0.955254 -0.433185 0.814233 -0.128557 0.591
17.855 -0.819162 0.440866 -0.957745 0.700197 -0.999625 0.888829 -0.940574 0.987716 -0.786552 0.986873 -0.553113 0.886386 -0.263825 0.696401
17.905 -0.732424 0.313134 -0.909045 0.59527 -0.993879 0.817301 -0.978361 0.956809 -0.864059 0.999709 -0.662512 0.941668 -0.394072 0.788546
17.955 -0.631746 0.179442 -0.843042 0.479013 -0.969215 0.730217 -0.997527 0.907691 -0.925119 0.993516 -0.759302 0.979026 -0.516818 0.865683
18.005 -0.519043 0.0423349 -0.760992 0.353638 -0.926104 0.629234 -0.997707 0.841297 -0.968571 0.968413 -0.841639 0.99775 -0.629727 0.926343
18.055 -0.396462 -0.0955783 -0.664459 0.221532 -0.865365 0.516275 -0.978896 0.758889 -0.993588 0.924878 -0.907957 0.997483 -0.73065 0.969371
18.105 -0.266334 -0.231672 -0.555278 0.0852099 -0.788156 0.393489 -0.941454 0.662037 -0.999693 0.863739 -0.956994 0.97823 -0.817667 0.993949
18.155 -0.131137 -0.363357 -0.435528 -0.0527343 -0.695945 0.263213 -0.886092 0.552584 -0.986771 0.78616 -0.987815 0.940358 -0.88912 0.999608
18.205 0.00655671 -0.488125 -0.307489 -0.189675 -0.590488 0.127928 -0.813865 0.432613 -0.955066 0.693617 -0.999834 0.884587 -0.94365 0.986241
18.255 0.144125 -0.603603 -0.173597 -0.323005 -0.473791 -0.00979287 -0.726147 0.304408 -0.905183 0.587873 -0.992823 0.81198 -0.980218 0.954102
18.305 0.27895 -0.707592 -0.0364009 -0.450187 -0.348077 -0.147327 -0.624607 0.170409 -0.838071 0.470939 -0.966915 0.723918 -0.99813 0.903803
18.355 0.408466 -0.798113 0.101488 -0.568801 -0.215737 -0.282057 -0.51118 0.0331666 -0.755008 0.345041 -0.922604 0.622077 -0.997044 0.836301
18.405 0.530207 -0.873443 0.237445 -0.676588 -0.0792914 -0.411418 -0.388022 -0.104707 -0.657574 0.212576 -0.860731 0.508395 -0.97698 0.752882
18.455 0.641857 -0.932148 0.368883 -0.771497 0.0586637 -0.532948 -0.257479 -0.240588 -0.547624 0.0760649 -0.782476 0.385037 -0.938321 0.655133
18.505 0.741289 -0.973111 0.4933 -0.851722 0.195502 -0.644335 -0.122035 -0.371889 -0.427251 -0.0618941 -0.689327 0.254351 -0.881802 0.544914
18.555 0.826612 -0.995552 0.608327 -0.915736 0.328619 -0.743457 0.015731 -0.496112 -0.298746 -0.198675 -0.583058 0.118823 -0.808499 0.424323
18.605 0.896202 -0.999044 0.711776 -0.962319 0.455482 -0.828429 0.153198 -0.610893 -0.164554 -0.331674 -0.465692 -0.0189668 -0.719808 0.295656
18.655 0.948734 -0.983521 0.801677 -0.990587 0.573675 -0.897633 0.287749 -0.714045 -0.0272307 -0.458361 -0.339461 -0.156395 -0.617416 0.161361
18.705 0.983208 -0.949278 0.876319 -1 0.680949 -0.949752 0.416823 -0.803607 0.110611 -0.576323 -0.206769 -0.290847 -0.503273 0.0239955
18.755 0.998967 -0.896966 0.934282 -0.990379 0.775262 -0.983793 0.537964 -0.877874 0.246348 -0.683315 -0.0701421 -0.419763 -0.37955 -0.113827
18.805 0.995713 -0.827582 0.974462 -0.961908 0.854819 -0.999109 0.648865 -0.935431 0.377395 -0.777302 0.0678202 -0.540689 -0.248603 -0.249483
18.855 0.973507 -0.742447 0.996094 -0.915128 0.918106 -0.995409 0.747416 -0.975183 0.50126 -0.856494 0.204492 -0.651324 -0.112924 -0.38039
18.905 0.932772 -0.643179 0.998767 -0.85093 0.963917 -0.972762 0.831741 -0.996375 0.615584 -0.919383 0.337271 -0.749562 0.024904 -0.504058
18.955 0.874282 -0.53167 0.98243 -0.770535 0.991382 -0.9316 0.900235 -0.998601 0.71819 -0.964774 0.463631 -0.833533 0.162258 -0.618131
19.005 0.799152 -0.410041 0.947394 -0.675475 0.999978 -0.872707 0.951594 -0.981821 0.807128 -0.991801 0.581166 -0.901639 0.296524 -0.720439
19.055 0.708811 -0.280607 0.894325 -0.567558 0.98954 -0.797202 0.984841 -0.946353 0.880702 -0.999951 0.687639 -0.952583 0.425146 -0.809034
19.105 0.604978 -0.145833 0.824234 -0.448838 0.960267 -0.706524 0.999342 -0.892873 0.937514 -0.989068 0.781025 -0.985397 0.545675 -0.88223
19.155 0.489631 -0.00828264 0.738455 -0.321575 0.912718 -0.602398 0.994823 -0.822397 0.976481 -0.959359 0.859544 -0.999454 0.655819 -0.938635
19.205 0.364964 0.129425 0.638621 -0.188192 0.847795 -0.486807 0.971368 -0.736269 0.996862 -0.91139 0.921703 -0.994489 0.75348 -0.977174
19.255 0.233351 0.26467 0.526631 -0.051226 0.766737 -0.361949 0.929425 -0.636127 0.99827 -0.846075 0.966319 -0.970594 0.836799 -0.997113
19.305 0.0972963 0.394877 0.404617 0.0867146 0.671084 -0.230203 0.869792 -0.523877 0.980676 -0.764655 0.992542 -0.928226 0.904192 -0.998074
19.355 -0.0406104 0.517567 0.274902 0.223005 0.562658 -0.0940749 0.793603 -0.401656 0.944417 -0.668681 0.999874 -0.86819 0.954374 -0.980038
19.405 -0.177744 0.630407 0.139955 0.35505 0.443523 0.0438438 0.702309 -0.271789 0.890183 -0.55998 0.988175 -0.79163 0.986391 -0.943348
19.455 -0.311495 0.731248 0.0023441 0.480338 0.315946 0.180928 0.597648 -0.13675 0.819004 -0.44062 0.957666 -0.700001 0.999633 -0.888703
19.505 -0.439317 0.81817 -0.135312 0.596483 0.182356 0.314568 0.481611 0.000892174 0.732238 -0.312874 0.90893 -0.59505 0.993849 -0.817143
19.555 -0.558777 0.88952 -0.270392 0.701275 0.0452943 0.442222 0.356407 0.138517 0.631534 -0.179173 0.842894 -0.478772 0.969148 -0.73003
19.605 -0.667601 0.943939 -0.400326 0.792719 -0.0926293 0.561458 0.22442 0.273506 0.518809 -0.0420611 0.760815 -0.353382 0.926 -0.629021
19.655 -0.763719 0.980391 -0.52264 0.869074 -0.22879 0.670007 0.0881609 0.403289 0.39621 0.0958511 0.664254 -0.221265 0.865228 -0.51604
19.705 -0.8453 0.998183 -0.635006 0.928888 -0.360596 0.765804 -0.0497759 0.525396 0.26607 0.231939 0.55505 -0.0849368 0.787987 -0.393237
19.755 -0.910792 0.996976 -0.735286 0.971022 -0.485538 0.847025 -0.186765 0.637503 0.130865 0.363612 0.435282 0.0530079 0.695748 -0.262949
19.805 -0.958948 0.976793 -0.821571 0.994674 -0.601239 0.912123 -0.3202 0.737475 -0.00683075 0.488365 0.307228 0.189944 0.590266 -0.127656
19.855 -0.988853 0.938018 -0.892218 0.999394 -0.705496 0.959861 -0.44754 0.823411 -0.144396 0.603822 0.173327 0.323264 0.47355 0.0100669
19.905 -0.999935 0.881389 -0.945883 0.985091 -0.796325 0.989329 -0.566362 0.893675 -0.279214 0.707786 0.0361271 0.450432 0.34782 0.147598
19.955 -0.991986 0.807984 -0.981544 0.952039 -0.871997 0.999967 -0.674404 0.946928 -0.408716 0.798278 -0.101761 0.569026 0.21547 0.28232
