10.005 -6.88383 -5.38954 -4.67076 -4.47008 -4.70965 -5.2722 -6.2185 -7.31475 -8.20597 -8.9811 -9.04125 -8.34618 -7.37514 -4.59904 -1.31362 2.64858 8.06569 10.8027 11.1592 13.157 16.1324 15.1615 10.9055
10.055 -7.73799 -6.08102 -5.05756 -4.50715 -4.3473 -4.51058 -5.08187 -6.01051 -7.09353 -8.29981 -9.11191 -9.29014 -9.13736 -7.44635 -4.73313 -1.13998 4.27237 7.60886 8.85287 11.8087 15.6452 15.792 13.1458
10.105 -8.60368 -6.93131 -5.60094 -4.79224 -4.34121 -4.18022 -4.36577 -4.92174 -5.80952 -7.05692 -8.30274 -9.17827 -9.75633 -9.13102 -7.44587 -4.9581 0.0269557 3.93949 6.00222 9.65902 14.0776 15.1015 13.8014
10.155 -9.22993 -7.8309 -6.23308 -5.23548 -4.57919 -4.18306 -4.06456 -4.24759 -4.7567 -5.69618 -6.94935 -8.24023 -9.4476 -9.80795 -9.19776 -7.82762 -4.02282 0.0638859 2.8435 6.94873 11.6937 13.3982 13.2213
10.205 -9.06344 -8.07538 -6.32685 -5.75145 -5.26533 -4.50364 -4.07452 -3.93818 -4.09176 -4.62544 -5.56628 -6.85418 -8.40418 -9.57305 -9.97904 -9.65474 -7.22717 -3.5061 -0.319724 3.96872 8.81498 11.0246 11.7197
10.255 -7.6794 -6.90965 -5.30851 -5.8324 -6.50586 -5.45856 -4.39977 -3.85531 -3.70035 -3.93225 -4.56637 -5.62545 -7.13314 -8.70235 -9.85929 -10.3674 -9.11818 -6.32471 -3.18611 1.09676 5.88379 8.45129 9.74752
10.305 -5.72013 -4.72086 -3.37619 -4.31617 -7.09352 -6.61589 -5.44183 -4.649 -3.88211 -3.67714 -3.97188 -4.74398 -6.01058 -7.58354 -9.1158 -10.2312 -9.9578 -8.14563 -5.48708 -1.46407 3.17243 6.0082 7.72486
10.355 -3.59192 -2.42551 -1.56889 -2.4206 -5.77254 -6.14015 -6.32869 -6.62286 -5.23384 -4.16754 -3.86381 -4.19587 -5.10689 -6.46382 -8.04746 -9.51885 -10.0318 -9.16347 -7.16497 -3.60682 0.755751 3.76321 5.78048
10.405 -2.01528 -0.890384 -0.598164 -1.14598 -3.89234 -4.50843 -5.03899 -7.35421 -6.63098 -5.50552 -4.82534 -4.38127 -4.67724 -5.58393 -6.94033 -8.48988 -9.55425 -9.54207 -8.2632 -5.34537 -1.42497 1.64054 3.86321
10.455 -0.663282 0.0279619 -0.124687 -0.530368 -2.57869 -2.69929 -3.13632 -6.10146 -6.19631 -6.37353 -6.88772 -5.71501 -5.08168 -5.29731 -6.13394 -7.42546 -8.6836 -9.3115 -8.68665 -6.51599 -3.24149 -0.275965 2.04187
10.505 0.669121 0.75238 0.326824 -0.0817659 -1.46214 -1.62115 -2.0314 -4.56655 -4.94562 -5.38454 -7.4261 -6.87414 -6.09951 -6.11498 -6.16267 -6.8126 -7.83387 -8.65009 -8.55637 -7.19642 -4.73114 -2.02921 0.281596
10.555 2.09502 1.531 0.897791 0.371936 -0.703151 -1.04874 -1.6057 -3.54785 -3.47466 -3.85767 -6.54722 -6.63829 -6.60203 -7.38959 -6.75708 -6.75003 -7.63028 -8.13521 -8.07733 -7.4128 -5.82331 -3.5501 -1.3691
10.605 3.51831 2.436 1.58341 0.911714 -0.037536 -0.528916 -1.05904 -2.74066 -2.71081 -2.80309 -5.22099 -5.62813 -5.92687 -7.71929 -7.4189 -7.04657 -7.88005 -8.09843 -7.7862 -7.49091 -6.62788 -4.81967 -2.84406
10.655 4.82828 3.38561 2.34345 1.52908 0.609203 -0.00288521 -0.576036 -1.79723 -1.86048 -2.40629 -4.36507 -4.32818 -4.65855 -7.19629 -7.43958 -7.24559 -8.33335 -8.33364 -7.75041 -7.64433 -7.33523 -5.94026 -4.17759
10.705 6.00106 4.3512 3.17219 2.24533 1.32243 0.626275 0.00668656 -0.992457 -1.2934 -1.86136 -3.59106 -3.59986 -3.61325 -6.04199 -6.57444 -6.86338 -8.60323 -8.7277 -7.93536 -7.91314 -8.00908 -6.96193 -5.39053
10.755 7.02863 5.30945 4.04391 3.02752 2.07876 1.31134 0.642085 -0.24664 -0.720058 -1.26438 -2.74363 -2.79382 -3.03954 -5.05994 -5.35517 -5.73523 -8.25546 -9.01097 -8.13836 -8.21904 -8.6714 -7.89614 -6.47683
10.805 7.90015 6.24044 4.94297 3.8621 2.87516 2.03732 1.30605 0.458206 -0.130051 -0.695976 -1.76272 -1.76075 -2.28595 -4.30147 -4.41424 -4.66781 -7.38699 -8.59001 -7.84395 -8.40696 -9.38042 -8.7986 -7.51243
10.855 8.58827 7.12084 5.85477 4.74262 3.72364 2.83119 2.05356 1.2361 0.603642 0.0428453 -0.795569 -0.942758 -1.54087 -3.3085 -3.58338 -3.90838 -6.36897 -7.66009 -7.1386 -7.86489 -9.61022 -9.70793 -8.53139
10.905 9.0699 7.90943 6.74278 5.64201 4.61007 3.67962 2.8601 2.04664 1.37425 0.79885 0.071853 -0.224836 -0.661605 -2.12114 -2.50881 -3.16693 -5.60176 -6.68619 -6.19833 -6.87672 -9.11552 -9.99573 -9.2657
10.955 9.44516 8.60686 7.56044 6.51242 5.49288 4.54272 3.68799 2.86275 2.15034 1.54468 0.873738 0.494938 0.136327 -0.952368 -1.30054 -2.20745 -4.70925 -5.83599 -5.36026 -5.92156 -8.04442 -9.40278 -9.31825
11.005 9.66361 9.20688 8.29135 7.33574 6.3548 5.40304 4.52164 3.6765 2.92341 2.27767 1.62707 1.19758 0.869544 0.136633 -0.176044 -1.21268 -3.64058 -4.73497 -4.36609 -5.07701 -7.13992 -8.44141 -8.6651
11.055 9.64342 9.69684 8.91313 8.0833 7.16917 6.23773 5.34462 4.48305 3.69641 3.01163 2.36063 1.88963 1.55683 1.0181 0.73964 -0.243503 -2.45586 -3.56181 -3.34518 -4.1335 -6.23416 -7.53205 -7.7674
11.105 9.36802 10.0725 9.41238 8.73233 7.91214 7.02504 6.13848 5.26814 4.4529 3.72506 3.04775 2.51922 2.14127 1.69569 1.45615 0.770143 -1.14717 -2.35328 -2.37156 -3.27802 -5.31254 -6.53773 -6.76159
11.155 8.36369 10.0861 9.83007 9.80036 8.76391 7.65644 6.74978 5.90295 5.09974 4.35897 3.66396 3.08659 2.65473 2.24589 2.03588 1.65356 0.129236 -1.12653 -1.41874 -2.46256 -4.4309 -5.57075 -5.75103
11.205 6.75777 9.75503 9.74544 10.3877 10.0586 8.53526 7.28677 6.3554 5.54983 4.82083 4.14013 3.55267 3.09314 2.70272 2.50442 2.29861 1.24153 0.0630662 -0.505629 -1.67283 -3.56013 -4.62706 -4.76743
11.255 5.14895 8.88727 9.03355 9.81866 10.6018 9.39833 8.539 7.36027 6.10538 5.17961 4.43712 3.83861 3.37968 3.02184 2.84783 2.75569 2.13705 1.11749 0.325705 -0.917101 -2.69408 -3.69882 -3.81584
11.305 3.49334 7.88176 8.51197 8.57143 10.0368 9.73092 9.26418 8.89088 7.21661 5.80874 4.80399 4.04155 3.51681 3.16667 3.01902 3.00537 2.73535 1.92891 1.01452 -0.231327 -1.85491 -2.79911 -2.91149
11.355 1.46884 5.55804 8.0991 8.99047 9.46497 9.29994 8.97452 9.32612 8.03042 6.90283 5.99558 4.74816 3.82122 3.26768 3.04004 3.04243 2.99488 2.39855 1.47447 0.318514 -1.08769 -1.95385 -2.07545
11.405 0.183142 3.22751 6.42014 9.15174 10.1627 9.16897 8.41264 8.98132 8.24379 7.27785 7.07067 5.68247 4.50158 3.86144 3.29906 3.07267 3.03389 2.52789 1.63112 0.634665 -0.477843 -1.22084 -1.3475
11.455 -0.496609 1.60951 4.77482 7.90954 9.86393 10.2788 9.14327 8.44254 7.89672 7.05091 7.35566 6.25691 5.07919 4.80402 3.96856 3.27048 3.1636 2.59757 1.59849 0.714915 -0.0860891 -0.670165 -0.788599
11.505 -0.71624 0.810321 3.43422 6.43822 9.03474 10.1579 10.4251 9.3256 7.42192 6.58236 7.16254 6.40085 5.31503 5.41071 4.55142 3.59044 3.47585 2.79222 1.58053 0.721642 0.179494 -0.267679 -0.3942
11.555 -0.839477 -0.012001 1.74295 4.55479 8.44524 10.2668 10.5947 9.94096 8.46956 6.76257 6.50065 6.08007 5.22719 5.70281 4.94189 3.89213 3.86672 3.0967 1.648 0.765841 0.425395 0.0665545 -0.106208
11.605 -1.81156 -1.45001 -0.0774022 2.43951 7.13295 10.4069 10.8986 10.4194 9.18882 7.79371 6.66343 5.46709 4.87315 5.67713 5.10425 4.10622 4.25183 3.46025 1.8048 0.888237 0.708362 0.390607 0.130033
11.655 -3.16822 -3.41035 -2.12271 0.63007 6.00488 8.91523 9.36729 11.2107 10.6686 9.23441 7.55396 5.70327 4.64308 5.27986 5.0169 4.22097 4.61538 3.88843 2.09033 1.14381 1.08731 0.76857 0.387316
11.705 -3.90652 -4.73165 -3.68647 -1.44234 4.03646 6.98404 7.25377 9.729 11.8471 11.1768 9.19839 6.98323 5.19945 4.89142 4.60342 4.12314 4.8074 4.24806 2.41635 1.47635 1.53074 1.19523 0.675598
11.755 -4.2382 -5.35773 -4.72641 -3.35364 1.16334 4.06018 5.04559 8.72719 11.4191 11.4052 11.435 9.2204 6.80205 5.241 4.21627 3.89322 4.70305 4.42134 2.70158 1.81681 1.97599 1.63415 0.986028
11.805 -4.39551 -5.77278 -5.73381 -5.15737 -2.06093 0.760474 3.01983 7.5795 10.1648 10.0803 11.5901 11.7507 9.68142 6.94957 4.87404 3.8921 4.2762 4.30823 2.89354 2.11789 2.36576 2.05157 1.31497
11.855 -4.65579 -6.16711 -6.64271 -6.66348 -4.55778 -1.84763 0.628826 5.37699 7.93473 8.0633 10.4025 12.403 11.7698 10.327 7.18535 4.82988 4.16332 3.90126 2.96673 2.31568 2.59531 2.38282 1.63845
11.905 -4.72402 -6.20368 -7.03892 -7.51811 -6.2599 -4.07554 -2.1451 2.00462 4.59284 5.77834 9.53663 11.8293 11.6367 12.3834 10.7884 7.61055 5.04376 3.77114 3.02903 2.4357 2.54779 2.54011 1.91433
11.955 -4.5891 -5.88971 -6.97243 -7.89158 -7.49643 -6.11158 -4.85481 -1.74391 1.12867 3.68772 8.03879 10.3426 10.4011 12.1301 12.9861 11.1817 8.26444 4.92695 3.08746 2.42298 2.46615 2.46054 2.06683
12.005 -4.44902 -5.42262 -6.59884 -7.84578 -8.19402 -7.58093 -6.93889 -4.73234 -1.91608 0.844418 5.3355 7.73929 8.58096 11.6988 13.0828 12.6293 12.108 8.51801 4.70793 2.64576 2.20471 2.2779 2.16432
12.055 -4.4032 -4.9175 -5.97986 -7.35119 -8.23748 -8.29471 -8.21868 -6.86931 -4.64801 -2.48243 1.64452 4.26279 6.1911 10.4661 12.4644 12.5864 13.5951 12.6135 8.48683 4.40336 2.31183 1.93258 2.0271
12.105 -4.68095 -4.6341 -5.35457 -6.55669 -7.6727 -8.23687 -8.65731 -8.13065 -6.7575 -5.36157 -2.25174 0.729939 3.7331 8.3496 10.539 11.5304 14.1101 14.5696 11.2445 9.1233 5.45523 1.52564 1.20126
12.155 -5.16547 -4.55852 -4.83011 -5.68824 -6.78448 -7.68056 -8.53974 -8.74591 -8.16662 -7.43932 -5.26774 -2.47429 0.560117 5.19216 7.80748 9.73155 13.5365 14.8664 12.6512 12.0317 11.1532 5.31433 0.557556
12.205 -5.77854 -4.71123 -4.53115 -4.95583 -5.80207 -6.76478 -7.88144 -8.65643 -8.78714 -8.70052 -7.45286 -5.37191 -3.02672 1.39629 4.442 7.32345 12.0283 13.988 12.8466 13.1782 14.5179 11.0554 4.07384
12.255 -6.50777 -5.11784 -4.55335 -4.54472 -4.99362 -5.73489 -6.80848 -7.87956 -8.57077 -9.07539 -8.7126 -7.54636 -6.12643 -2.77456 0.592644 4.32376 9.66466 12.1798 12.0668 13.5022 15.9548 14.2783 9.04513
12.305 -7.28821 -5.70711 -4.83812 -4.44439 -4.46258 -4.81315 -5.58022 -6.63473 -7.68365 -8.72987 -9.21112 -8.98243 -8.44247 -6.20766 -3.11308 0.847937 6.31493 9.33273 10.1473 12.6709 16.1181 15.7268 12.2868
12.355 -8.20699 -6.50306 -5.31463 -4.61533 -4.28658 -4.26559 -4.6292 -5.38098 -6.41401 -7.71156 -8.80929 -9.37639 -9.60675 -8.45261 -6.2219 -3.16462 2.15378 5.85086 7.53786 10.903 15.0768 15.6763 13.7085
12.405 -8.96784 -7.38904 -5.91343 -4.99492 -4.4228 -4.12385 -4.1355 -4.48876 -5.19272 -6.32646 -7.65199 -8.80961 -9.7477 -9.6403 -8.49078 -6.54528 -2.05184 2.0149 4.46949 8.41134 13.049 14.4406 13.725
12.455 -9.31914 -8.12609 -6.43614 -5.46014 -4.80316 -4.27576 -4.01196 -4.02387 -4.33744 -5.06532 -6.18778 -7.54327 -8.99687 -9.81955 -9.75061 -8.93841 -5.8424 -1.81817 1.25394 5.51289 10.3622 12.3473 12.6457
12.505 -8.47649 -7.66949 -5.96709 -6.05638 -5.8875 -4.81112 -4.11802 -3.80182 -3.80549 -4.17958 -4.96302 -6.16317 -7.75992 -9.21933 -10.0661 -10.194 -8.37145 -5.06261 -1.82748 2.51113 7.37302 9.79109 10.8322
12.555 -6.7683 -5.89018 -4.37641 -5.14873 -7.06398 -6.27179 -4.77125 -3.95297 -3.59566 -3.6707 -4.16515 -5.09835 -6.51552 -8.15237 -9.577 -10.4463 -9.71609 -7.4019 -4.44842 -0.242733 4.50859 7.23759 8.7831
12.605 -4.60442 -3.53583 -2.39347 -3.3184 -6.56421 -6.5187 -6.24347 -5.66645 -4.30704 -3.72089 -3.76489 -4.36316 -5.49292 -7.00507 -8.62461 -9.97472 -10.1313 -8.79363 -6.43725 -2.60022 1.94288 4.89466 6.79687
12.655 -2.7704 -1.5716 -1.00834 -1.732 -4.80433 -5.40865 -5.82255 -7.31381 -6.14756 -4.65098 -4.03622 -4.07607 -4.74902 -5.9393 -7.47472 -9.05996 -9.91304 -9.49696 -7.85111 -4.57833 -0.389076 2.6852 4.84613
12.705 -1.33501 -0.383533 -0.334027 -0.805311 -3.23332 -3.56853 -4.09042 -6.82395 -6.53711 -6.12322 -5.82482 -4.8956 -4.73835 -5.31761 -6.46582 -7.95121 -9.18546 -9.54268 -8.60646 -6.03845 -2.39105 0.667412 2.97793
12.755 -0.0339408 0.36203 0.0598422 -0.310692 -1.9665 -2.06604 -2.43673 -5.30179 -5.65052 -6.02826 -7.37232 -6.36962 -5.56505 -5.54497 -5.99469 -7.02903 -8.24263 -9.06343 -8.73631 -6.95688 -4.05135 -1.17409 1.18116
12.805 1.35403 1.10864 0.581645 0.127721 -1.05637 -1.28614 -1.86067 -4.05745 -4.15074 -4.59003 -7.05211 -6.86381 -6.4102 -6.7997 -6.42858 -6.71596 -7.6529 -8.34883 -8.36029 -7.38863 -5.35043 -2.82433 -0.536321
12.855 2.80247 1.95479 1.20512 0.605049 -0.389478 -0.802547 -1.32073 -3.1725 -3.0657 -3.21874 -5.87305 -6.17317 -6.38428 -7.64061 -7.06878 -6.86873 -7.72912 -8.09337 -7.92914 -7.48059 -6.26543 -4.20996 -2.10409
12.905 4.17614 2.88952 1.93115 1.17906 0.24392 -0.317582 -0.862113 -2.26916 -2.25343 -2.5213 -4.70878 -4.95062 -5.27186 -7.55544 -7.58783 -7.1684 -8.06033 -8.19116 -7.75648 -7.57586 -7.00194 -5.39386 -3.50504
12.955 5.42009 3.85095 2.73121 1.85712 0.941044 0.288443 -0.306374 -1.39799 -1.58426 -2.2244 -4.00193 -3.84194 -4.05203 -6.64308 -7.04285 -7.16509 -8.53685 -8.49372 -7.82027 -7.78296 -7.69547 -6.47343 -4.79413
13.005 6.52525 4.81647 3.58225 2.6041 1.66859 0.936867 0.295542 -0.633642 -1.02074 -1.55856 -3.19689 -3.27461 -3.2768 -5.46348 -5.97839 -6.32585 -8.48245 -8.91551 -8.06791 -8.07873 -8.33944 -7.4446 -5.94764
13.055 7.47972 5.76614 4.47178 3.41579 2.4456 1.6402 0.937551 0.0719409 -0.466149 -1.01585 -2.25436 -2.2488 -2.70411 -4.6768 -4.80675 -5.17725 -7.87603 -8.87057 -8.03815 -8.35259 -9.06477 -8.36021 -7.00163
13.105 8.26898 6.67779 5.38018 4.27393 3.26605 2.39707 1.64012 0.809586 0.197313 -0.363842 -1.29163 -1.33763 -1.92604 -3.85246 -4.03563 -4.2306 -6.82418 -8.15247 -7.53852 -8.23081 -9.56559 -9.28296 -8.03793
13.155 8.85818 7.5211 6.28879 5.17176 4.14032 3.22504 2.42451 1.61042 0.956909 0.389047 -0.386088 -0.615575 -1.11792 -2.70048 -3.05728 -3.57546 -5.98132 -7.12684 -6.65169 -7.39009 -9.46823 -9.96306 -8.96039
13.205 9.25885 8.26259 7.15217 6.06591 5.03224 4.08682 3.24683 2.42789 1.73594 1.14798 0.45685 0.117952 -0.271731 -1.5702 -1.93082 -2.69125 -5.19008 -6.29546 -5.7664 -6.33022 -8.57034 -9.79246 -9.40759
13.255 9.5919 8.91924 7.93024 6.91786 5.90966 4.95316 4.08131 3.24427 2.50914 1.88134 1.22163 0.815126 0.478603 -0.397986 -0.729379 -1.72684 -4.19073 -5.29732 -4.87106 -5.5185 -7.56234 -8.90785 -9.04402
13.305 9.69487 9.46906 8.61334 7.71089 6.75513 5.80729 4.91546 4.0594 3.28725 2.62054 1.97109 1.52086 1.19445 0.574638 0.287147 -0.750449 -3.07622 -4.15587 -3.84634 -4.59114 -6.68726 -7.98366 -8.22531
13.355 9.55109 9.90418 9.17845 8.41518 7.53985 6.62381 5.72888 4.85972 4.05659 3.34916 2.68618 2.1871 1.83422 1.35089 1.09253 0.238566 -1.82955 -2.97133 -2.85756 -3.69346 -5.75693 -7.02577 -7.26429
13.405 9.11878 10.157 9.54551 9.10169 8.30104 7.38528 6.48886 5.61464 4.78963 4.04251 3.34714 2.78642 2.37663 1.9521 1.73183 1.22079 -0.512029 -1.75644 -1.90033 -2.86797 -4.86579 -6.04563 -6.24774
13.455 7.59273 10.0663 9.96368 10.2596 9.29894 7.99623 6.99901 6.13411 5.33411 4.59639 3.90367 3.31513 2.86361 2.46218 2.25733 1.97325 0.682086 -0.540615 -0.966376 -2.06938 -3.99571 -5.09508 -5.25161
13.505 5.91106 9.33966 9.46007 10.3215 10.5722 8.94424 7.74699 6.72901 5.78897 5.00064 4.30249 3.70943 3.24391 2.86346 2.67203 2.52682 1.6966 0.59367 -0.0892325 -1.29597 -3.12849 -4.16045 -4.28397
13.555 4.4422 8.42446 8.63221 9.19161 10.4571 9.68355 9.01192 8.10572 6.6094 5.42855 4.56105 3.91013 3.4359 3.0906 2.9319 2.88179 2.45135 1.53633 0.673149 -0.576718 -2.27945 -3.25072 -3.35892
13.605 2.42338 6.84426 8.49215 8.56682 9.60085 9.62395 9.23759 9.24386 7.67068 6.39947 5.302 4.2775 3.60151 3.18599 3.02011 3.02623 2.8856 2.1916 1.264 0.0542304 -1.46736 -2.37305 -2.48517
13.655 0.734097 4.35367 7.33759 9.26635 9.80108 9.03572 8.64674 9.22396 8.20147 7.17392 6.64575 5.23621 4.11071 3.44404 3.08135 3.02449 3.00488 2.47442 1.57546 0.499376 -0.766414 -1.57515 -1.69738
13.705 -0.21409 2.33236 5.56778 8.57844 10.2202 9.80414 8.57571 8.60873 8.1194 7.21518 7.27553 6.0104 4.82242 4.35672 3.60946 3.12467 3.05157 2.53356 1.60838 0.682468 -0.269033 -0.930647 -1.04948
13.755 -0.691567 1.08041 4.11605 7.28966 9.42419 10.2359 9.91446 8.84324 7.53145 6.77798 7.30296 6.37762 5.23408 5.14026 4.26934 3.41441 3.28962 2.66421 1.5681 0.706852 0.0438382 -0.464069 -0.5787
13.805 -0.697217 0.47787 2.63094 5.53053 8.79462 10.1498 10.5762 9.74143 7.81928 6.52108 6.84837 6.28168 5.30062 5.58574 4.76091 3.73513 3.65138 2.91753 1.58817 0.722386 0.2882 -0.105985 -0.246466
13.855 -1.22229 -0.656791 0.861371 3.52907 7.82533 10.4265 10.7579 10.1146 8.93794 7.19184 6.38559 5.80441 5.07615 5.72087 5.03876 3.99615 4.04529 3.25549 1.69916 0.801056 0.546272 0.215804 0.00745423
13.905 -2.58694 -2.43879 -1.07816 1.51205 6.63249 9.82286 10.4195 10.9354 9.82197 8.49151 7.00457 5.34696 4.70546 5.54517 5.09525 4.17031 4.42644 3.65332 1.91688 0.984505 0.871097 0.559492 0.245497
13.955 -3.61699 -4.19051 -2.98299 -0.310641 5.14934 8.01322 8.35377 10.6956 11.3757 10.1776 8.28985 6.3048 4.79243 4.98225 4.85112 4.19642 4.73147 4.07383 2.24312 1.29407 1.29357 0.968133 0.521523
14.005 -4.11972 -5.11954 -4.25382 -2.42413 2.76413 5.68278 6.14019 9.0992 11.7933 11.6169 10.3761 7.90699 5.81601 4.96981 4.32448 3.99006 4.79177 4.35184 2.55213 1.63272 1.74141 1.4021 0.818146
14.055 -4.29218 -5.52869 -5.18576 -4.25034 -0.512502 2.3578 3.98495 8.27938 10.8965 10.8588 11.9791 10.6424 8.02738 5.77112 4.36482 3.8308 4.483 4.3866 2.79472 1.96013 2.16827 1.8349 1.13658
14.105 -4.53733 -6.0228 -6.26444 -6.01229 -3.43151 -0.595324 1.9872 6.67977 9.22911 9.10041 10.7618 12.391 11.1604 8.50352 5.68029 4.13067 4.16554 4.09812 2.91324 2.21365 2.49457 2.21784 1.46355
14.155 -4.70236 -6.23611 -6.92544 -7.2006 -5.531 -3.0363 -0.74572 3.90555 6.43952 7.00474 10.0372 12.1177 11.7994 11.7129 8.93831 5.9671 4.36863 3.74905 2.99872 2.36831 2.5837 2.47588 1.77688
14.205 -4.67384 -6.0774 -7.04713 -7.74645 -6.91492 -5.10906 -3.51518 0.0997914 2.81128 4.65172 8.87836 11.2729 11.1969 12.4147 12.2173 9.48001 6.23966 4.04908 2.99914 2.44195 2.50316 2.51506 1.99333
14.255 -4.51478 -5.67232 -6.82813 -7.93361 -7.92981 -6.9363 -5.9884 -3.33016 -0.392177 2.44773 6.82243 9.14374 9.55813 12.0072 13.1708 12.1587 10.3831 6.42979 3.57609 2.42441 2.33976 2.37732 2.12082
14.305 -4.40523 -5.16816 -6.3192 -7.6625 -8.31084 -8.04639 -7.68918 -5.90738 -3.33484 -0.789597 3.70189 6.15168 7.44624 11.1467 12.8764 12.76 13.0921 10.6998 6.37675 3.24381 2.14154 2.10569 2.12827
14.355 -4.49552 -4.74436 -5.66412 -6.98578 -8.02259 -8.35026 -8.52038 -7.57751 -5.7663 -3.99387 -0.36873 2.48666 4.95314 9.54167 11.6849 12.2227 13.9922 13.8384 10.1117 6.42498 3.25374 1.63037 1.72153
14.405 -4.89771 -4.56534 -5.07164 -6.12352 -7.26452 -8.02408 -8.6788 -8.53239 -7.56299 -6.50231 -3.85815 -0.881278 2.33495 6.95002 9.27711 10.7038 13.9276 14.8572 12.0554 10.9805 8.30382 2.60101 0.623422
14.455 -5.44693 -4.59432 -4.6378 -5.28983 -6.29289 -7.26429 -8.28632 -8.80182 -8.58588 -8.17939 -6.46608 -3.98392 -1.24175 3.40876 6.22765 8.61171 12.9031 14.5662 12.8829 12.6455 13.1673 8.43783 1.60619
14.505 -6.1251 -4.87795 -4.49768 -4.70629 -5.37112 -6.26036 -7.39909 -8.36018 -8.78616 -8.98924 -8.17321 -6.52355 -4.63282 -0.70933 2.54743 5.94327 11.009 13.2362 12.5939 13.4487 15.369 12.8854 6.65621
14.555 -6.88861 -5.38586 -4.6591 -4.4516 -4.68644 -5.24863 -6.20162 -7.31081 -8.21678 -9.00529 -9.06934 -8.36901 -7.38719 -4.58608 -1.27765 2.70503 8.14156 10.8801 11.2335 13.2278 16.1909 15.1853 10.878
14.605 -7.74297 -6.07832 -5.04799 -4.48991 -4.32303 -4.48171 -5.05371 -5.99063 -7.08891 -8.3142 -9.1397 -9.32244 -9.16812 -7.46033 -4.72173 -1.09649 4.33911 7.67886 8.92657 11.8929 15.7306 15.8534 13.1683
14.655 -8.61187 -6.92972 -5.59272 -4.77598 -4.31711 -4.1496 -4.33181 -4.88999 -5.78797 -7.05418 -8.3205 -9.21039 -9.7956 -9.16238 -7.45794 -4.94421 0.0713066 3.99503 6.06679 9.744 14.1756 15.186 13.8587
14.705 -9.24154 -7.83006 -6.22562 -5.22001 -4.55592 -4.15282 -4.02915 -4.21022 -4.72294 -5.67461 -6.94788 -8.26079 -9.48576 -9.84942 -9.22946 -7.84129 -4.00383 0.0999648 2.89156 7.02249 11.7891 13.4904 13.2998
14.755 -9.08971 -8.09206 -6.33538 -5.73234 -5.2316 -4.47124 -4.03962 -3.90021 -4.05284 -4.5908 -5.54388 -6.85247 -8.42749 -9.61303 -10.0223 -9.69217 -7.24161 -3.49561 -0.29226 4.02305 8.89514 11.1091 11.8038
14.805 -7.71093 -6.94032 -5.33002 -5.83618 -6.47347 -5.41474 -4.35941 -3.81458 -3.65858 -3.89146 -4.53141 -5.60434 -7.13537 -8.73012 -9.90428 -10.4185 -9.1565 -6.33881 -3.17989 1.12857 5.94157 8.51787 9.82296
14.855 -5.75524 -4.75788 -3.40358 -4.33469 -7.08756 -6.59304 -5.39174 -4.58802 -3.82973 -3.63061 -3.93157 -4.71365 -5.99753 -7.59475 -9.1519 -10.2846 -10.0095 -8.17913 -5.49964 -1.45186 3.20975 6.05724 7.78822
14.905 -3.62167 -2.45883 -1.59198 -2.43929 -5.78673 -6.13811 -6.30831 -6.56702 -5.16924 -4.11295 -3.81806 -4.161 -5.0871 -6.46431 -8.07212 -9.56559 -10.0859 -9.20696 -7.18993 -3.60758 0.780149 3.80208 5.83699
14.955 -2.04064 -0.913907 -0.613941 -1.16042 -3.90799 -4.52043 -5.04072 -7.33492 -6.5945 -5.44274 -4.75922 -4.33346 -4.64758 -5.57429 -6.95351 -8.52657 -9.60533 -9.59068 -8.29803 -5.35729 -1.41076 1.67231 3.91522
15.005 -0.68747 0.00968476 -0.138378 -0.542417 -2.59426 -2.71064 -3.14411 -6.09985 -6.17957 -6.33989 -6.82714 -5.6604 -5.04359 -5.27681 -6.13635 -7.451 -8.72688 -9.35942 -8.72718 -6.53572 -3.23378 -0.247778 2.09185
15.055 0.643298 0.732922 0.309773 -0.0954153 -1.47691 -1.62872 -2.02906 -4.56728 -4.94352 -5.37617 -7.40042 -6.83554 -6.0584 -6.07687 -6.14805 -6.82167 -7.86297 -8.69364 -8.59922 -7.22194 -4.72984 -2.00529 0.32834
15.105 2.06882 1.50925 0.877379 0.354268 -0.71954 -1.05721 -1.60824 -3.54939 -3.47338 -3.85479 -6.53913 -6.62141 -6.57215 -7.35435 -6.73715 -6.74579 -7.63985 -8.16224 -8.11435 -7.44105 -5.82876 -3.53255 -1.3282
15.155 3.49395 2.41253 1.55994 0.889771 -0.0579044 -0.542714 -1.06605 -2.74732 -2.71112 -2.79739 -5.21915 -5.62217 -5.9171 -7.69808 -7.39488 -7.03236 -7.87671 -8.11076 -7.81188 -7.51566 -6.63685 -4.80879 -2.81159
15.205 4.8067 3.36177 2.31818 1.50398 0.584847 -0.0230484 -0.591 -1.80969 -1.8638 -2.39954 -4.36161 -4.32636 -4.65527 -7.1889 -7.42874 -7.22999 -8.31946 -8.33382 -7.7645 -7.66271 -7.3447 -5.9347 -4.15385
15.255 5.98284 4.3279 3.14611 2.21845 1.2958 0.602395 -0.0137497 -1.00991 -1.30185 -1.86539 -3.59385 -3.59545 -3.60878 -6.04187 -6.57095 -6.85685 -8.59055 -8.71758 -7.93834 -7.92426 -8.01762 -6.96076 -5.37563
15.305 7.01444 5.28753 4.01776 2.99953 2.05034 1.28453 0.617591 -0.26851 -0.734889 -1.27329 -2.75248 -2.80046 -3.03735 -5.05806 -5.35592 -5.73326 -8.24681 -9.00051 -8.13704 -8.22327 -8.67503 -7.89672 -6.46857
15.355 7.89048 6.22086 4.91779 3.83414 2.84612 2.00897 1.279 0.432712 -0.151325 -0.713332 -1.77865 -1.771 -2.29069 -4.30352 -4.41198 -4.66613 -7.38501 -8.58462 -7.84115 -8.40708 -9.38227 -8.79846 -7.50745
15.405 8.5841 7.1046 5.83145 4.71542 3.69452 2.80182 2.02459 1.20781 0.577723 0.0192039 -0.816999 -0.956398 -1.55119 -3.31972 -3.58927 -3.90486 -6.36501 -7.65898 -7.13765 -7.86732 -9.61073 -9.70698 -8.52872
15.455 9.07123 7.89756 6.72252 5.61672 4.58198 3.65046 2.8307 2.01738 1.34625 0.772055 0.0464714 -0.244917 -0.678912 -2.13674 -2.52049 -3.17156 -5.60062 -6.68333 -6.19623 -6.87781 -9.1197 -9.99995 -9.26647
15.505 9.44944 8.59918 7.54424 6.49016 5.46691 4.51488 3.65933 2.83384 2.12209 1.51719 0.847111 0.471476 0.11459 -0.975741 -1.31908 -2.21715 -4.7145 -5.83828 -5.35913 -5.91838 -8.04617 -9.40998 -9.3242
15.555 9.67263 9.20346 8.27953 7.31714 6.33163 5.37726 4.49448 3.64865 2.89561 2.25 1.59947 1.17137 0.844178 0.110996 -0.197061 -1.22723 -3.65149 -4.74249 -4.36966 -5.0774 -7.13924 -8.4452 -8.67161
15.605 9.65653 9.69745 8.90605 8.06895 7.14955 6.21479 5.31969 4.45695 3.66986 2.98485 2.33358 1.86317 1.53079 0.991997 0.717042 -0.263697 -2.47352 -3.57403 -3.35158 -4.13588 -6.23568 -7.53536 -7.7725
15.655 9.38454 10.0763 9.40984 8.72256 7.8966 7.00544 6.11627 5.24431 4.42825 3.69999 3.02237 2.49415 2.11645 1.67062 1.4326 0.745102 -1.17077 -2.37016 -2.3812 -3.28249 -5.31552 -6.54186 -6.76652
15.705 8.39517 10.0936 9.82813 9.78485 8.74893 7.64285 6.73377 5.88444 5.07938 4.33732 3.64131 3.06348 2.63126 2.22177 2.01222 1.62871 0.103193 -1.14748 -1.43171 -2.46997 -4.43634 -5.57609 -5.75603
15.755 6.7895 9.77571 9.761 10.3901 10.0382 8.51647 7.272 6.34016 5.53315 4.80269 4.12066 3.53223 3.07188 2.68045 2.48183 2.27484 1.21478 0.0397425 -0.521242 -1.68321 -3.56852 -4.63437 -4.77333
15.805 5.17478 8.91059 9.05611 9.84084 10.6045 9.38493 8.51618 7.33516 6.08606 5.16341 4.42149 3.82234 3.3622 3.00277 2.82764 2.73415 2.11211 1.09425 0.308859 -0.92969 -2.70503 -3.70809 -3.82289
15.855 3.52495 7.91315 8.52377 8.58905 10.0525 9.73134 9.25781 8.87052 7.19614 5.78676 4.78332 4.02435 3.50084 3.15032 3.00179 2.98691 2.71414 1.90788 0.997708 -0.245331 -1.86798 -2.81025 -2.91982
15.905 1.48879 5.59639 8.1269 8.99145 9.46671 9.31057 8.98146 9.32331 8.01819 6.88579 5.96827 4.72288 3.80174 3.25115 3.02467 3.02697 2.97814 2.38169 1.45987 0.304988 -1.10143 -1.96591 -2.08445
15.955 0.190203 3.25465 6.45147 9.17401 10.1643 9.16062 8.41575 8.98757 8.24012 7.27083 7.05481 5.66267 4.48116 3.83641 3.27823 3.05693 3.01873 2.5139 1.61942 0.623281 -0.490533 -1.23253 -1.35628
16.005 -0.496771 1.6226 4.79783 7.9367 9.88552 10.2791 9.12748 8.43906 7.89976 7.05043 7.34814 6.24354 5.0641 4.78276 3.94765 3.25352 3.14685 2.58294 1.58745 0.70485 -0.0974651 -0.680773 -0.796385
16.055 -0.723574 0.810689 3.45458 6.47074 9.05274 10.1665 10.4202 9.31539 7.4154 6.57966 7.16075 6.39361 5.30484 5.39475 4.5339 3.57431 3.45861 2.77664 1.56886 0.711416 0.168359 -0.277773 -0.401255
16.105 -0.837913 -0.00265584 1.76576 4.58497 8.46424 10.2721 10.5987 9.94011 8.45251 6.74746 6.50037 6.07747 5.22054 5.6912 4.92777 3.87755 3.84995 3.08068 1.63545 0.754769 0.413726 0.056288 -0.113125
16.155 -1.79767 -1.43164 -0.0536736 2.46736 7.15142 10.4215 10.9095 10.4136 9.17819 7.77288 6.6487 5.46475 4.8681 5.66951 5.09324 4.09318 4.23591 3.44409 1.79127 0.875958 0.695704 0.379642 0.122641
16.205 -3.15902 -3.39228 -2.10139 0.651921 6.02644 8.94232 9.40386 11.2223 10.6507 9.21021 7.53195 5.68104 4.63066 5.27817 5.01008 4.21 4.60078 3.87225 2.07544 1.12979 1.07313 0.756285 0.378707
16.255 -3.9038 -4.72501 -3.67481 -1.41729 4.06665 7.01592 7.29112 9.76534 11.8439 11.1537 9.17144 6.95904 5.17448 4.87893 4.60135 4.11557 4.79639 4.23406 2.40179 1.46195 1.51614 1.18232 0.666183
16.305 -4.23936 -5.35865 -4.72072 -3.33395 1.20723 4.10664 5.07961 8.74558 11.4324 11.4205 11.4159 9.1802 6.76297 5.21872 4.20321 3.88393 4.69778 4.4109 2.68776 1.80233 1.9615 1.62095 0.975785
16.355 -4.39295 -5.77044 -5.72549 -5.13989 -2.02621 0.798924 3.04903 7.60649 10.1884 10.1105 11.6151 11.7288 9.63107 6.90035 4.84239 3.87545 4.27062 4.30197 2.88101 2.10413 2.35252 2.03878 1.30408
16.405 -4.6533 -6.16821 -6.64033 -6.65502 -4.536 -1.81786 0.665618 5.41589 7.97421 8.10019 10.422 12.4055 11.7606 10.2816 7.12724 4.78758 4.14788 3.89619 2.95424 2.30313 2.58524 2.37151 1.62727
16.455 -4.72202 -6.20833 -7.04377 -7.51992 -6.25076 -4.05468 -2.1107 2.05928 4.64602 5.8212 9.56137 11.838 11.6438 12.3741 10.7375 7.54835 5.00287 3.75446 3.01678 2.42372 2.54077 2.53174 1.90415
16.505 -4.58727 -5.89544 -6.97983 -7.89687 -7.49177 -6.09457 -4.82671 -1.69922 1.17293 3.7236 8.0735 10.3728 10.4265 12.1358 12.9718 11.1387 8.19024 4.87666 3.0663 2.41207 2.45948 2.45493 2.05791
16.555 -4.44587 -5.42785 -6.60814 -7.85576 -8.19741 -7.57413 -6.92252 -4.70098 -1.87633 0.892693 5.38184 7.78228 8.61686 11.7147 13.0797 12.6165 12.0684 8.44054 4.65034 2.62091 2.19774 2.27381 2.15704
16.605 -4.39783 -4.92084 -5.98971 -7.36521 -8.24917 -8.29915 -8.21507 -6.85176 -4.61714 -2.43557 1.70912 4.32062 6.23298 10.4889 12.4734 12.5907 13.5839 12.5586 8.41213 4.34929 2.29145 1.92822 2.02392
16.655 -4.67096 -4.63263 -5.36137 -6.57099 -7.68928 -8.24946 -8.6633 -8.12387 -6.7365 -5.32691 -2.19955 0.781603 3.77613 8.38897 10.5702 11.5496 14.1081 14.548 11.2068 9.03806 5.36821 1.50905 1.20823
16.705 -5.15387 -4.55356 -4.83313 -5.69993 -6.80201 -7.69816 -8.55358 -8.74981 -8.15795 -7.41811 -5.22944 -2.42658 0.618001 5.24692 7.85108 9.76191 13.5484 14.8619 12.6269 11.9955 11.0718 5.21601 0.535613
16.755 -5.76561 -4.70242 -4.52891 -4.96212 -5.81674 -6.78434 -7.90194 -8.67108 -8.79127 -8.69298 -7.42861 -5.33314 -2.97292 1.46076 4.49785 7.36485 12.0541 13.999 12.8387 13.153 14.4761 10.9814 3.98667
16.805 -6.49416 -5.1058 -4.54608 -4.54479 -5.00275 -5.75254 -6.83249 -7.90354 -8.58757 -9.08129 -8.70185 -7.51848 -6.08181 -2.71196 0.654099 4.376 9.7064 12.2077 12.076 13.4919 15.9301 14.2322 8.97168
16.855 -7.2748 -5.69312 -4.82715 -4.43908 -4.46528 -4.82519 -5.602 -6.66265 -7.71018 -8.7485 -9.21474 -8.96891 -8.41227 -6.15836 -3.05525 0.910429 6.37266 9.37592 10.1733 12.6787 16.1114 15.7022 12.2391
16.905 -8.19275 -6.48659 -5.30125 -4.60588 -4.28289 -4.26941 -4.64254 -5.40417 -6.44345 -7.74095 -8.82926 -9.38127 -9.59527 -8.4208 -6.17306 -3.09949 2.22102 5.90476 7.57599 10.9259 15.0869 15.6705 13.6818
16.955 -8.95707 -7.37223 -5.89891 -4.98298 -4.41489 -4.12155 -4.14088 -4.50369 -5.21745 -6.35856 -7.68338 -8.83066 -9.75314 -9.62518 -8.45627 -6.49267 -1.98402 2.07588 4.51635 8.44635 13.0737 14.451 13.7161
17.005 -9.31858 -8.11747 -6.42789 -5.44859 -4.79028 -4.26845 -4.0113 -4.0313 -4.35429 -5.09226 -6.2216 -7.57565 -9.01849 -9.82171 -9.73171 -8.89997 -5.78361 -1.75766 1.30524 5.55673 10.3986 12.3714 12.6522
17.055 -8.4928 -7.6804 -5.97414 -6.04768 -5.86672 -4.79607 -4.11311 -3.80539 -3.81709 -4.19955 -4.99085 -6.19549 -7.78984 -9.23621 -10.0638 -10.1728 -8.33013 -5.00924 -1.77636 2.5581 7.41525 9.82311 10.8494
17.105 -6.79215 -5.91607 -4.39806 -5.16376 -7.04721 -6.24816 -4.75776 -3.94771 -3.60013 -3.68374 -4.18588 -5.12528 -6.54547 -8.17759 -9.58861 -10.4402 -9.69024 -7.36124 -4.40237 -0.196055 4.55248 7.27265 8.80534
17.155 -4.62955 -3.56356 -2.41515 -3.34083 -6.57709 -6.52139 -6.22355 -5.63821 -4.29578 -3.72335 -3.77787 -4.3841 -5.51932 -7.03222 -8.64502 -9.98139 -10.1191 -8.76477 -6.399 -2.55752 1.98524 4.92975 6.82068
17.205 -2.78807 -1.58762 -1.01515 -1.74242 -4.8247 -5.42684 -5.83786 -7.30224 -6.1309 -4.64036 -4.03357 -4.08501 -4.76716 -5.963 -7.49815 -9.07547 -9.91271 -9.47912 -7.82122 -4.54032 -0.348318 2.72042 4.8715
17.255 -1.35056 -0.391745 -0.334311 -0.804666 -3.24266 -3.58866 -4.11358 -6.84017 -6.54532 -6.11681 -5.80401 -4.88614 -4.74274 -5.33174 -6.48514 -7.96972 -9.19471 -9.53686 -8.58796 -6.00916 -2.35545 0.699996 3.00262
17.305 -0.0498554 0.355667 0.0589625 -0.308513 -1.97192 -2.07248 -2.44646 -5.32091 -5.66828 -6.04578 -7.37241 -6.36175 -5.55841 -5.54185 -6.00158 -7.04223 -8.25473 -9.06712 -8.7279 -6.9357 -4.02073 -1.14378 1.20558
17.355 1.33656 1.10181 0.579285 0.12924 -1.0572 -1.28447 -1.85903 -4.0673 -4.17039 -4.61248 -7.06729 -6.87279 -6.41117 -6.7908 -6.42747 -6.72185 -7.65657 -8.35299 -8.36022 -7.37628 -5.32641 -2.79743 -0.512831
17.405 2.78427 1.94555 1.20071 0.604727 -0.389839 -0.800615 -1.31916 -3.1763 -3.07159 -3.23202 -5.89284 -6.19054 -6.40033 -7.64368 -7.06616 -6.87045 -7.72923 -8.09352 -7.92864 -7.47194 -6.24628 -4.18655 -2.08214
17.455 4.15894 2.87918 1.92526 1.17718 0.243481 -0.315339 -0.85832 -2.27313 -2.26034 -2.52307 -4.71861 -4.97092 -5.2931 -7.5678 -7.59439 -7.17227 -8.05873 -8.18975 -7.75519 -7.56847 -6.98533 -5.37251 -3.48391
17.505 5.40425 3.83978 2.72365 1.85298 0.93873 0.288607 -0.304264 -1.39898 -1.58375 -2.22602 -4.009 -3.85138 -4.06896 -6.66254 -7.05979 -7.17653 -8.53932 -8.49227 -7.81848 -7.77638 -7.68088 -6.45379 -4.77377
17.555 6.5109 4.80478 3.57337 2.59813 1.6646 0.935184 0.295961 -0.634048 -1.01915 -1.55764 -3.202 -3.28258 -3.28443 -5.47926 -5.99928 -6.34778 -8.49353 -8.91691 -8.06732 -8.07414 -8.32756 -7.42714 -5.92863
17.605 7.46703 5.75416 4.46178 3.40822 2.44006 1.63693 0.936537 0.0714408 -0.464515 -1.01313 -2.25875 -2.25709 -2.71183 -4.68729 -4.82256 -5.1963 -7.89387 -8.88279 -8.04714 -8.35199 -9.0536 -8.34455 -6.98343
17.655 8.25839 6.6658 5.36911 4.26466 3.25859 2.3916 1.63664 0.806935 0.196314 -0.363639 -1.29455 -1.34046 -1.93007 -3.86344 -4.04733 -4.24376 -6.84341 -8.17144 -7.55415 -8.24346 -9.56413 -9.26861 -8.02045
17.705 8.85013 7.50979 6.27724 5.16121 4.13118 3.21762 2.41895 1.60613 0.954444 0.388334 -0.387467 -0.61549 -1.12163 -2.71161 -3.06974 -3.58601 -5.99465 -7.14531 -6.67069 -7.41017 -9.48026 -9.96014 -8.94786
17.755 9.25176 8.25172 7.14078 6.05488 5.02212 4.07802 3.23965 2.42208 1.73191 1.14589 0.455304 0.118129 -0.272333 -1.57796 -1.94256 -2.70254 -5.20328 -6.30977 -5.78212 -6.34995 -8.59277 -9.80491 -9.40709
17.805 9.58768 8.90975 7.9194 6.9065 5.89867 4.94315 4.07269 3.23703 2.50363 1.87782 1.21934 0.814819 0.479156 -0.402827 -0.73748 -1.73625 -4.20395 -5.31341 -4.88785 -5.53552 -7.58139 -8.92682 -9.05617
17.855 9.69431 9.46111 8.60362 7.69991 6.74394 5.79659 4.90575 4.05088 3.28028 2.61546 1.96757 1.51945 1.1947 0.572681 0.283321 -0.757022 -3.08863 -4.17077 -3.86153 -4.60784 -6.70488 -8.0012 -8.24207
17.905 9.55455 9.89803 9.17027 8.4051 7.52892 6.61289 5.71853 4.85031 4.04853 3.34289 2.6817 2.18496 1.83438 1.3509 1.09191 0.233016 -1.84158 -2.98467 -2.87009 -3.70688 -5.77333 -7.04392 -7.28265
17.955 9.13036 10.1618 9.54273 9.08325 8.28609 7.37512 6.4802 5.60647 4.78199 4.03596 3.34205 2.78344 2.37606 1.95254 1.73271 1.2177 -0.522218 -1.76847 -1.91097 -2.87908 -4.87982 -6.06193 -6.26538
18.005 7.61481 10.0699 9.96381 10.2514 9.27919 7.98227 6.99051 6.12754 5.32827 4.5912 3.89932 3.31219 2.86258 2.46248 2.25873 1.97303 0.674773 -0.551015 -0.975126 -2.07855 -4.00788 -5.1096 -5.26783
18.055 5.93512 9.35071 9.46707 10.3271 10.5659 8.93182 7.72625 6.71319 5.78065 4.99605 4.29972 3.70788 3.24366 2.86423 2.67382 2.52815 1.69203 0.585543 -0.0960339 -1.30348 -3.13919 -4.17342 -4.29862
18.105 4.46586 8.4382 8.64027 9.2078 10.4628 9.67777 9.00064 8.08268 6.59165 5.41955 4.55702 3.90904 3.43673 3.0926 2.93483 2.88477 2.45 1.53136 0.66867 -0.582486 -2.28875 -3.26224 -3.37193
18.155 2.45582 6.88 8.49697 8.56042 9.60934 9.62703 9.2392 9.23715 7.65768 6.38152 5.285 4.26896 3.59941 3.18778 3.02411 3.03103 2.88788 2.1908 1.26264 0.0507014 -1.47502 -2.38307 -2.49645
18.205 0.75638 4.39116 7.36272 9.26424 9.79169 9.03656 8.65197 9.22613 8.19662 7.16685 6.62946 5.2234 4.10193 3.43842 3.08154 3.02839 3.00951 2.47785 1.57797 0.499023 -0.771684 -1.58324 -1.70669
18.255 -0.200321 2.36115 5.59498 8.59734 10.2274 9.7868 8.56168 8.61415 8.12142 7.21602 7.27036 6.00189 4.81488 4.34513 3.60255 3.12541 3.054 2.53713 1.61323 0.685421 -0.27102 -0.935835 -1.056
18.305 -0.683247 1.09747 4.1397 7.31343 9.43725 10.2376 9.89522 8.82782 7.53561 6.78168 7.30344 6.37444 5.23075 5.13301 4.26328 3.41279 3.28883 2.66545 1.5723 0.710574 0.0435729 -0.46705 -0.582664
18.355 -0.692393 0.495063 2.66087 5.56124 8.80273 10.1494 10.5745 9.73063 7.79932 6.51573 6.8565 6.285 5.30139 5.58223 4.75691 3.73314 3.64891 2.91674 1.5908 0.725319 0.288092 -0.107982 -0.248795
18.405 -1.20594 -0.632342 0.89129 3.56275 7.84803 10.425 10.7512 10.1074 8.92784 7.17346 6.37925 5.81245 5.08091 5.72163 5.03765 3.99507 4.04256 3.25359 1.70034 0.802766 0.5456 0.214014 0.00602918
18.455 -2.56614 -2.4069 -1.04342 1.54265 6.65259 9.84089 10.4404 10.9257 9.79892 8.46683 6.98928 5.34359 4.70839 5.55038 5.09724 4.17041 4.42383 3.65036 1.91619 0.98433 0.869101 0.557053 0.244001
18.505 -3.60444 -4.16884 -2.95772 -0.278441 5.18046 8.03823 8.38504 10.7189 11.3599 10.1468 8.26269 6.28385 4.78424 4.98899 4.857 4.19906 4.73086 4.07155 2.24171 1.29273 1.29061 0.965037 0.519734
18.555 -4.11346 -5.10788 -4.23579 -2.39406 2.80715 5.72323 6.17401 9.11643 11.7956 11.6123 10.3449 7.87262 5.79078 4.96394 4.3317 3.99507 4.79486 4.35182 2.55116 1.63121 1.73836 1.39885 0.816191
18.605 -4.28963 -5.5208 -5.16833 -4.2216 -0.464904 2.40563 4.01836 8.30002 10.9068 10.8744 11.9799 10.6045 7.98234 5.7456 4.35693 3.83295 4.49095 4.39032 2.79503 1.95915 2.16589 1.83193 1.13448
18.655 -4.53401 -6.01589 -6.24887 -5.98704 -3.39251 -0.556962 2.02514 6.71337 9.25428 9.12699 10.7793 12.3817 11.1288 8.45169 5.64826 4.12059 4.16916 4.10668 2.91586 2.21436 2.49434 2.21617 1.46186
18.705 -4.70305 -6.23494 -6.91709 -7.18368 -5.50152 -3.00098 -0.703229 3.9535 6.48154 7.03601 10.0504 12.1238 11.8019 11.6801 8.88788 5.93035 4.35897 3.75385 3.00161 2.3701 2.58781 2.4767 1.77603
18.755 -4.67774 -6.08263 -7.04726 -7.73838 -6.89348 -5.07669 -3.47275 0.156598 2.86072 4.68161 8.89797 11.2867 11.2122 12.4211 12.1825 9.42651 6.20001 4.03854 3.00363 2.4456 2.50633 2.51963 1.99448
18.805 -4.5185 -5.68032 -6.83373 -7.93295 -7.91741 -6.91298 -5.95559 -3.28423 -0.347725 2.49112 6.86144 9.17407 9.58012 12.01 13.1652 12.1362 10.3311 6.38576 3.55991 2.42632 2.34676 2.38254 2.12239
18.855 -4.40741 -5.17716 -6.32919 -7.66927 -8.30849 -8.03391 -7.66762 -5.87285 -3.29331 -0.740316 3.75325 6.19577 7.47743 11.1605 12.8797 12.7569 13.0703 10.6453 6.33043 3.22645 2.14492 2.11365 2.13292
18.905 -4.49227 -4.75002 -5.67469 -6.99795 -8.03023 -8.34986 -8.51189 -7.55623 -5.73355 -3.95069 -0.31244 2.53432 4.98456 9.56673 11.7062 12.2326 13.9802 13.8106 10.0783 6.36405 3.21877 1.64347 1.73618
18.955 -4.89124 -4.56809 -5.08123 -6.13768 -7.27792 -8.03161 -8.67868 -8.52041 -7.53972 -6.46966 -3.81309 -0.836629 2.37757 6.98911 9.30796 10.7226 13.9305 14.8507 12.0353 10.946 8.22984 2.55618 0.641862
19.005 -5.43818 -4.59355 -4.64425 -5.30267 -6.30881 -7.27824 -8.29504 -8.80064 -8.57384 -8.15787 -6.43167 -3.94172 -1.19181 3.45774 6.26799 8.63868 12.9177 14.5745 12.8785 12.6272 13.1262 8.36618 1.56379
19.055 -6.11411 -4.87313 -4.49933 -4.71467 -5.38521 -6.27705 -7.41503 -8.3699 -8.78652 -8.98037 -8.1516 -6.49069 -4.58854 -0.652068 2.59641 5.97845 11.0341 13.2547 12.5997 13.4406 15.3492 12.8455 6.59603
19.105 -6.87652 -5.37801 -4.65672 -4.45553 -4.69701 -5.26478 -6.22129 -7.32878 -8.22755 -9.00667 -9.05782 -8.34518 -7.35236 -4.53802 -1.22923 2.74702 8.18039 10.9128 11.2541 13.2337 16.1855 15.1652 10.8378
19.155 -7.7284 -6.06721 -5.04258 -4.48978 -4.32858 -4.49299 -5.07059 -6.01061 -7.107 -8.32629 -9.14116 -9.31259 -9.14824 -7.4272 -4.67967 -1.04442 4.39084 7.7207 8.95585 11.9099 15.7391 15.8506 13.1491
19.205 -8.59955 -6.91718 -5.58531 -4.77269 -4.31814 -4.15523 -4.3427 -4.90608 -5.80733 -7.07349 -8.33385 -9.21389 -9.78889 -9.14211 -7.42529 -4.89919 0.125081 4.04285 6.10306 9.7709 14.1963 15.1972 13.8556
19.255 -9.23309 -7.81727 -6.21733 -5.21506 -4.55431 -4.15472 -4.03513 -4.22086 -4.73837 -5.69416 -6.96775 -8.27539 -9.49157 -9.84227 -9.20904 -7.80732 -3.95293 0.14966 2.93111 7.05561 11.8185 13.5123 13.3098
19.305 -9.09993 -8.09747 -6.34192 -5.72262 -5.21772 -4.46818 -4.04298 -3.90806 -4.0645 -4.60633 -5.5623 -6.87064 -8.44123 -9.61654 -10.0136 -9.67212 -7.20638 -3.45237 -0.252984 4.05905 8.92954 11.1374 11.823
19.355 -7.73215 -6.96337 -5.35144 -5.84982 -6.45917 -5.39764 -4.35456 -3.81722 -3.66602 -3.90239 -4.54509 -5.61985 -7.151 -8.74109 -9.9064 -10.4109 -9.13566 -6.30643 -3.14546 1.16262 5.97542 8.54694 9.84541
19.405 -5.78297 -4.78852 -3.42998 -4.35968 -7.09615 -6.59262 -5.37487 -4.56853 -3.82442 -3.63419 -3.94048 -4.72565 -6.01142 -7.60807 -9.16086 -10.2865 -10.0002 -8.15831 -5.47257 -1.42197 3.24067 6.08436 7.81021
19.455 -3.64458 -2.4847 -1.61022 -2.45885 -5.81077 -6.15508 -6.31885 -6.54912 -5.14703 -4.10416 -3.81844 -4.16792 -5.09864 -6.47816 -8.08498 -9.57372 -10.0845 -9.19427 -7.16936 -3.58145 0.809205 3.82848 5.85916
19.505 -2.05817 -0.928482 -0.622314 -1.17292 -3.92862 -4.54672 -5.06697 -7.34682 -6.59413 -5.42331 -4.73691 -4.32571 -4.64989 -5.58311 -6.96558 -8.53821 -9.61102 -9.58651 -8.2858 -5.33757 -1.38566 1.69644 3.93639
19.555 -0.703243 0.0011786 -0.142893 -0.549056 -2.61086 -2.73085 -3.16924 -6.12288 -6.19427 -6.34593 -6.80727 -5.64185 -5.03545 -5.27534 -6.14243 -7.46124 -8.73603 -9.36197 -8.72296 -6.52278 -3.21265 -0.225559 2.11229
19.605 0.625837 0.724058 0.303729 -0.100339 -1.48807 -1.63877 -2.03753 -4.58638 -4.96732 -5.40067 -7.40723 -6.82861 -6.04979 -6.06244 -6.14221 -6.82333 -7.86782 -8.70022 -8.60177 -7.21534 -4.71351 -1.98573 0.347486
19.655 2.05027 1.49902 0.870158 0.349127 -0.727051 -1.06264 -1.61561 -3.56265 -3.49119 -3.87654 -6.55719 -6.63344 -6.57367 -7.3442 -6.72975 -6.74314 -7.6368 -8.16277 -8.11752 -7.43855 -5.81697 -3.51597 -1.31056
19.705 3.47642 2.40128 1.55157 0.883538 -0.0648307 -0.54792 -1.07153 -2.7604 -2.72369 -2.80895 -5.23728 -5.64042 -5.93468 -7.70067 -7.38808 -7.02846 -7.87166 -8.10769 -7.81196 -7.51277 -6.62679 -4.79424 -2.79556
19.755 4.79081 3.35028 2.30905 1.49657 0.577129 -0.0299619 -0.597834 -1.82162 -1.87338 -2.40377 -4.3721 -4.34346 -4.67375 -7.20276 -7.43748 -7.2306 -8.31282 -8.32879 -7.76196 -7.65833 -7.33478 -5.9209 -4.13856
19.805 5.96862 4.31628 3.13636 2.21029 1.28796 0.595445 -0.0203625 -1.01927 -1.30915 -1.875 -3.60634 -3.60463 -3.6205 -6.0591 -6.5861 -6.86944 -8.59172 -8.71132 -7.9339 -7.91896 -8.00818 -6.94794 -5.36149
19.855 7.002 5.27602 4.00751 2.99061 2.04201 1.27713 0.610822 -0.2766 -0.741615 -1.28045 -2.76582 -2.81591 -3.04565 -5.06865 -5.37304 -5.74965 -8.25568 -9.00168 -8.13718 -8.21847 -8.6639 -7.88408 -6.45519
19.905 7.87997 6.20965 4.90719 3.82458 2.83728 2.00103 1.27171 0.424647 -0.158921 -0.72136 -1.79174 -1.78406 -2.30174 -4.31431 -4.42182 -4.6805 -7.40107 -8.59507 -7.84731 -8.40781 -9.37503 -8.78527 -7.49371
19.955 8.57598 7.09401 5.82063 4.70516 3.68482 2.79283 2.01616 1.19899 0.569146 0.0104429 -0.828284 -0.965595 -1.56195 -3.33561 -3.60339 -3.91365 -6.37687 -7.67423 -7.15038 -7.87881 -9.61085 -9.69659 -8.51608
