10.005 0.613055 -0.155909 0.829969 -0.457932 0.963062 -0.7137 0.998921 -0.897416 0.93392 -0.990519 0.774618 -0.98361 0.537107 -0.877386
10.055 0.498484 -0.0184746 0.745297 -0.33122 0.916835 -0.610502 0.995807 -0.828153 0.974234 -0.962186 0.85429 -0.999066 0.648091 -0.935071
10.105 0.374425 0.119311 0.646439 -0.198203 0.853157 -0.495685 0.973739 -0.743128 0.996004 -0.915538 0.917701 -0.995506 0.74674 -0.974958
10.155 0.24324 0.254827 0.535277 -0.0614135 0.77324 -0.371432 0.933138 -0.643958 0.998817 -0.851464 0.963646 -0.972997 0.831176 -0.996288
10.205 0.107425 0.385491 0.413927 0.0765448 0.678606 -0.24011 0.874776 -0.532532 0.982619 -0.771184 0.991248 -0.931969 0.899791 -0.998655
10.255 -0.0304346 0.508819 0.284699 0.213046 0.571056 -0.104217 0.799763 -0.410969 0.947717 -0.676226 0.999984 -0.873203 0.951281 -0.982014
10.305 -0.167715 0.622462 0.150051 0.345493 0.452636 0.0336588 0.709528 -0.281585 0.894778 -0.568396 0.989686 -0.797816 0.984664 -0.946681
10.355 -0.301803 0.724257 0.0125478 0.471363 0.325601 0.170894 0.605788 -0.14684 0.824807 -0.449748 0.960551 -0.707244 0.999305 -0.89333
10.405 -0.430147 0.812267 -0.125194 0.588262 0.192368 0.304877 0.490518 -0.00930095 0.739138 -0.32254 0.913133 -0.60321 0.994926 -0.822976
10.455 -0.550303 0.884817 -0.260554 0.693964 0.0554746 0.433057 0.365912 0.128415 0.6394 -0.189192 0.848335 -0.487695 0.97161 -0.736957
10.505 -0.659986 0.940525 -0.390954 0.786457 -0.0824751 0.552994 0.234341 0.263687 0.527492 -0.0522436 0.76739 -0.362898 0.9298 -0.636912
10.555 -0.757106 0.978332 -0.513913 0.863981 -0.218855 0.662406 0.0983094 0.393941 0.405543 0.0856994 0.671839 -0.231193 0.870293 -0.524744
10.605 -0.839816 0.997517 -0.62709 0.925061 -0.351069 0.759209 -0.0395933 0.516696 0.275876 0.222011 0.563501 -0.0950878 0.794222 -0.402588
10.655 -0.906541 0.997717 -0.728331 0.968533 -0.476602 0.841562 -0.176742 0.629616 0.140958 0.354097 0.444436 0.0428273 0.703033 -0.272769
10.705 -0.956011 0.978926 -0.81571 0.993571 -0.593062 0.907898 -0.310527 0.730553 0.00335703 0.479444 0.316913 0.179927 0.598463 -0.137758
10.755 -0.987285 0.941502 -0.887563 0.999697 -0.698235 0.956952 -0.438402 0.817584 -0.134308 0.595665 0.183358 0.313602 0.482502 -0.000125927
10.805 -0.999767 0.886158 -0.942522 0.986796 -0.790118 0.987793 -0.557932 0.889054 -0.269416 0.700548 0.0463124 0.441309 0.357358 0.137509
10.855 -0.993221 0.813948 -0.979542 0.955112 -0.866962 0.999832 -0.666843 0.943602 -0.399397 0.792097 -0.0916144 0.560615 0.225411 0.272527
10.905 -0.967769 0.726245 -0.997917 0.905249 -0.927304 0.992841 -0.763061 0.98019 -0.521776 0.86857 -0.227797 0.669251 0.0891746 0.402357
10.955 -0.923898 0.624719 -0.997299 0.838156 -0.969997 0.966952 -0.844755 0.998121 -0.634223 0.92851 -0.359645 0.765149 -0.0487594 0.524529
11.005 -0.862441 0.511303 -0.977698 0.75511 -0.994227 0.922659 -0.910371 0.997055 -0.734599 0.970778 -0.484647 0.846483 -0.185765 0.636718
11.055 -0.784569 0.388154 -0.939488 0.657691 -0.999533 0.860804 -0.958659 0.977011 -0.820993 0.994569 -0.600424 0.911706 -0.319236 0.736787
11.105 -0.691764 0.257618 -0.883397 0.547754 -0.985815 0.782565 -0.9887 0.938371 -0.89176 0.999429 -0.704773 0.959575 -0.44663 0.822833
11.155 -0.585791 0.122178 -0.810491 0.427392 -0.953332 0.689431 -0.999923 0.88187 -0.945554 0.985266 -0.795708 0.98918 -0.565523 0.893217
11.205 -0.46867 -0.0155873 -0.722158 0.298894 -0.902705 0.583175 -0.992114 0.808584 -0.98135 0.95235 -0.871497 0.999958 -0.673652 0.9466
11.255 -0.342627 -0.153056 -0.620081 0.164708 -0.834896 0.465818 -0.965421 0.719908 -0.998468 0.901308 -0.930699 0.991703 -0.768959 0.981966
11.305 -0.210064 -0.287611 -0.506201 0.0273864 -0.751196 0.339596 -0.920353 0.617529 -0.996581 0.833111 -0.972186 0.964572 -0.84963 0.998642
11.355 -0.0735016 -0.416693 -0.382686 -0.110456 -0.653197 0.20691 -0.857767 0.503397 -0.975726 0.749056 -0.995169 0.919082 -0.914129 0.996309
11.405 0.0644594 -0.537843 -0.251887 -0.246197 -0.542767 0.0702852 -0.778854 0.379683 -0.9363 0.650744 -0.999211 0.856098 -0.96123 0.975014
11.455 0.201193 -0.648756 -0.116294 -0.377251 -0.422005 -0.067677 -0.685117 0.248742 -0.879052 0.540046 -0.984233 0.77682 -0.990034 0.93516
11.505 0.334098 -0.74732 0.0215126 -0.501125 -0.293211 -0.204351 -0.57834 0.113067 -0.805072 0.419069 -0.950522 0.682756 -0.999995 0.877507
11.555 0.460644 -0.831661 0.15891 -0.61546 -0.158836 -0.337136 -0.460555 -0.02476 -0.715769 0.290116 -0.89872 0.575697 -0.990922 0.803152
11.605 0.578422 -0.900172 0.293282 -0.718082 -0.0214379 -0.463503 -0.334004 -0.162116 -0.612843 0.15564 -0.829811 0.45768 -0.962988 0.713509
11.655 0.68519 -0.951549 0.422072 -0.807035 0.116368 -0.581049 -0.201096 -0.296386 -0.498252 0.0182028 -0.745108 0.330952 -0.916726 0.610287
11.705 0.778917 -0.984816 0.542829 -0.880628 0.251959 -0.687535 -0.0643603 -0.425015 -0.374177 -0.119581 -0.646223 0.197924 -0.853014 0.495448
11.755 0.857818 -0.999337 0.653254 -0.937459 0.382755 -0.780935 0.0736006 -0.545554 -0.24298 -0.255089 -0.535039 0.0611299 -0.773067 0.371179
11.805 0.920391 -0.994838 0.751245 -0.976447 0.506265 -0.85947 0.210161 -0.65571 -0.107159 -0.385742 -0.41367 -0.0768282 -0.678405 0.239845
11.855 0.965447 -0.971403 0.834937 -0.99685 0.62014 -0.921647 0.34272 -0.753385 0.0307024 -0.509053 -0.284428 -0.213324 -0.570831 0.103946
11.905 0.992126 -0.929478 0.902737 -0.998279 0.72221 -0.966282 0.468757 -0.83672 0.167979 -0.622675 -0.149772 -0.345759 -0.452392 -0.0339312
11.955 0.999922 -0.869863 0.953355 -0.980707 0.810535 -0.992525 0.585872 -0.90413 0.302058 -0.724445 -0.012265 -0.471614 -0.325342 -0.171163
12.005 0.988685 -0.793691 0.985827 -0.944469 0.883432 -0.999876 0.691835 -0.95433 0.430389 -0.812426 0.125475 -0.588492 -0.1921 -0.305136
12.055 0.958631 -0.702412 0.999535 -0.890254 0.939514 -0.988197 0.78463 -0.986367 0.550527 -0.884943 0.260827 -0.694168 -0.0552016 -0.433302
12.105 0.91033 -0.597764 0.994219 -0.819095 0.977714 -0.957708 0.862491 -0.999629 0.660187 -0.940617 0.391214 -0.786633 0.0827477 -0.553221
12.155 0.844702 -0.481738 0.969979 -0.732345 0.997304 -0.908991 0.923935 -0.993865 0.757281 -0.978388 0.514155 -0.864124 0.219122 -0.66261
12.205 0.762996 -0.356542 0.927276 -0.631656 0.997912 -0.842972 0.967794 -0.969183 0.839961 -0.997536 0.62731 -0.925169 0.351325 -0.759387
12.255 0.666768 -0.224561 0.866925 -0.518944 0.979527 -0.760908 0.993232 -0.926055 0.906654 -0.997698 0.728525 -0.968604 0.476842 -0.84171
12.305 0.557849 -0.0883053 0.790072 -0.396355 0.942497 -0.664362 0.999765 -0.865301 0.95609 -0.97887 0.815874 -0.993603 0.593283 -0.908012
12.355 0.438312 0.0496312 0.698182 -0.266222 0.887528 -0.55517 0.987269 -0.788076 0.987328 -0.94141 0.887693 -0.99969 0.698431 -0.957031
12.405 0.310432 0.186623 0.593003 -0.131022 0.815666 -0.435412 0.955982 -0.695852 0.999773 -0.886032 0.942617 -0.986749 0.790285 -0.987835
12.455 0.176643 0.320063 0.476537 0.00667252 0.72828 -0.307366 0.906499 -0.590384 0.99319 -0.81379 0.979599 -0.955028 0.867098 -0.999837
12.505 0.0394929 0.44741 0.351 0.14424 0.627031 -0.17347 0.839762 -0.473678 0.967702 -0.726058 0.997935 -0.905128 0.927406 -0.992808
12.555 -0.0984094 0.566242 0.218783 0.279061 0.513848 -0.0362716 0.757042 -0.347956 0.923795 -0.624507 0.997278 -0.838 0.970063 -0.966882
12.605 -0.234439 0.674296 0.0824018 0.408572 0.390884 0.101617 0.659912 -0.215611 0.862305 -0.511069 0.977638 -0.754923 0.994256 -0.922554
12.655 -0.366005 0.769516 -0.0555481 0.530305 0.260481 0.237571 0.550221 -0.079163 0.784403 -0.387904 0.939391 -0.657476 0.999525 -0.860665
12.705 -0.490606 0.85009 -0.192441 0.641945 0.125119 0.369003 0.430058 0.0587922 0.69157 -0.257355 0.883264 -0.547516 0.985769 -0.782395
12.755 -0.605869 0.914483 -0.32567 0.741367 -0.0126238 0.493412 0.30171 0.195628 0.585575 -0.121908 0.810325 -0.427134 0.95325 -0.689234
12.805 -0.709599 0.96147 -0.452701 0.826677 -0.150126 0.60843 0.167618 0.328741 0.468433 0.0158592 0.721962 -0.298622 0.902587 -0.582953
12.855 -0.799824 0.990157 -0.571116 0.896253 -0.284772 0.711867 0.0303365 0.455596 0.342376 0.153325 0.619858 -0.164426 0.834745 -0.465577
12.905 -0.874824 0.999997 -0.67866 0.94877 -0.413997 0.801754 -0.107523 0.57378 0.209802 0.287872 0.505956 -0.0271011 0.751015 -0.33934
12.955 -0.933174 0.990804 -0.773287 0.983229 -0.535342 0.876381 -0.243335 0.681043 0.073235 0.41694 0.382424 0.11074 0.65299 -0.206643
13.005 -0.973762 0.962753 -0.853195 0.998973 -0.646497 0.934328 -0.374516 0.775343 -0.0647261 0.538072 0.251612 0.246473 0.542537 -0.0700134
13.055 -0.995816 0.916376 -0.916864 0.995703 -0.745348 0.974491 -0.498569 0.854886 -0.201455 0.648962 0.116012 0.377515 0.421757 0.0679489
13.105 -0.998916 0.852558 -0.963082 0.973481 -0.830011 0.996105 -0.613132 0.918156 -0.33435 0.747501 -0.0217965 0.501372 0.292949 0.204618
13.155 -0.983003 0.772513 -0.990968 0.93273 -0.898877 0.998761 -0.716025 0.963951 -0.460881 0.831812 -0.15919 0.615686 0.158566 0.337392
13.205 -0.94838 0.677764 -0.999994 0.874227 -0.950634 0.982406 -0.805289 0.991399 -0.57864 0.90029 -0.293554 0.71828 0.0211644 0.463745
13.255 -0.895705 0.570114 -0.989985 0.799083 -0.984297 0.947353 -0.879226 0.999977 -0.685385 0.951633 -0.42233 0.807204 -0.11664 0.581271
13.305 -0.825982 0.451613 -0.961134 0.70873 -0.999225 0.894268 -0.936428 0.989521 -0.779084 0.984863 -0.543068 0.880763 -0.252224 0.687733
13.355 -0.740538 0.324517 -0.913989 0.604888 -0.995134 0.824161 -0.975806 0.960232 -0.857955 0.999347 -0.653469 0.937559 -0.383008 0.781105
13.405 -0.640999 0.191243 -0.849447 0.489532 -0.972102 0.738369 -0.996612 0.912665 -0.920496 0.99481 -0.751432 0.976509 -0.506501 0.85961
13.455 -0.529259 0.0543301 -0.768737 0.364859 -0.930568 0.638522 -0.998448 0.847728 -0.965516 0.971338 -0.835093 0.996873 -0.620354 0.921753
13.505 -0.407445 -0.0836174 -0.673396 0.233241 -0.871321 0.526522 -0.98128 0.766655 -0.99216 0.929378 -0.902859 0.998262 -0.722399 0.966352
13.555 -0.277876 -0.219973 -0.565237 0.0971834 -0.79549 0.4045 -0.945435 0.670989 -0.999919 0.869729 -0.953441 0.980651 -0.810695 0.992558
13.605 -0.143018 -0.352142 -0.44632 -0.0407237 -0.704518 0.274779 -0.891594 0.562553 -0.988645 0.793525 -0.985875 0.944375 -0.88356 0.999872
13.655 -0.00543832 -0.477609 -0.318908 -0.177856 -0.600137 0.139828 -0.820784 0.443409 -0.958555 0.702218 -0.999544 0.890124 -0.939608 0.988155
13.705 0.132245 -0.593985 -0.185426 -0.311602 -0.484333 0.00221598 -0.734351 0.315825 -0.910219 0.597546 -0.994188 0.818931 -0.977771 0.957629
13.755 0.267412 -0.699055 -0.048414 -0.439418 -0.35931 -0.135439 -0.63394 0.18223 -0.844559 0.481499 -0.969909 0.73215 -0.997324 0.908877
13.805 0.397488 -0.79082 0.0895191 -0.55887 -0.227448 -0.270515 -0.521464 0.0451669 -0.762824 0.356288 -0.92717 0.631434 -0.997895 0.842825
13.855 0.519999 -0.867532 0.225748 -0.667685 -0.0912572 -0.400443 -0.399062 -0.0927562 -0.666569 0.224296 -0.866783 0.518699 -0.979471 0.760731
13.905 0.632613 -0.927733 0.357681 -0.763791 0.0466708 -0.522749 -0.269065 -0.228914 -0.557627 0.0880344 -0.789898 0.396092 -0.942405 0.664158
13.955 0.733185 -0.970275 0.482805 -0.84536 0.18371 -0.635105 -0.133946 -0.360714 -0.438072 -0.0499027 -0.697978 0.265946 -0.887402 0.554944
14.005 0.819803 -0.994349 0.59874 -0.910838 0.317253 -0.735372 0.00372242 -0.485649 -0.310178 -0.18689 -0.592773 0.130738 -0.815508 0.435166
14.055 0.890816 -0.999497 0.703279 -0.95898 0.444758 -0.821643 0.14132 -0.60134 -0.176381 -0.32032 -0.476286 -0.00695912 -0.728092 0.307107
14.105 0.944874 -0.985621 0.794431 -0.988869 0.563797 -0.892275 0.276227 -0.705586 -0.0392264 -0.447654 -0.350733 -0.144523 -0.626818 0.173201
14.155 0.980948 -0.952986 0.870463 -0.999937 0.672105 -0.945924 0.405877 -0.796402 0.0986748 -0.566466 -0.218505 -0.279337 -0.513613 0.0359993
14.205 0.998351 -0.902211 0.929927 -0.991971 0.76762 -0.981569 0.527802 -0.872059 0.234698 -0.674497 -0.0821176 -0.408833 -0.390632 -0.101888
14.255 0.996751 -0.834264 0.971691 -0.965125 0.848525 -0.99853 0.63968 -0.931118 0.366254 -0.76969 0.0558328 -0.530548 -0.260217 -0.237836
14.305 0.97618 -0.750439 0.99496 -0.91991 0.913279 -0.996486 0.739384 -0.972454 0.490838 -0.850233 0.192721 -0.642165 -0.124848 -0.369257
14.355 0.937028 -0.652329 0.999292 -0.857185 0.960651 -0.975476 0.825014 -0.995281 0.606081 -0.914593 0.32594 -0.741559 0.0128972 -0.493649
14.405 0.880042 -0.541803 0.984603 -0.778145 0.989737 -0.935898 0.894941 -0.999164 0.709787 -0.961545 0.452956 -0.826839 0.150397 -0.608646
14.455 0.806305 -0.420965 0.951174 -0.684294 0.999986 -0.878507 0.947834 -0.98403 0.799984 -0.990195 0.57135 -0.89638 0.285034 -0.712058
14.505 0.717221 -0.292115 0.899641 -0.577418 0.991201 -0.804395 0.982686 -0.950166 0.874954 -0.999998 0.67887 -0.948861 0.414245 -0.801917
14.555 0.614486 -0.157704 0.830984 -0.459552 0.96355 -0.714972 0.998835 -0.898216 0.93327 -0.990767 0.773468 -0.983281 0.535573 -0.876513
14.605 0.500055 -0.0202918 0.746511 -0.332939 0.917559 -0.611941 0.995972 -0.829171 0.973823 -0.962679 0.853344 -0.998986 0.646706 -0.934425
14.655 0.376106 0.117507 0.647828 -0.199989 0.854104 -0.497262 0.974152 -0.744343 0.99584 -0.916268 0.916978 -0.995676 0.74553 -0.974552
14.705 0.244998 0.253069 0.536816 -0.0632324 0.774391 -0.373119 0.93379 -0.645348 0.998904 -0.852416 0.963159 -0.973415 0.830164 -0.99613
14.755 0.109227 0.383814 0.415585 0.0747276 0.67994 -0.241874 0.875655 -0.534069 0.982954 -0.77234 0.991007 -0.932627 0.898997 -0.998747
14.805 -0.0286226 0.507253 0.286445 0.211265 0.572547 -0.106025 0.800853 -0.412626 0.948295 -0.677564 0.999993 -0.874087 0.950719 -0.982355
14.855 -0.165928 0.621038 0.151853 0.343782 0.454256 0.0318422 0.710808 -0.283328 0.895587 -0.569891 0.989945 -0.79891 0.984345 -0.947265
14.905 -0.300074 0.723003 0.01437 0.469755 0.327319 0.169103 0.607234 -0.148638 0.825832 -0.451371 0.961055 -0.708527 0.999235 -0.894146
14.955 -0.42851 0.811206 -0.123386 0.586787 0.194152 0.303145 0.492101 -0.0111184 0.740359 -0.32426 0.913873 -0.604659 0.995107 -0.824007
15.005 -0.548789 0.883968 -0.258794 0.69265 0.0572893 0.431418 0.367603 0.126613 0.640794 -0.190977 0.849296 -0.489281 0.972038 -0.738185
15.055 -0.658623 0.939906 -0.389276 0.78533 -0.0806636 0.551479 0.236107 0.261934 0.529033 -0.0540586 0.768554 -0.364591 0.930468 -0.638312
15.105 -0.75592 0.977954 -0.512349 0.863062 -0.217081 0.661043 0.100118 0.392269 0.407202 0.0838884 0.673184 -0.232961 0.871187 -0.52629
15.155 -0.83883 0.997388 -0.625669 0.924367 -0.349367 0.758025 -0.037777 0.515139 0.27762 0.220239 0.565001 -0.096897 0.795325 -0.404251
15.205 -0.905774 0.997838 -0.727081 0.968078 -0.475003 0.840579 -0.174953 0.628203 0.142755 0.352397 0.446064 0.0410113 0.704324 -0.274517
15.255 -0.955478 0.979295 -0.814655 0.993363 -0.591598 0.907134 -0.308799 0.72931 0.00517219 0.477848 0.318636 0.178139 0.599918 -0.139558
15.305 -0.986995 0.942113 -0.886722 0.99974 -0.696933 0.956423 -0.436767 0.816536 -0.132509 0.594204 0.185144 0.311876 0.484093 -0.0019435
15.355 -0.999727 0.886999 -0.941912 0.987089 -0.789002 0.987508 -0.556423 0.888221 -0.267668 0.69925 0.0481279 0.439677 0.359055 0.135708
15.405 -0.99343 0.815003 -0.979173 0.95565 -0.866054 0.999797 -0.665487 0.942999 -0.397732 0.790986 -0.0898043 0.559109 0.227182 0.270777
15.455 -0.968224 0.727494 -0.997798 0.906022 -0.926622 0.993056 -0.761885 0.979828 -0.520226 0.867667 -0.226027 0.667899 0.0909848 0.400692
15.505 -0.92459 0.626138 -0.997431 0.839149 -0.969553 0.967414 -0.843781 0.998008 -0.632819 0.927834 -0.357948 0.763977 -0.0469439 0.522981
15.555 -0.863357 0.512864 -0.978079 0.756303 -0.99403 0.923358 -0.909617 0.997193 -0.733366 0.97034 -0.483056 0.845514 -0.183979 0.635315
15.605 -0.785691 0.389829 -0.940111 0.659063 -0.999587 0.861728 -0.95814 0.977397 -0.819955 0.994378 -0.598969 0.910957 -0.317513 0.735557
15.655 -0.693071 0.259374 -0.884249 0.549278 -0.986118 0.783695 -0.988426 0.938997 -0.890937 0.999489 -0.703482 0.959062 -0.445003 0.821799
15.705 -0.58726 0.123982 -0.811557 0.429038 -0.95388 0.690746 -0.999899 0.882725 -0.944961 0.985575 -0.794605 0.988912 -0.564023 0.892398
15.755 -0.47027 -0.01377 -0.723418 0.300633 -0.903486 0.58465 -0.99234 0.809652 -0.981 0.952903 -0.870604 0.99994 -0.672307 0.946013
15.805 -0.34433 -0.15126 -0.621509 0.166505 -0.835895 0.467426 -0.965893 0.721168 -0.998366 0.902094 -0.930033 0.991935 -0.767796 0.981621
15.855 -0.211836 -0.28587 -0.507771 0.029208 -0.752394 0.341305 -0.921062 0.618958 -0.99673 0.834114 -0.971759 0.96505 -0.84867 0.998545
15.905 -0.0753094 -0.41504 -0.384369 -0.108645 -0.654573 0.208688 -0.858699 0.504966 -0.976122 0.750259 -0.994989 0.919797 -0.913391 0.996464
15.955 0.0626502 -0.536309 -0.25365 -0.24443 -0.544292 0.0720982 -0.779993 0.381364 -0.936935 0.652123 -0.999281 0.857036 -0.960727 0.975416
16.005 0.199417 -0.647371 -0.118104 -0.375563 -0.423652 -0.0658635 -0.68644 0.250502 -0.879915 0.541575 -0.984553 0.777963 -0.989776 0.935802
16.055 0.332389 -0.746111 0.0196906 -0.499547 -0.294948 -0.202572 -0.579822 0.114873 -0.806148 0.420719 -0.951086 0.684083 -0.999987 0.878377
16.105 0.459034 -0.83065 0.15711 -0.614023 -0.16063 -0.335424 -0.462168 -0.0229429 -0.717036 0.291855 -0.899515 0.577182 -0.991165 0.804233
16.155 0.576942 -0.899379 0.291539 -0.716812 -0.023255 -0.461892 -0.335717 -0.160322 -0.614276 0.157436 -0.830824 0.459295 -0.963477 0.714782
16.205 0.683868 -0.950989 0.42042 -0.805958 0.114563 -0.579569 -0.202876 -0.29465 -0.499825 0.02002 -0.746319 0.332666 -0.91745 0.611725
16.255 0.777779 -0.984498 0.541298 -0.879763 0.2502 -0.686214 -0.066174 -0.423369 -0.375859 -0.117777 -0.647609 0.199706 -0.853961 0.497026
16.305 0.856885 -0.999269 0.651873 -0.936823 0.381075 -0.779798 0.0717878 -0.54403 -0.244741 -0.253332 -0.536573 0.062944 -0.774218 0.372866
16.355 0.919681 -0.99502 0.750041 -0.976052 0.504697 -0.85854 0.208383 -0.654337 -0.108963 -0.384065 -0.415324 -0.0750159 -0.679739 0.241609
16.405 0.964973 -0.971833 0.833933 -0.996704 0.618713 -0.920941 0.341012 -0.752189 0.028888 -0.507488 -0.28617 -0.211548 -0.572322 0.105754
16.455 0.991898 -0.930147 0.901952 -0.998384 0.720952 -0.965812 0.467151 -0.835724 0.166189 -0.621251 -0.151569 -0.344053 -0.454012 -0.0321146
16.505 0.999943 -0.870758 0.952803 -0.981062 0.809469 -0.992301 0.584398 -0.903352 0.300328 -0.72319 -0.0140825 -0.47001 -0.32706 -0.169372
16.555 0.988956 -0.794795 0.98552 -0.945066 0.882579 -0.999903 0.690521 -0.953786 0.428749 -0.811365 0.123672 -0.587021 -0.193883 -0.303405
16.605 0.959145 -0.703704 0.999478 -0.891083 0.93889 -0.988473 0.783502 -0.986066 0.549011 -0.884095 0.259072 -0.692859 -0.0570163 -0.431664
16.655 0.911078 -0.59922 0.994413 -0.820139 0.977331 -0.958229 0.86157 -0.999578 0.658822 -0.939999 0.389541 -0.785509 0.0809362 -0.551706
16.705 0.845671 -0.48333 0.97042 -0.733585 0.997169 -0.909747 0.923239 -0.994064 0.756094 -0.978011 0.512596 -0.863208 0.217348 -0.661247
16.755 0.764167 -0.35824 0.927957 -0.633068 0.998028 -0.843948 0.967335 -0.96963 0.838975 -0.997407 0.625894 -0.924477 0.349623 -0.758203
16.805 0.668118 -0.226332 0.867832 -0.520501 0.979891 -0.762086 0.993019 -0.92674 0.905887 -0.99782 0.727279 -0.96815 0.475244 -0.840727
16.855 0.559352 -0.0901156 0.791188 -0.398027 0.943103 -0.665719 0.999803 -0.86621 0.955556 -0.97924 0.814821 -0.993396 0.591818 -0.907249
16.905 0.43994 0.0478158 0.699486 -0.267978 0.888364 -0.556681 0.987557 -0.789194 0.987038 -0.942022 0.886855 -0.999734 0.697129 -0.956503
16.955 0.312155 0.184837 0.594469 -0.132828 0.816716 -0.437047 0.956514 -0.697156 0.999733 -0.886874 0.942008 -0.987043 0.78917 -0.987551
17.005 0.178427 0.31834 0.478138 0.00485019 0.729524 -0.309095 0.907265 -0.59185 0.993399 -0.814845 0.979232 -0.955565 0.866191 -0.999802
17.055 0.0413042 0.445784 0.352706 0.142436 0.628446 -0.175259 0.840748 -0.475278 0.968158 -0.727307 0.997817 -0.905899 0.926725 -0.993024
17.105 -0.0966052 0.564743 0.220561 0.277311 0.515406 -0.038088 0.758228 -0.349659 0.924489 -0.625926 0.99741 -0.838991 0.96962 -0.967345
17.155 -0.232676 0.672953 0.0842178 0.406908 0.392556 0.0998084 0.661276 -0.217386 0.863223 -0.512631 0.978019 -0.756114 0.99406 -0.923253
17.205 -0.364318 0.768354 -0.0537284 0.528759 0.262235 0.235805 0.551738 -0.0809747 0.785527 -0.389578 0.940013 -0.658845 0.999579 -0.861589
17.255 -0.489026 0.849131 -0.190652 0.640547 0.126922 0.367313 0.431698 0.0569777 0.69288 -0.259111 0.884114 -0.549036 0.986072 -0.783526
17.305 -0.604425 0.913746 -0.323947 0.740142 -0.0108063 0.49183 0.303442 0.193846 0.587045 -0.123712 0.811388 -0.428777 0.953798 -0.690549
17.355 -0.708321 0.960969 -0.451076 0.82565 -0.148329 0.606986 0.16941 0.327024 0.470036 0.0140418 0.723219 -0.300356 0.903368 -0.584429
17.405 -0.798734 0.989901 -0.569619 0.895443 -0.283029 0.710589 0.0321532 0.453978 0.344081 0.151528 0.621283 -0.166219 0.835745 -0.467185
17.455 -0.873945 0.999991 -0.67732 0.948193 -0.412341 0.800667 -0.105715 0.572291 0.211577 0.286131 0.507523 -0.028918 0.752214 -0.341049
17.505 -0.932521 0.991049 -0.77213 0.982895 -0.533806 0.875504 -0.241572 0.679711 0.0750452 0.415287 0.384102 0.108933 0.654366 -0.208421
17.555 -0.973348 0.963243 -0.852243 0.998888 -0.645109 0.933679 -0.37283 0.774194 -0.0629146 0.536539 0.253371 0.244711 0.544063 -0.0718264
17.605 -0.995649 0.917103 -0.916135 0.99587 -0.744135 0.974081 -0.496992 0.853941 -0.199677 0.647579 0.117817 0.375832 0.423404 0.0661354
17.655 -0.998999 0.853507 -0.962589 0.973896 -0.828996 0.995944 -0.611695 0.917435 -0.332639 0.746292 -0.0199794 0.499798 0.294687 0.202838
17.705 -0.983334 0.773666 -0.990722 0.933386 -0.898079 0.99885 -0.714755 0.963466 -0.459269 0.830802 -0.157395 0.614252 0.16036 0.335681
17.755 -0.948953 0.679099 -0.999998 0.87511 -0.950068 0.982744 -0.80421 0.99116 -0.577158 0.899498 -0.291816 0.717015 0.0229816 0.462134
17.805 -0.89651 0.571607 -0.990241 0.800178 -0.983974 0.947933 -0.878359 0.999987 -0.684062 0.951073 -0.420682 0.80613 -0.114835 0.579791
17.855 -0.827003 0.453234 -0.961635 0.710015 -0.999151 0.89508 -0.935789 0.989782 -0.777945 0.984546 -0.541541 0.879901 -0.250465 0.686412
17.905 -0.741755 0.326235 -0.914727 0.606338 -0.995311 0.82519 -0.975407 0.960737 -0.857021 0.99928 -0.652092 0.936925 -0.381328 0.779969
17.955 -0.642389 0.193027 -0.850407 0.49112 -0.972527 0.739593 -0.99646 0.913407 -0.919785 0.994993 -0.750232 0.976116 -0.504933 0.85868
18.005 -0.530796 0.0561449 -0.769902 0.366555 -0.931232 0.63992 -0.998547 0.84869 -0.965042 0.971768 -0.834092 0.996727 -0.618927 0.921047
18.055 -0.4091 -0.0818061 -0.674742 0.235012 -0.872212 0.528066 -0.981628 0.76782 -0.991931 0.930048 -0.902076 0.998368 -0.721141 0.965883
18.105 -0.279617 -0.2182 -0.56674 0.0989969 -0.79659 0.406162 -0.946025 0.672336 -0.99994 0.870624 -0.952891 0.981005 -0.809629 0.992335
18.155 -0.144812 -0.350441 -0.44795 -0.0389028 -0.705807 0.276526 -0.892416 0.564055 -0.988916 0.79463 -0.985569 0.944971 -0.882707 0.999899
18.205 -0.00725107 -0.476011 -0.320634 -0.176062 -0.60159 0.141628 -0.821821 0.445037 -0.95907 0.703511 -0.999487 0.890951 -0.938984 0.988432
18.255 0.130448 -0.592522 -0.187216 -0.30987 -0.485922 0.00403355 -0.735583 0.317549 -0.910969 0.599002 -0.994382 0.819972 -0.977389 0.958151
18.305 0.265664 -0.697754 -0.0502341 -0.43778 -0.361006 -0.133637 -0.635345 0.184017 -0.845529 0.483092 -0.97035 0.733387 -0.99719 0.909633
18.355 0.395824 -0.789706 0.0877039 -0.557358 -0.229218 -0.268765 -0.523014 0.0469825 -0.763996 0.357986 -0.927849 0.632842 -0.998011 0.843802
18.405 0.51845 -0.866627 0.223973 -0.666327 -0.093067 -0.398777 -0.400728 -0.0909463 -0.667921 0.226067 -0.867688 0.520252 -0.979836 0.76191
18.455 0.631208 -0.927053 0.355978 -0.762614 0.0448551 -0.521198 -0.270815 -0.227144 -0.559133 0.0898448 -0.791011 0.39776 -0.943012 0.665516
18.505 0.731951 -0.969833 0.481208 -0.844385 0.181923 -0.6337 -0.135747 -0.359019 -0.439703 -0.0480873 -0.699279 0.267697 -0.888238 0.556455
18.555 0.818763 -0.994154 0.597279 -0.910085 0.315529 -0.73414 0.00190485 -0.48406 -0.311903 -0.185104 -0.594236 0.132539 -0.816559 0.436802
18.605 0.889991 -0.999553 0.701982 -0.958462 0.443129 -0.820606 0.13952 -0.599887 -0.178167 -0.318598 -0.477884 -0.00514157 -0.729337 0.308836
18.655 0.944279 -0.985927 0.793323 -0.988596 0.562295 -0.891453 0.27448 -0.704297 -0.0410401 -0.446027 -0.352435 -0.142725 -0.628233 0.174991
18.705 0.980594 -0.953535 0.869565 -0.999914 0.670758 -0.945333 0.404215 -0.795301 0.0968683 -0.564968 -0.220278 -0.277591 -0.515172 0.0378157
18.755 0.998245 -0.902994 0.929255 -0.9922 0.766454 -0.98122 0.526257 -0.871168 0.232933 -0.673154 -0.0839289 -0.407174 -0.392305 -0.100079
18.805 0.996896 -0.835265 0.971259 -0.965601 0.847562 -0.99843 0.638282 -0.930453 0.364564 -0.768528 0.054018 -0.529007 -0.261971 -0.23607
18.855 0.976572 -0.751639 0.994776 -0.920623 0.912538 -0.996637 0.738159 -0.972029 0.489256 -0.849275 0.190937 -0.640771 -0.126651 -0.367567
18.905 0.93766 -0.653706 0.999359 -0.858122 0.960144 -0.975874 0.823985 -0.995103 0.604636 -0.913856 0.324221 -0.740338 0.0110798 -0.492068
18.955 0.880901 -0.54333 0.98492 -0.779288 0.989476 -0.936537 0.894128 -0.999237 0.708507 -0.961044 0.451335 -0.825815 0.1486 -0.607203
19.005 0.807376 -0.422613 0.951735 -0.685621 0.999975 -0.879374 0.947253 -0.984352 0.798893 -0.989939 0.569857 -0.895573 0.283291 -0.710781
19.055 0.718483 -0.293853 0.900435 -0.578905 0.99144 -0.805474 0.982348 -0.950731 0.874073 -0.999992 0.677534 -0.948285 0.41259 -0.80083
19.105 0.615915 -0.159499 0.831996 -0.46117 0.964034 -0.716242 0.998745 -0.899014 0.932616 -0.991012 0.772314 -0.982948 0.534037 -0.875636
19.155 0.501624 -0.022109 0.747722 -0.334657 0.91828 -0.613378 0.996133 -0.830185 0.973409 -0.963169 0.852395 -0.998902 0.645318 -0.933776
19.205 0.377785 0.115702 0.649216 -0.201774 0.855047 -0.498838 0.97456 -0.745556 0.995673 -0.916994 0.916251 -0.995843 0.744317 -0.974143
19.255 0.246755 0.25131 0.538352 -0.065051 0.77554 -0.374805 0.934439 -0.646735 0.998987 -0.853365 0.962668 -0.97383 0.829149 -0.995968
19.305 0.111029 0.382135 0.417242 0.0729102 0.681272 -0.243637 0.876531 -0.535605 0.983286 -0.773493 0.990762 -0.933281 0.898199 -0.998837
19.355 -0.0268105 0.505686 0.288191 0.209484 0.574036 -0.107832 0.80194 -0.414281 0.94887 -0.678899 0.999998 -0.874969 0.950154 -0.982693
19.405 -0.16414 0.619613 0.153654 0.34207 0.455874 0.0300255 0.712085 -0.285071 0.896393 -0.571383 0.9902 -0.800002 0.984023 -0.947846
19.455 -0.298345 0.721746 0.0161922 0.468145 0.329036 0.167311 0.608677 -0.150435 0.826855 -0.452992 0.961556 -0.709809 0.999163 -0.894958
19.505 -0.426871 0.810141 -0.121578 0.58531 0.195934 0.301413 0.493683 -0.0129359 0.741578 -0.325978 0.914609 -0.606105 0.995285 -0.825036
19.555 -0.547273 0.883117 -0.257033 0.691335 0.0591038 0.429777 0.369292 0.124809 0.642187 -0.19276 0.850254 -0.490865 0.972463 -0.73941
19.605 -0.657257 0.939284 -0.387597 0.784201 -0.0788518 0.549961 0.237873 0.260179 0.530572 -0.0558734 0.769716 -0.366283 0.931132 -0.63971
19.655 -0.754732 0.977573 -0.510783 0.86214 -0.215307 0.659678 0.101926 0.390597 0.408859 0.0820771 0.674527 -0.234728 0.872078 -0.527835
19.705 -0.837842 0.997255 -0.624247 0.92367 -0.347663 0.756838 -0.0359607 0.51358 0.279364 0.218465 0.5665 -0.0987058 0.796425 -0.405913
19.755 -0.905004 0.997955 -0.725829 0.967619 -0.473403 0.839593 -0.173163 0.626788 0.144551 0.350695 0.44769 0.0391952 0.705613 -0.276264
19.805 -0.954941 0.979661 -0.813596 0.993151 -0.590132 0.906368 -0.30707 0.728066 0.00698734 0.47625 0.320359 0.17635 0.601371 -0.141358
19.855 -0.986702 0.942721 -0.885878 0.99978 -0.695628 0.955891 -0.435132 0.815486 -0.13071 0.592741 0.18693 0.310149 0.485683 -0.00376107
19.905 -0.999683 0.887837 -0.941298 0.987379 -0.787884 0.98722 -0.554911 0.887384 -0.265919 0.697949 0.0499433 0.438044 0.36075 0.133907
19.955 -0.993636 0.816054 -0.978802 0.956185 -0.865144 0.999759 -0.664129 0.942392 -0.396066 0.789873 -0.0879939 0.557601 0.228951 0.269027
