10.005 0
10.055 0.000269817
10.105 0.000241393
10.155 0.000219951
10.205 0.000196859
10.255 0.000146996
10.305 6.88482e-05
10.355 3.82878e-05
10.405 7.26685e-05
10.455 9.86613e-05
10.505 0.000162964
10.555 0.000205618
10.605 0.000237449
10.655 0.000258275
10.705 0.000290679
10.755 0.000334988
10.805 0.000392563
10.855 0.000466966
10.905 0.000519859
10.955 0.000546975
11.005 0.000547294
11.055 0.000509582
11.105 0.000447679
11.155 0.000377196
11.205 0.00031639
11.255 0.000231724
11.305 0.000170062
11.355 9.89841e-05
11.405 5.33311e-05
11.455 3.88354e-05
11.505 3.77933e-05
11.555 2.80575e-05
11.605 2.62575e-05
11.655 8.07296e-05
11.705 0.000136743
11.755 0.000179393
11.805 0.000272656
11.855 0.000307859
11.905 0.000341509
11.955 0.000377209
12.005 0.000377064
12.055 0.00040253
12.105 0.000325371
12.155 0.000309437
12.205 0.000302944
12.255 0.000296883
12.305 0.000288111
12.355 0.000252187
12.405 0.00023019
12.455 0.000210904
12.505 0.000180229
12.555 0.000115236
12.605 4.18047e-05
12.655 5.41156e-05
12.705 8.79582e-05
12.755 0.000131266
12.805 0.000176642
12.855 0.000217816
12.905 0.000240912
12.955 0.000271523
13.005 0.000313848
13.055 0.000362317
13.105 0.000431104
13.155 0.000495146
13.205 0.000535422
13.255 0.000552037
13.305 0.000533573
13.355 0.000482343
13.405 0.000410562
13.455 0.000343171
13.505 0.000272266
13.555 0.000195026
13.605 0.000129078
13.655 7.13352e-05
13.705 4.16399e-05
13.755 3.9991e-05
13.805 2.90504e-05
13.855 2.12881e-05
13.905 5.52222e-05
13.955 0.000111133
14.005 0.000142125
14.055 0.00020714
14.105 0.000308745
14.155 0.000348503
14.205 0.000395256
14.255 0.000373934
14.305 0.000381064
14.355 0.000338205
14.405 0.000307827
14.455 0.000310041
14.505 0.000295107
14.555 0.000298057
14.605 0.000269705
14.655 0.000241152
14.705 0.000220268
14.755 0.000197908
14.805 0.000148562
14.855 7.01124e-05
14.905 3.7699e-05
14.955 7.21353e-05
15.005 9.80098e-05
15.055 0.000161703
15.105 0.000204071
15.155 0.000235987
15.205 0.000256842
15.255 0.000289074
15.305 0.000333503
15.355 0.000391015
15.405 0.000465852
15.455 0.000519169
15.505 0.000546916
15.555 0.000547945
15.605 0.000510908
15.655 0.000449386
15.705 0.000378694
15.755 0.000317609
15.805 0.000233524
15.855 0.000171773
15.905 0.000100217
15.955 5.3813e-05
16.005 3.90228e-05
16.055 3.80342e-05
16.105 2.81702e-05
16.155 2.56267e-05
16.205 8.02509e-05
16.255 0.000136155
16.305 0.000178287
16.355 0.000270975
16.405 0.000307056
16.455 0.000340583
16.505 0.000378041
16.555 0.000377581
16.605 0.000401833
16.655 0.000325346
16.705 0.000309064
16.755 0.000303056
16.805 0.000296645
16.855 0.000288474
16.905 0.00025252
16.955 0.000230483
17.005 0.00021105
17.055 0.000180759
17.105 0.000116069
17.155 4.29868e-05
17.205 5.34136e-05
17.255 8.75982e-05
17.305 0.000130267
17.355 0.000176053
17.405 0.000217513
17.455 0.000240917
17.505 0.000271529
17.555 0.000313474
17.605 0.000361631
17.655 0.000430101
17.705 0.000494336
17.755 0.000534911
17.805 0.0005518
17.855 0.000533852
17.905 0.000482907
17.955 0.000411372
18.005 0.000343857
18.055 0.000273505
18.105 0.000195556
18.155 0.000130038
18.205 7.19428e-05
18.255 4.18529e-05
18.305 3.99866e-05
18.355 2.91679e-05
18.405 2.17372e-05
18.455 5.44264e-05
18.505 0.000110316
18.555 0.000141402
18.605 0.000205903
18.655 0.000310125
18.705 0.000347323
18.755 0.000393807
18.805 0.000373509
18.855 0.000380586
18.905 0.000339024
18.955 0.000308065
19.005 0.000310539
19.055 0.000295175
19.105 0.000298273
19.155 0.000270314
19.205 0.0002415
19.255 0.000220525
19.305 0.000198155
19.355 0.000149339
19.405 7.09729e-05
19.455 3.74779e-05
19.505 7.20453e-05
19.555 9.78798e-05
19.605 0.000161266
19.655 0.000203582
19.705 0.000235704
19.755 0.000256492
19.805 0.000288514
19.855 0.000332886
19.905 0.000390187
19.955 0.000465191
