50.005 0
50.055 0.00013505
50.105 0.000128292
50.155 0.000121933
50.205 0.000116274
50.255 0.00011042
50.305 0.00010543
50.355 9.72124e-05
50.405 9.33756e-05
50.455 9.42991e-05
50.505 9.72891e-05
50.555 0.000111719
50.605 0.000122448
50.655 0.000130483
50.705 0.000135693
50.755 0.000132874
50.805 0.00012872
50.855 0.000124927
50.905 0.000121566
50.955 0.000116446
51.005 0.000108464
51.055 0.00010996
51.105 0.000117323
51.155 0.000127081
51.205 0.000147774
51.255 0.000160025
51.305 0.000165613
51.355 0.000166421
51.405 0.000167317
51.455 0.000166223
51.505 0.000167513
51.555 0.00017413
51.605 0.00017666
51.655 0.000182247
51.705 0.000188276
51.755 0.000189282
51.805 0.000175512
51.855 0.000166758
51.905 0.000158709
51.955 0.000153505
52.005 0.000152461
52.055 0.000149754
52.105 0.000145922
52.155 0.000145871
52.205 0.000150023
52.255 0.000148343
52.305 0.000150922
52.355 0.00015676
52.405 0.000161485
52.455 0.000163811
52.505 0.000162285
52.555 0.000154826
52.605 0.000139653
52.655 0.00013409
52.705 0.000132871
52.755 0.000140694
52.805 0.00014603
52.855 0.000149113
52.905 0.000145174
52.955 0.000135961
53.005 0.000129372
53.055 0.000122906
53.105 0.000117131
53.155 0.000111401
53.205 0.000106152
53.255 9.83661e-05
53.305 9.35834e-05
53.355 9.3968e-05
53.405 9.67177e-05
53.455 0.000109492
53.505 0.000120946
53.555 0.00012936
53.605 0.000135098
53.655 0.000133993
53.705 0.000129476
53.755 0.000125511
53.805 0.000122078
53.855 0.000117794
53.905 0.000109084
53.955 0.000109211
54.005 0.000115911
54.055 0.000125445
54.105 0.000144845
54.155 0.000158577
54.205 0.000165072
54.255 0.000166551
54.305 0.000167199
54.355 0.000166416
54.405 0.000166869
54.455 0.000173476
54.505 0.000176089
54.555 0.00018118
54.605 0.000187525
54.655 0.000189827
54.705 0.000177854
54.755 0.000167801
54.805 0.000159955
54.855 0.000154051
54.905 0.000152348
54.955 0.000150836
55.005 0.000146281
55.055 0.000145593
55.105 0.000149501
55.155 0.000148555
55.205 0.000150086
55.255 0.000156147
55.305 0.000160855
55.355 0.000163647
55.405 0.000162773
55.455 0.000156386
55.505 0.000141653
55.555 0.000134525
55.605 0.000132947
55.655 0.000139345
55.705 0.000145367
55.755 0.000148734
55.805 0.000146745
55.855 0.000136695
55.905 0.000130469
55.955 0.0001239
56.005 0.00011801
56.055 0.00011248
56.105 0.000106895
56.155 9.98663e-05
56.205 9.39483e-05
56.255 9.36925e-05
56.305 9.61792e-05
56.355 0.000106799
56.405 0.000119373
56.455 0.000128165
56.505 0.0001344
56.555 0.000134737
56.605 0.000130202
56.655 0.000126108
56.705 0.000122599
56.755 0.000119145
56.805 0.000109997
56.855 0.000108627
56.905 0.00011457
56.955 0.000123828
57.005 0.000141461
57.055 0.000156958
57.105 0.000164407
57.155 0.000166593
57.205 0.000166833
57.255 0.000166645
57.305 0.000166429
57.355 0.000172657
57.405 0.000175617
57.455 0.000180153
57.505 0.000186657
57.555 0.00018988
57.605 0.000180327
57.655 0.000168817
57.705 0.000161329
57.755 0.000154708
57.805 0.000152347
57.855 0.00015216
57.905 0.000146732
57.955 0.000145436
58.005 0.000148505
58.055 0.000148923
58.105 0.000149395
58.155 0.000155619
58.205 0.000160141
58.255 0.000163322
58.305 0.000163177
58.355 0.000158193
58.405 0.000144263
58.455 0.000135077
58.505 0.000133062
58.555 0.000137677
58.605 0.000144654
58.655 0.000148313
58.705 0.000147902
58.755 0.000138293
58.805 0.000131573
58.855 0.000124909
58.905 0.000118907
58.955 0.000113644
59.005 0.000107662
59.055 0.000101598
59.105 9.45003e-05
59.155 9.34806e-05
59.205 9.56741e-05
59.255 0.000103546
59.305 0.000117735
59.355 0.000126911
59.405 0.00013361
59.455 0.000135406
59.505 0.000130812
59.555 0.000126716
59.605 0.000123129
59.655 0.000119957
59.705 0.000111229
59.755 0.00010823
59.805 0.000113308
59.855 0.000122232
59.905 0.000137397
59.955 0.000155153
60.005 0.000163607
60.055 0.000166537
60.105 0.000166072
60.155 0.000166881
60.205 0.000166169
60.255 0.000171235
60.305 0.000175235
60.355 0.000179189
60.405 0.000185696
60.455 0.00018978
60.505 0.000182936
60.555 0.000169741
60.605 0.000162824
60.655 0.000155474
60.705 0.000152451
60.755 0.000153663
60.805 0.000147269
60.855 0.000145388
60.905 0.000147655
60.955 0.00014942
61.005 0.000148861
61.055 0.000154387
61.105 0.000159358
61.155 0.000162833
61.205 0.000163494
61.255 0.000160236
61.305 0.000147692
61.355 0.000135775
61.405 0.000133215
61.455 0.000135401
61.505 0.00014387
61.555 0.000147843
61.605 0.000148908
61.655 0.000139911
61.705 0.000132677
61.755 0.000125936
61.805 0.000119823
61.855 0.000114434
61.905 0.000108463
61.955 0.000102961
62.005 9.52771e-05
62.055 9.33427e-05
62.105 9.52046e-05
62.155 9.92515e-05
62.205 0.000116013
62.255 0.000125597
62.305 0.000132732
62.355 0.000135959
62.405 0.000131194
62.455 0.000127335
62.505 0.000123672
62.555 0.00012045
62.605 0.000112793
62.655 0.00010804
62.705 0.000112143
62.755 0.000120669
62.805 0.000132168
62.855 0.000153139
62.905 0.000162663
62.955 0.000166375
63.005 0.000165839
63.055 0.000167097
63.105 0.000166059
63.155 0.000169786
63.205 0.000174928
63.255 0.000178303
63.305 0.000184664
63.355 0.000189476
63.405 0.000185403
63.455 0.000170718
63.505 0.000164432
63.555 0.000156352
63.605 0.000152661
63.655 0.000153144
63.705 0.000147907
63.755 0.000145447
63.805 0.000146951
63.855 0.000150006
63.905 0.000148505
63.955 0.000153218
64.005 0.000158541
64.055 0.000162536
64.105 0.000163716
64.155 0.000160941
64.205 0.000150543
64.255 0.000136661
64.305 0.000133416
64.355 0.000132815
64.405 0.000143014
64.455 0.000147333
64.505 0.000149671
64.555 0.000141548
64.605 0.000133772
64.655 0.000126983
64.705 0.000120759
64.755 0.000115247
64.805 0.000109307
64.855 0.000104396
64.905 9.61845e-05
64.955 9.32938e-05
65.005 9.47738e-05
65.055 9.80385e-05
65.105 0.000114179
65.155 0.000124222
65.205 0.000131772
65.255 0.00013628
65.305 0.00013119
65.355 0.000127958
65.405 0.000124227
65.455 0.000120947
65.505 0.000114711
65.555 0.000108077
65.605 0.000111088
65.655 0.000119141
65.705 0.00012906
65.755 0.000150904
65.805 0.000161579
65.855 0.000166106
65.905 0.000166146
65.955 0.000167254
66.005 0.000166074
66.055 0.000168611
66.105 0.000174676
66.155 0.000177507
66.205 0.00018359
66.255 0.000189027
66.305 0.000187472
66.355 0.000172797
66.405 0.000165466
66.455 0.00015734
66.505 0.000152977
66.555 0.000152762
66.605 0.000148655
66.655 0.000145604
66.705 0.000146387
66.755 0.000150095
66.805 0.000148321
66.855 0.000152124
66.905 0.00015771
66.955 0.000162129
67.005 0.00016383
67.055 0.000161583
67.105 0.000152811
67.155 0.000137798
67.205 0.000133675
67.255 0.000132822
67.305 0.000142061
67.355 0.000146779
67.405 0.000149513
67.455 0.000143183
67.505 0.000134815
67.555 0.000128043
67.605 0.00012171
67.655 0.000116079
67.705 0.000110202
67.755 0.000105266
67.805 9.69851e-05
67.855 9.33469e-05
67.905 9.43843e-05
67.955 9.74279e-05
68.005 0.000112213
68.055 0.000122793
68.105 0.000130737
68.155 0.000135819
68.205 0.000132565
68.255 0.000128577
68.305 0.000124795
68.355 0.00012145
68.405 0.000116142
68.455 0.000108363
68.505 0.000110158
68.555 0.00011766
68.605 0.000127464
68.655 0.000148393
68.705 0.000160334
68.755 0.000165718
68.805 0.000166378
68.855 0.000167322
68.905 0.000166187
68.955 0.000167694
69.005 0.000174279
69.055 0.00017681
69.105 0.000182503
69.155 0.000188438
69.205 0.000188961
69.255 0.000174992
69.305 0.000166515
69.355 0.000158439
69.405 0.000153394
69.455 0.000152505
69.505 0.000149528
69.555 0.000145853
69.605 0.000145954
69.655 0.000150032
69.705 0.000148321
69.755 0.000151136
69.805 0.000156934
69.855 0.000161618
69.905 0.00016383
69.955 0.000162161
70.005 0.000154479
70.055 0.000139254
70.105 0.000134001
70.155 0.000132858
70.205 0.000140966
70.255 0.000146176
70.305 0.000149194
70.355 0.000144804
70.405 0.000135774
70.455 0.000129123
70.505 0.000122682
70.555 0.000116934
70.605 0.00011117
70.655 0.000105985
70.705 9.80736e-05
70.755 9.35246e-05
70.805 9.40421e-05
70.855 9.68495e-05
70.905 0.000110028
70.955 0.000121299
71.005 0.000129626
71.055 0.000135246
71.105 0.000133814
71.155 0.000129301
71.205 0.000125376
71.255 0.000121961
71.305 0.000117482
71.355 0.000108916
71.405 0.000109373
71.455 0.000116236
71.505 0.000125827
71.555 0.000145562
71.605 0.00015893
71.655 0.000165211
71.705 0.000166531
71.755 0.000167245
71.805 0.000166369
71.855 0.000167001
71.905 0.000173656
71.955 0.000176214
72.005 0.000181427
72.055 0.000187714
72.105 0.000189804
72.155 0.000177308
72.205 0.00016757
72.255 0.000159661
72.305 0.00015392
72.355 0.000152367
72.405 0.000150576
72.455 0.000146194
72.505 0.000145651
72.555 0.000149756
72.605 0.000148495
72.655 0.00015027
72.705 0.000156274
72.755 0.00016101
72.805 0.000163698
72.855 0.000162666
72.905 0.000156016
72.955 0.000141142
73.005 0.000134416
73.055 0.000132928
73.105 0.000139691
73.155 0.00014553
73.205 0.000148829
73.255 0.000146391
73.305 0.000136524
73.355 0.000130216
73.405 0.000123671
73.455 0.000117807
73.505 0.000112221
73.555 0.000106722
73.605 9.94909e-05
73.655 9.38514e-05
73.705 9.37534e-05
73.755 9.63032e-05
73.805 0.000107469
73.855 0.000119747
73.905 0.00012845
73.955 0.000134573
74.005 0.000134572
74.055 0.000130044
74.105 0.00012597
74.155 0.00012248
74.205 0.000118837
74.255 0.000109762
74.305 0.000108749
74.355 0.000114876
74.405 0.000124204
74.455 0.000142307
74.505 0.000157355
74.555 0.000164577
74.605 0.000166595
74.655 0.000166946
74.705 0.000166592
74.755 0.000166517
74.805 0.000172832
74.855 0.000175719
74.905 0.000180389
74.955 0.000186871
75.005 0.000189882
75.055 0.000179747
75.105 0.000168591
75.155 0.000161004
75.205 0.00015455
75.255 0.000152341
75.305 0.000151825
75.355 0.000146621
75.405 0.000145465
75.455 0.000148725
75.505 0.000148827
75.555 0.000149542
75.605 0.000155832
75.655 0.000160312
75.705 0.000163414
75.755 0.000163091
75.805 0.000157738
75.855 0.0001436
75.905 0.000134938
75.955 0.000133032
76.005 0.000138095
76.055 0.000144824
76.105 0.000148415
76.155 0.000147665
76.205 0.000137922
76.255 0.000131319
76.305 0.000124676
76.355 0.0001187
76.405 0.000113389
76.455 0.000107484
76.505 0.000101268
76.555 9.4353e-05
76.605 9.35256e-05
76.655 9.57906e-05
76.705 0.000104375
76.755 0.000118126
76.805 0.000127211
76.855 0.000133805
76.905 0.000135263
76.955 0.000130687
77.005 0.000126578
77.055 0.000123009
77.105 0.000119846
77.155 0.000110917
77.205 0.000108308
77.255 0.000113597
77.305 0.000122604
77.355 0.000138409
77.405 0.000155591
77.455 0.000163807
77.505 0.000166562
77.555 0.000166312
77.605 0.000166832
77.655 0.000166217
77.705 0.000171614
77.755 0.000175318
77.805 0.000179407
77.855 0.000185927
77.905 0.000189833
77.955 0.000182322
78.005 0.00016954
78.055 0.000162471
78.105 0.00015529
78.155 0.000152421
78.205 0.000153382
78.255 0.000147141
78.305 0.000145394
78.355 0.000147844
78.405 0.0001493
78.455 0.000148977
78.505 0.000154675
78.555 0.00015955
78.605 0.000162949
78.655 0.000163431
78.705 0.000159825
78.755 0.000146809
78.805 0.000135597
78.855 0.000133176
78.905 0.000135998
78.955 0.00014406
79.005 0.000147959
79.055 0.000148684
79.105 0.00013954
79.155 0.000132429
79.205 0.000125702
79.255 0.000119613
79.305 0.000114253
79.355 0.000108278
79.405 0.000102642
79.455 9.50802e-05
79.505 9.33706e-05
79.555 9.53132e-05
79.605 0.000100363
79.655 0.000116422
79.705 0.000125909
79.755 0.000132947
79.805 0.000135847
79.855 0.000131147
79.905 0.000127195
79.955 0.000123549
80.005 0.000120338
80.055 0.000112405
80.105 0.000108069
80.155 0.000112408
80.205 0.000121032
80.255 0.000133544
80.305 0.000153634
80.355 0.000162902
80.405 0.000166429
80.455 0.000165764
80.505 0.000167053
80.555 0.000166075
80.605 0.000170098
80.655 0.000174993
80.705 0.0001785
80.755 0.000184908
80.805 0.000189561
80.855 0.000184919
80.905 0.000170325
80.955 0.00016406
81.005 0.000156146
81.055 0.000152609
81.105 0.000153256
81.155 0.000147755
81.205 0.000145429
81.255 0.000147107
81.305 0.000149871
81.355 0.000148576
81.405 0.000153487
81.455 0.000158734
81.505 0.000162617
81.555 0.000163675
81.605 0.000160783
81.655 0.00015004
81.705 0.000136439
81.755 0.000133367
81.805 0.000133019
81.855 0.000143225
81.905 0.000147459
81.955 0.000149602
82.005 0.000141172
82.055 0.000133522
82.105 0.000126742
82.155 0.000120543
82.205 0.00011506
82.255 0.000109109
82.305 0.000104063
82.355 9.6035e-05
82.405 9.32988e-05
82.455 9.48726e-05
82.505 9.81874e-05
82.555 0.000114625
82.605 0.000124552
82.655 0.000132007
82.705 0.000136277
82.755 0.000131215
82.805 0.000127818
82.855 0.000124101
82.905 0.000120835
82.955 0.00011424
83.005 0.000108051
83.055 0.000111326
83.105 0.000119496
83.155 0.000129433
83.205 0.000151447
83.255 0.000161848
83.305 0.000166183
83.355 0.000166085
83.405 0.000167229
83.455 0.000166064
83.505 0.000168861
83.555 0.00017473
83.605 0.000177684
83.655 0.000183842
83.705 0.000189146
83.755 0.000187004
83.805 0.000172309
83.855 0.000165228
83.905 0.000157105
83.955 0.000152898
84.005 0.000152843
84.055 0.000148472
84.105 0.000145562
84.155 0.000146509
84.205 0.000150125
84.255 0.000148354
84.305 0.000152376
84.355 0.000157909
84.405 0.000162237
84.455 0.000163818
84.505 0.000161443
84.555 0.000152275
84.605 0.000137509
84.655 0.00013361
84.705 0.000132819
84.755 0.000142291
84.805 0.000146913
84.855 0.000149582
84.905 0.000142808
84.955 0.000134588
85.005 0.000127802
85.055 0.000121493
85.105 0.000115889
85.155 0.000109994
85.205 0.000105105
85.255 9.67786e-05
85.305 9.33268e-05
85.355 9.44734e-05
85.405 9.75694e-05
85.455 0.000112681
85.505 0.000123132
85.555 0.000130987
85.605 0.000135939
85.655 0.000132254
85.705 0.00012844
85.755 0.000124667
85.805 0.000121337
85.855 0.000115843
85.905 0.000108276
85.955 0.000110366
86.005 0.000118004
86.055 0.000127846
86.105 0.000149007
86.155 0.000160643
86.205 0.000165826
86.255 0.000166337
86.305 0.000167322
86.355 0.000166157
86.405 0.000167889
86.455 0.000174429
86.505 0.000176961
86.555 0.000182753
86.605 0.000188586
86.655 0.000188629
86.705 0.000174477
86.755 0.000166278
86.805 0.00015818
86.855 0.000153293
86.905 0.000152558
86.955 0.00014932
87.005 0.000145792
87.055 0.000146048
87.105 0.000150047
87.155 0.000148313
87.205 0.000151364
87.255 0.000157114
87.305 0.000161752
87.355 0.000163845
87.405 0.000162037
87.455 0.000154151
87.505 0.000138886
87.555 0.000133922
87.605 0.000132849
87.655 0.000141242
87.705 0.000146325
87.755 0.000149278
87.805 0.000144438
87.855 0.000135567
87.905 0.000128877
87.955 0.00012246
88.005 0.000116738
88.055 0.000110942
88.105 0.00010582
88.155 9.7799e-05
88.205 9.34745e-05
88.255 9.41197e-05
88.305 9.69832e-05
88.355 0.000110561
88.405 0.000121655
88.455 0.000129895
88.505 0.000135393
88.555 0.000133587
88.605 0.000129127
88.655 0.000125244
88.705 0.000121846
88.755 0.00011717
88.805 0.000108767
88.855 0.000109545
88.905 0.000116565
88.955 0.000126209
89.005 0.000146265
89.055 0.00015928
89.105 0.000165349
89.155 0.000166511
89.205 0.000167284
89.255 0.000166326
89.305 0.000167145
89.355 0.000173796
89.405 0.000176341
89.455 0.000181672
89.505 0.000187891
89.555 0.000189772
89.605 0.000176763
89.655 0.00016733
89.705 0.000159372
89.755 0.000153793
89.805 0.000152393
89.855 0.000150315
89.905 0.00014611
89.955 0.000145713
90.005 0.000150015
90.055 0.000148444
90.105 0.000150463
90.155 0.000156411
90.205 0.000161163
90.255 0.000163745
90.305 0.000162559
90.355 0.000155644
90.405 0.000140665
90.455 0.000134313
90.505 0.00013291
90.555 0.000140006
90.605 0.000145686
90.655 0.000148921
90.705 0.00014603
90.755 0.000136378
90.805 0.000129966
90.855 0.000123445
90.905 0.000117607
90.955 0.000111974
91.005 0.000106553
91.055 9.91255e-05
91.105 9.37611e-05
91.155 9.38173e-05
91.205 9.64296e-05
91.255 0.00010811
91.305 0.000120118
91.355 0.000128735
91.405 0.000134744
91.455 0.000134408
91.505 0.000129883
91.555 0.000125837
91.605 0.000122363
91.655 0.000118529
91.705 0.000109543
91.755 0.000108883
91.805 0.000115189
91.855 0.000124583
91.905 0.000143105
91.955 0.000157741
92.005 0.000164742
92.055 0.000166595
92.105 0.000167054
92.155 0.000166544
92.205 0.000166614
92.255 0.000173016
92.305 0.000175823
92.355 0.000180622
92.405 0.000187073
92.455 0.000189871
92.505 0.000179169
92.555 0.000168359
92.605 0.000160684
92.655 0.000154397
92.705 0.000152339
92.755 0.000151518
92.805 0.000146518
92.855 0.000145502
92.905 0.000148956
92.955 0.000148745
93.005 0.000149708
93.055 0.000155925
93.105 0.00016049
93.155 0.000163501
93.205 0.000163006
93.255 0.00015732
93.305 0.000142969
93.355 0.000134807
93.405 0.000133006
93.455 0.000138501
93.505 0.000144996
93.555 0.00014852
93.605 0.000147437
93.655 0.000137559
93.705 0.000131071
93.755 0.000124448
93.805 0.000118497
93.855 0.000113112
93.905 0.000107309
93.955 0.000100832
94.005 9.42237e-05
94.055 9.3575e-05
94.105 9.59087e-05
94.155 0.000105147
94.205 0.00011851
94.255 0.000127508
94.305 0.000133996
94.355 0.000135116
94.405 0.000130561
94.455 0.000126442
94.505 0.00012289
94.555 0.000119737
94.605 0.000110625
94.655 0.000108397
94.705 0.000113889
94.755 0.000122977
94.805 0.0001394
94.855 0.000156027
94.905 0.000164008
94.955 0.000166588
95.005 0.000166497
95.055 0.00016678
95.105 0.000166274
95.155 0.000172005
95.205 0.0001754
95.255 0.000179624
95.305 0.000186148
95.355 0.000189867
95.405 0.000181714
95.455 0.000169337
95.505 0.000162124
95.555 0.000155113
95.605 0.000152396
95.655 0.000152995
95.705 0.000147015
95.755 0.000145404
95.805 0.000148039
95.855 0.000149186
95.905 0.000149101
95.955 0.000154965
96.005 0.000159738
96.055 0.000163081
96.105 0.000163365
96.155 0.00015931
96.205 0.000145988
96.255 0.000135435
96.305 0.000133142
96.355 0.000136564
96.405 0.000144249
96.455 0.000148074
96.505 0.000148454
96.555 0.000139169
96.605 0.000132176
96.655 0.000125467
96.705 0.000119404
96.755 0.000114073
96.805 0.000108093
96.855 0.000102323
96.905 9.48904e-05
96.955 9.34011e-05
97.005 9.54223e-05
97.055 0.000101437
97.105 0.000116833
97.155 0.000126223
97.205 0.00013316
97.255 0.00013573
97.305 0.000131065
97.355 0.000127057
97.405 0.000123428
97.455 0.000120228
97.505 0.000112034
97.555 0.000108108
97.605 0.000112678
97.655 0.000121397
97.705 0.000134786
97.755 0.000154112
97.805 0.000163132
97.855 0.000166476
97.905 0.000165687
97.955 0.00016701
98.005 0.000166098
98.055 0.000170424
98.105 0.000175059
98.155 0.0001787
98.205 0.000185145
98.255 0.000189632
98.305 0.000184405
98.355 0.000170164
98.405 0.000163681
98.455 0.000155937
98.505 0.000152556
98.555 0.000153371
98.605 0.000147602
98.655 0.000145412
98.705 0.000147267
98.755 0.000149737
98.805 0.00014866
98.855 0.000153764
98.905 0.000158935
98.955 0.000162697
99.005 0.000163634
99.055 0.000160627
99.105 0.000149543
99.155 0.000136228
99.205 0.000133319
99.255 0.000133799
99.305 0.000143425
99.355 0.000147581
99.405 0.000149451
99.455 0.000140797
99.505 0.000133278
99.555 0.000126505
99.605 0.000120331
99.655 0.000114875
99.705 0.000108916
99.755 0.000103731
99.805 9.58162e-05
99.855 9.33083e-05
99.905 9.49725e-05
99.955 9.8337e-05
100.005 0.000115051
100.055 0.000124874
100.105 0.000132236
100.155 0.000136198
100.205 0.000131252
100.255 0.000127679
100.305 0.000123977
100.355 0.000120723
100.405 0.00011378
100.455 0.000108036
100.505 0.000111569
100.555 0.000119852
100.605 0.000129806
100.655 0.000151981
100.705 0.000162114
100.755 0.000166259
100.805 0.000166024
100.855 0.0001672
100.905 0.00016606
100.955 0.000169123
101.005 0.000174783
101.055 0.000177859
101.105 0.000184085
101.155 0.000189247
101.205 0.000186525
101.255 0.000171821
101.305 0.000164989
101.355 0.000156874
101.405 0.000152822
101.455 0.000152926
101.505 0.000148298
101.555 0.000145525
101.605 0.000146638
101.655 0.000150161
101.705 0.000148398
101.755 0.000152635
101.805 0.000158108
101.855 0.000162343
101.905 0.000163801
101.955 0.000161301
102.005 0.000151755
102.055 0.000137241
102.105 0.000133552
102.155 0.000132819
102.205 0.000142523
102.255 0.000147048
102.305 0.000149652
102.355 0.000142437
102.405 0.000134351
102.455 0.00012756
102.505 0.000121276
102.555 0.000115698
102.605 0.000109786
102.655 0.000104942
102.705 9.65871e-05
102.755 9.33121e-05
102.805 9.45627e-05
102.855 9.77107e-05
102.905 0.000113147
102.955 0.000123469
103.005 0.000131234
103.055 0.000136055
103.105 0.00013194
103.155 0.000128301
103.205 0.000124538
103.255 0.000121223
103.305 0.000115543
103.355 0.000108203
103.405 0.000110578
103.455 0.000118348
103.505 0.000128217
103.555 0.00014961
103.605 0.000160947
103.655 0.000165929
103.705 0.000166294
103.755 0.000167315
103.805 0.000166131
103.855 0.000168092
103.905 0.000174549
103.955 0.000177114
104.005 0.000182998
104.055 0.00018872
104.105 0.000188284
104.155 0.000173959
104.205 0.000166031
104.255 0.000157919
104.305 0.000153192
104.355 0.000152612
104.405 0.000149108
104.455 0.000145729
104.505 0.000146143
104.555 0.000150061
104.605 0.000148308
104.655 0.000151592
104.705 0.000157294
104.755 0.000161879
104.805 0.000163855
104.855 0.00016191
104.905 0.000153822
104.955 0.000138541
105.005 0.000133845
105.055 0.000132841
105.105 0.000141498
105.155 0.000146467
105.205 0.000149356
105.255 0.000144065
105.305 0.000135353
105.355 0.00012863
105.405 0.000122238
105.455 0.000116542
105.505 0.000110718
105.555 0.000105654
105.605 9.75308e-05
105.655 9.34275e-05
105.705 9.41975e-05
105.755 9.71169e-05
105.805 0.000111078
105.855 0.000122007
105.905 0.000130158
105.955 0.000135534
106.005 0.00013329
106.055 0.00012895
106.105 0.000125114
106.155 0.00012173
106.205 0.000116862
106.255 0.00010863
106.305 0.000109723
106.355 0.000116895
106.405 0.000126591
106.455 0.00014693
106.505 0.000159615
106.555 0.000165475
106.605 0.000166484
106.655 0.000167316
106.705 0.000166285
106.755 0.000167297
106.805 0.000173942
106.855 0.000176471
106.905 0.000181913
106.955 0.000188054
107.005 0.000189699
107.055 0.000176213
107.105 0.00016708
107.155 0.00015908
107.205 0.000153664
107.255 0.000152417
107.305 0.000150067
107.355 0.000146027
107.405 0.000145779
107.455 0.00015002
107.505 0.000148404
107.555 0.000150669
107.605 0.000156575
107.655 0.000161317
107.705 0.000163788
107.755 0.000162451
107.805 0.000155292
107.855 0.000140212
107.905 0.000134216
107.955 0.000132895
108.005 0.000140312
108.055 0.00014584
108.105 0.000149011
108.155 0.000145671
108.205 0.000136226
108.255 0.000129719
108.305 0.000123219
108.355 0.000117407
108.405 0.000111729
108.455 0.000106383
108.505 9.87947e-05
108.555 9.36824e-05
108.605 9.38824e-05
108.655 9.65549e-05
108.705 0.000108713
108.755 0.00012048
108.805 0.000129011
108.855 0.000134906
108.905 0.000134237
108.955 0.000129718
109.005 0.000125702
109.055 0.000122245
109.105 0.000118216
109.155 0.000109337
109.205 0.000109022
109.255 0.000115503
109.305 0.00012496
109.355 0.000143889
109.405 0.000158121
109.455 0.000164902
109.505 0.00016659
109.555 0.000167129
109.605 0.000166493
109.655 0.000166719
109.705 0.000173205
109.755 0.000175928
109.805 0.000180853
109.855 0.000187262
109.905 0.000189845
109.955 0.000178593
