0.01 -4.49998 4.96619e-14 2.52016e-07
0.02 -4.49996 2.79102e-13 9.17887e-07
0.03 -4.49994 9.30067e-13 2.16527e-06
0.04 -4.49992 2.39208e-12 4.1914e-06
0.05 -4.4999 5.25991e-12 7.30853e-06
0.06 -4.49988 1.04148e-11 1.19597e-05
0.07 -4.49986 1.9116e-11 1.86531e-05
0.08 -4.49984 3.30984e-11 2.79391e-05
0.09 -4.49983 5.46785e-11 4.04292e-05
0.1 -4.49981 8.68663e-11 5.67745e-05
0.11 -4.49979 1.3347e-10 7.76111e-05
0.12 -4.49977 1.99182e-10 0.000103482
0.13 -4.49975 2.89626e-10 0.000134751
0.14 -4.49973 4.11363e-10 0.00017152
0.15 -4.49971 5.71825e-10 0.000213591
0.16 -4.4997 7.79223e-10 0.000260507
0.17 -4.49968 1.04241e-09 0.000311659
0.18 -4.49966 1.37077e-09 0.000366452
0.19 -4.49964 1.77411e-09 0.000424448
0.2 -4.49962 2.26263e-09 0.000485446
0.21 -4.49961 2.84691e-09 0.000549486
0.22 -4.49959 3.53795e-09 0.000616801
0.23 -4.49957 4.3472e-09 0.000687752
0.24 -4.49955 5.28667e-09 0.000762778
0.25 -4.49954 6.36895e-09 0.000842355
0.26 -4.49952 7.6073e-09 0.000926985
0.27 -4.4995 9.01577e-09 0.00101718
0.28 -4.49948 1.06092e-08 0.00111348
0.29 -4.49947 1.24033e-08 0.00121644
0.3 -4.49945 1.44148e-08 0.00132663
0.31 -4.49943 1.66615e-08 0.00144469
0.32 -4.49941 1.91622e-08 0.00157128
0.33 -4.4994 2.19372e-08 0.00170712
0.34 -4.49938 2.5008e-08 0.00185298
0.35 -4.49936 2.83975e-08 0.00200972
0.36 -4.49935 3.21301e-08 0.00217825
0.37 -4.49933 3.62321e-08 0.00235957
0.38 -4.49932 4.07315e-08 0.00255475
0.39 -4.4993 4.56583e-08 0.00276498
0.4 -4.49928 5.10447e-08 0.00299154
0.41 -4.49927 5.6925e-08 0.00323581
0.42 -4.49925 6.33362e-08 0.00349929
0.43 -4.49923 7.0318e-08 0.00378362
0.44 -4.49922 7.79129e-08 0.00409055
0.45 -4.4992 8.61664e-08 0.004422
0.46 -4.49919 9.51279e-08 0.00478001
0.47 -4.49917 1.0485e-07 0.00516682
0.48 -4.49916 1.15389e-07 0.0055848
0.49 -4.49914 1.26806e-07 0.00603654
0.5 -4.49913 1.39167e-07 0.00652481
0.51 -4.49911 1.52542e-07 0.00705258
0.52 -4.49909 1.67007e-07 0.00762304
0.53 -4.49908 1.82643e-07 0.00823962
0.54 -4.49906 1.99537e-07 0.00890597
0.55 -4.49905 2.17784e-07 0.00962599
0.56 -4.49903 2.37484e-07 0.0104038
0.57 -4.49902 2.58747e-07 0.011244
0.58 -4.499 2.81689e-07 0.0121511
0.59 -4.49899 3.06434e-07 0.0131302
0.6 -4.49898 3.33118e-07 0.0141866
0.61 -4.49896 3.61885e-07 0.0153259
0.62 -4.49895 3.92888e-07 0.0165539
0.63 -4.49893 4.26294e-07 0.0178768
0.64 -4.49892 4.6228e-07 0.0193011
0.65 -4.4989 5.01036e-07 0.0208336
0.66 -4.49889 5.42764e-07 0.0224813
0.67 -4.49888 5.87682e-07 0.0242516
0.68 -4.49886 6.36022e-07 0.0261518
0.69 -4.49885 6.8803e-07 0.0281899
0.7 -4.49883 7.4397e-07 0.0303738
0.71 -4.49882 8.04123e-07 0.0327116
0.72 -4.49881 8.68788e-07 0.0352114
0.73 -4.49879 9.38281e-07 0.0378815
0.74 -4.49878 1.01294e-06 0.0407302
0.75 -4.49877 1.09312e-06 0.0437656
0.76 -4.49875 1.1792e-06 0.0469957
0.77 -4.49874 1.27159e-06 0.0504284
0.78 -4.49873 1.37069e-06 0.054071
0.79 -4.49871 1.47697e-06 0.0579306
0.8 -4.4987 1.59088e-06 0.0620138
0.81 -4.49869 1.71293e-06 0.0663263
0.82 -4.49867 1.84362e-06 0.0708734
0.83 -4.49866 1.98351e-06 0.0756593
0.84 -4.49865 2.13316e-06 0.0806873
0.85 -4.49863 2.29316e-06 0.0859596
0.86 -4.49862 2.46414e-06 0.0914774
0.87 -4.49861 2.64673e-06 0.0972403
0.88 -4.4986 2.84161e-06 0.103247
0.89 -4.49858 3.04947e-06 0.109494
0.9 -4.49857 3.27102e-06 0.115976
0.91 -4.49856 3.507e-06 0.122688
0.92 -4.49855 3.75819e-06 0.129622
0.93 -4.49853 4.02535e-06 0.136769
0.94 -4.49852 4.3093e-06 0.144116
0.95 -4.49851 4.61086e-06 0.151653
0.96 -4.4985 4.93087e-06 0.159364
0.97 -4.49848 5.27018e-06 0.167234
0.98 -4.49847 5.62966e-06 0.175246
0.99 -4.49846 6.0102e-06 0.183382
1 -4.49845 6.41269e-06 0.191622
1.01 -4.49844 6.83802e-06 0.199947
1.02 -4.49842 7.2871e-06 0.208336
1.03 -4.49841 7.76084e-06 0.216767
1.04 -4.4984 8.26016e-06 0.225218
1.05 -4.49839 8.78595e-06 0.233667
1.06 -4.49838 9.33912e-06 0.242091
1.07 -4.49836 9.92059e-06 0.250469
1.08 -4.49835 1.05312e-05 0.258778
1.09 -4.49834 1.11719e-05 0.266998
1.1 -4.49833 1.18435e-05 0.275106
1.11 -4.49832 1.25469e-05 0.283084
1.12 -4.49831 1.3283e-05 0.290911
1.13 -4.49829 1.40524e-05 0.298569
1.14 -4.49828 1.48561e-05 0.30604
1.15 -4.49827 1.56947e-05 0.313308
1.16 -4.49826 1.65691e-05 0.320358
1.17 -4.49825 1.748e-05 0.327175
1.18 -4.49824 1.84279e-05 0.333746
1.19 -4.49822 1.94137e-05 0.340059
1.2 -4.49821 2.04379e-05 0.346103
1.21 -4.4982 2.1501e-05 0.351868
1.22 -4.49819 2.26038e-05 0.357346
1.23 -4.49818 2.37465e-05 0.362528
1.24 -4.49817 2.49298e-05 0.367409
1.25 -4.49816 2.61541e-05 0.371981
1.26 -4.49814 2.74197e-05 0.376242
1.27 -4.49813 2.8727e-05 0.380186
1.28 -4.49812 3.00763e-05 0.38381
1.29 -4.49811 3.14678e-05 0.387113
1.3 -4.4981 3.29019e-05 0.390093
1.31 -4.49809 3.43786e-05 0.392748
1.32 -4.49808 3.5898e-05 0.395079
1.33 -4.49806 3.74603e-05 0.397086
1.34 -4.49805 3.90654e-05 0.39877
1.35 -4.49804 4.07134e-05 0.400132
1.36 -4.49803 4.24042e-05 0.401173
1.37 -4.49802 4.41376e-05 0.401897
1.38 -4.49801 4.59136e-05 0.402306
1.39 -4.498 4.77318e-05 0.402403
1.4 -4.49799 4.96187e-05 0.402191
1.41 -4.49797 5.15756e-05 0.401675
1.42 -4.49796 5.36037e-05 0.400859
1.43 -4.49795 5.57043e-05 0.399746
1.44 -4.49794 5.78785e-05 0.398342
1.45 -4.49793 6.01274e-05 0.396652
1.46 -4.49792 6.24522e-05 0.39468
1.47 -4.4979 6.4854e-05 0.392434
1.48 -4.49789 6.73337e-05 0.389917
1.49 -4.49788 6.98923e-05 0.387137
1.5 -4.49787 7.25308e-05 0.3841
1.51 -4.49785 7.52501e-05 0.380811
1.52 -4.49784 7.80509e-05 0.377279
1.53 -4.49783 8.09341e-05 0.37351
1.54 -4.49781 8.39004e-05 0.36951
1.55 -4.4978 8.69505e-05 0.365289
1.56 -4.49779 9.00849e-05 0.360853
1.57 -4.49777 9.33043e-05 0.356209
1.58 -4.49776 9.66092e-05 0.351367
1.59 -4.49775 9.99999e-05 0.346335
1.6 -4.49773 0.000103477 0.341121
1.61 -4.49772 0.000107041 0.335733
1.62 -4.4977 0.000110691 0.330182
1.63 -4.49769 0.000114429 0.324474
1.64 -4.49767 0.000118254 0.318621
1.65 -4.49766 0.000122166 0.312632
1.66 -4.49764 0.000126166 0.306515
1.67 -4.49763 0.000130253 0.300281
1.68 -4.49761 0.000134428 0.29394
1.69 -4.4976 0.00013869 0.287502
1.7 -4.49758 0.000143038 0.280976
1.71 -4.49757 0.000147474 0.274372
1.72 -4.49755 0.000151995 0.267702
1.73 -4.49753 0.000156603 0.260975
1.74 -4.49752 0.000161297 0.254202
1.75 -4.4975 0.000166075 0.247392
1.76 -4.49749 0.000170939 0.240557
1.77 -4.49747 0.000175886 0.233705
1.78 -4.49745 0.000180918 0.226849
1.79 -4.49744 0.000186032 0.219996
1.8 -4.49742 0.000191228 0.213159
1.81 -4.4974 0.000196506 0.206345
1.82 -4.49738 0.000201865 0.199565
1.83 -4.49737 0.000207303 0.192829
1.84 -4.49735 0.000212821 0.186145
1.85 -4.49733 0.000218418 0.179523
1.86 -4.49731 0.000224092 0.17297
1.87 -4.4973 0.000229842 0.166496
1.88 -4.49728 0.000235669 0.160108
1.89 -4.49726 0.00024157 0.153815
1.9 -4.49724 0.000247545 0.147623
1.91 -4.49722 0.000253594 0.141539
1.92 -4.4972 0.000259714 0.13557
1.93 -4.49719 0.000265906 0.129722
1.94 -4.49717 0.000272168 0.124
1.95 -4.49715 0.000278499 0.11841
1.96 -4.49713 0.000284899 0.112957
1.97 -4.49711 0.000291366 0.107643
1.98 -4.49709 0.0002979 0.102474
1.99 -4.49707 0.0003045 0.0974523
2 -4.49705 0.000311164 0.0925805
2.01 -4.49703 0.000317892 0.0878608
2.02 -4.49701 0.000324683 0.0832952
2.03 -4.49699 0.000331536 0.0788846
2.04 -4.49697 0.000338451 0.0746299
2.05 -4.49695 0.000345426 0.0705314
2.06 -4.49693 0.000352461 0.0665888
2.07 -4.49691 0.000359555 0.0628016
2.08 -4.49689 0.000366708 0.0591686
2.09 -4.49687 0.000373918 0.0556885
2.1 -4.49685 0.000381184 0.0523595
2.11 -4.49682 0.000388508 0.0491793
2.12 -4.4968 0.000395886 0.0461455
2.13 -4.49678 0.00040332 0.0432553
2.14 -4.49676 0.000410808 0.0405056
2.15 -4.49674 0.00041835 0.037893
2.16 -4.49672 0.000425946 0.035414
2.17 -4.4967 0.000433594 0.0330648
2.18 -4.49667 0.000441295 0.0308416
2.19 -4.49665 0.000449048 0.0287402
2.2 -4.49663 0.000456853 0.0267565
2.21 -4.49661 0.000464708 0.0248862
2.22 -4.49658 0.000472615 0.0231249
2.23 -4.49656 0.000480572 0.0214683
2.24 -4.49654 0.000488579 0.0199119
2.25 -4.49652 0.000496636 0.0184514
2.26 -4.49649 0.000504743 0.0170823
2.27 -4.49647 0.000512899 0.0158003
2.28 -4.49645 0.000521104 0.0146011
2.29 -4.49642 0.000529359 0.0134804
2.3 -4.4964 0.000537662 0.012434
2.31 -4.49637 0.000546013 0.011458
2.32 -4.49635 0.000554414 0.0105482
2.33 -4.49633 0.000562862 0.00970086
2.34 -4.4963 0.000571359 0.00891217
2.35 -4.49628 0.000579904 0.00817849
2.36 -4.49625 0.000588496 0.0074963
2.37 -4.49623 0.000597137 0.00686219
2.38 -4.49621 0.000605826 0.00627288
2.39 -4.49618 0.000614562 0.00572522
2.4 -4.49616 0.000623347 0.00521616
2.41 -4.49613 0.000632179 0.00474279
2.42 -4.49611 0.000641059 0.00430232
2.43 -4.49608 0.000649986 0.00389205
2.44 -4.49605 0.000658961 0.00350941
2.45 -4.49603 0.000667984 0.00315191
2.46 -4.496 0.000677055 0.00281716
2.47 -4.49598 0.000686173 0.00250286
2.48 -4.49595 0.00069534 0.0022068
2.49 -4.49593 0.000704554 0.00192682
2.5 -4.4959 0.000713816 0.00166083
2.51 -4.49587 0.000723125 0.00140679
2.52 -4.49585 0.000732483 0.00116273
2.53 -4.49582 0.000741888 0.000926657
2.54 -4.49579 0.000751342 0.00069665
2.55 -4.49577 0.000760843 0.000470773
2.56 -4.49574 0.000770393 0.000247097
2.57 -4.49571 0.00077999 2.36773e-05
2.58 -4.49569 0.000789636 -0.000201457
2.59 -4.49566 0.000799329 -0.000430315
2.6 -4.49563 0.000809072 -0.000664958
2.61 -4.4956 0.000818862 -0.000907512
2.62 -4.49557 0.000828701 -0.00116019
2.63 -4.49555 0.000838589 -0.00142528
2.64 -4.49552 0.000848525 -0.00170521
2.65 -4.49549 0.00085851 -0.00200251
2.66 -4.49546 0.000868543 -0.00231987
2.67 -4.49543 0.000878626 -0.00266012
2.68 -4.4954 0.000888757 -0.00302627
2.69 -4.49538 0.000898937 -0.00342154
2.7 -4.49535 0.000909167 -0.00384934
2.71 -4.49532 0.000919445 -0.0043133
2.72 -4.49529 0.000929772 -0.00481732
2.73 -4.49526 0.000940149 -0.00536554
2.74 -4.49523 0.000950574 -0.00596239
2.75 -4.4952 0.000961049 -0.00661257
2.76 -4.49517 0.000971572 -0.00732112
2.77 -4.49514 0.000982145 -0.00809337
2.78 -4.49511 0.000992767 -0.00893501
2.79 -4.49508 0.00100334 -0.00985207
2.8 -4.49505 0.00101385 -0.0108509
2.81 -4.49502 0.00102432 -0.0119382
2.82 -4.49499 0.00103473 -0.0131212
2.83 -4.49496 0.00104509 -0.0144072
2.84 -4.49493 0.0010554 -0.015804
2.85 -4.4949 0.00106565 -0.0173197
2.86 -4.49487 0.00107586 -0.0189628
2.87 -4.49484 0.00108601 -0.020742
2.88 -4.49482 0.0010961 -0.0226663
2.89 -4.49479 0.00110615 -0.0247447
2.9 -4.49476 0.00111614 -0.0269868
2.91 -4.49473 0.00112607 -0.0294018
2.92 -4.4947 0.00113596 -0.0319994
2.93 -4.49467 0.00114579 -0.0347887
2.94 -4.49465 0.00115556 -0.0377793
2.95 -4.49462 0.00116528 -0.04098
2.96 -4.49459 0.00117494 -0.0443995
2.97 -4.49456 0.00118455 -0.048046
2.98 -4.49453 0.00119411 -0.0519271
2.99 -4.49451 0.0012036 -0.0560497
3 -4.49448 0.00121304 -0.0604197
3.01 -4.49445 0.00122242 -0.0650421
3.02 -4.49443 0.00123175 -0.0699206
3.03 -4.4944 0.00124101 -0.0750578
3.04 -4.49437 0.00125022 -0.0804547
3.05 -4.49435 0.00125936 -0.0861108
3.06 -4.49432 0.00126845 -0.0920241
3.07 -4.49429 0.00127747 -0.0981904
3.08 -4.49427 0.00128643 -0.104604
3.09 -4.49424 0.00129533 -0.111258
3.1 -4.49421 0.00130417 -0.118142
3.11 -4.49419 0.00131294 -0.125244
3.12 -4.49416 0.00132164 -0.132552
3.13 -4.49413 0.00133028 -0.14005
3.14 -4.49411 0.00133885 -0.147722
3.15 -4.49408 0.00134735 -0.155548
3.16 -4.49406 0.00135578 -0.163509
3.17 -4.49403 0.00136414 -0.171583
3.18 -4.494 0.00137243 -0.179749
3.19 -4.49398 0.00138065 -0.187981
3.2 -4.49395 0.00138879 -0.196258
3.21 -4.49393 0.00139686 -0.204552
3.22 -4.4939 0.00140485 -0.212841
3.23 -4.49388 0.00141277 -0.221098
3.24 -4.49385 0.0014206 -0.2293
3.25 -4.49383 0.00142836 -0.23742
3.26 -4.4938 0.00143604 -0.245437
3.27 -4.49378 0.00144363 -0.253325
3.28 -4.49375 0.00145114 -0.261063
3.29 -4.49372 0.00145857 -0.26863
3.3 -4.4937 0.00146591 -0.276006
3.31 -4.49367 0.00147317 -0.28317
3.32 -4.49365 0.00148034 -0.290106
3.33 -4.49362 0.00148742 -0.296797
3.34 -4.4936 0.00149441 -0.303227
3.35 -4.49357 0.00150131 -0.309384
3.36 -4.49355 0.00150812 -0.315255
3.37 -4.49352 0.00151484 -0.320828
3.38 -4.4935 0.00152146 -0.326094
3.39 -4.49347 0.001528 -0.331044
3.4 -4.49345 0.00153443 -0.335672
3.41 -4.49342 0.00154078 -0.339971
3.42 -4.4934 0.00154703 -0.343937
3.43 -4.49337 0.00155318 -0.347565
3.44 -4.49335 0.00155923 -0.350853
3.45 -4.49332 0.00156519 -0.353798
3.46 -4.4933 0.00157105 -0.3564
3.47 -4.49327 0.00157681 -0.358659
3.48 -4.49325 0.00158248 -0.360575
3.49 -4.49322 0.00158804 -0.36215
3.5 -4.4932 0.00159351 -0.363385
3.51 -4.49317 0.00159888 -0.364283
3.52 -4.49315 0.00160415 -0.364848
3.53 -4.49313 0.00160932 -0.365083
3.54 -4.4931 0.00161445 -0.364992
3.55 -4.49308 0.00161954 -0.364579
3.56 -4.49305 0.00162459 -0.363851
3.57 -4.49302 0.0016296 -0.362813
3.58 -4.493 0.00163456 -0.361469
3.59 -4.49297 0.00163948 -0.359828
3.6 -4.49294 0.00164434 -0.357894
3.61 -4.49292 0.00164916 -0.355676
3.62 -4.49289 0.00165393 -0.35318
3.63 -4.49286 0.00165865 -0.350414
3.64 -4.49284 0.00166332 -0.347386
3.65 -4.49281 0.00166794 -0.344103
3.66 -4.49278 0.0016725 -0.340574
3.67 -4.49275 0.00167701 -0.336807
3.68 -4.49272 0.00168147 -0.332812
3.69 -4.49269 0.00168587 -0.328596
3.7 -4.49266 0.00169022 -0.324171
3.71 -4.49263 0.00169451 -0.319543
3.72 -4.4926 0.00169875 -0.314725
3.73 -4.49257 0.00170293 -0.309724
3.74 -4.49254 0.00170705 -0.304551
3.75 -4.49251 0.00171112 -0.299217
3.76 -4.49248 0.00171513 -0.293731
3.77 -4.49245 0.00171909 -0.288104
3.78 -4.49242 0.00172299 -0.282347
3.79 -4.49238 0.00172684 -0.276469
3.8 -4.49235 0.00173063 -0.270482
3.81 -4.49232 0.00173436 -0.264397
3.82 -4.49229 0.00173804 -0.258224
3.83 -4.49225 0.00174167 -0.251975
3.84 -4.49222 0.00174525 -0.245659
3.85 -4.49219 0.00174877 -0.239289
3.86 -4.49215 0.00175224 -0.232874
3.87 -4.49212 0.00175566 -0.226426
3.88 -4.49208 0.00175903 -0.219955
3.89 -4.49205 0.00176236 -0.213473
3.9 -4.49201 0.00176563 -0.206988
3.91 -4.49198 0.00176886 -0.200513
3.92 -4.49194 0.00177205 -0.194056
3.93 -4.49191 0.00177519 -0.187628
3.94 -4.49187 0.00177829 -0.181239
3.95 -4.49184 0.00178134 -0.174897
3.96 -4.4918 0.00178436 -0.168612
3.97 -4.49176 0.00178733 -0.162393
3.98 -4.49173 0.00179027 -0.156249
3.99 -4.49169 0.00179317 -0.150186
4 -4.49165 0.00179604 -0.144214
4.01 -4.49161 0.00179888 -0.138339
4.02 -4.49157 0.00180168 -0.132569
4.03 -4.49154 0.00180445 -0.126909
4.04 -4.4915 0.00180719 -0.121366
4.05 -4.49146 0.00180991 -0.115945
4.06 -4.49142 0.0018126 -0.110651
4.07 -4.49138 0.00181526 -0.105489
4.08 -4.49134 0.0018179 -0.100464
4.09 -4.4913 0.00182052 -0.0955769
4.1 -4.49126 0.00182312 -0.0908327
4.11 -4.49122 0.00182569 -0.0862335
4.12 -4.49118 0.00182825 -0.0817811
4.13 -4.49114 0.0018308 -0.0774772
4.14 -4.4911 0.00183332 -0.0733227
4.15 -4.49106 0.00183584 -0.0693184
4.16 -4.49102 0.00183834 -0.0654641
4.17 -4.49097 0.00184082 -0.0617597
4.18 -4.49093 0.0018433 -0.0582043
4.19 -4.49089 0.00184577 -0.0547968
4.2 -4.49085 0.00184823 -0.0515355
4.21 -4.4908 0.00185067 -0.0484186
4.22 -4.49076 0.00185309 -0.0454438
4.23 -4.49072 0.0018555 -0.0426085
4.24 -4.49068 0.00185789 -0.0399099
4.25 -4.49063 0.00186026 -0.0373449
4.26 -4.49059 0.00186262 -0.03491
4.27 -4.49055 0.00186497 -0.0326017
4.28 -4.49051 0.0018673 -0.0304163
4.29 -4.49046 0.00186963 -0.02835
4.3 -4.49042 0.00187194 -0.0263986
4.31 -4.49038 0.00187424 -0.0245581
4.32 -4.49034 0.00187654 -0.0228243
4.33 -4.49029 0.00187882 -0.021193
4.34 -4.49025 0.0018811 -0.0196598
4.35 -4.49021 0.00188337 -0.0182206
4.36 -4.49017 0.00188563 -0.016871
4.37 -4.49012 0.00188789 -0.0156068
4.38 -4.49008 0.00189014 -0.0144239
4.39 -4.49004 0.00189239 -0.013318
4.4 -4.49 0.00189463 -0.0122851
4.41 -4.48995 0.00189686 -0.0113212
4.42 -4.48991 0.0018991 -0.0104224
4.43 -4.48987 0.00190132 -0.009585
4.44 -4.48982 0.00190355 -0.0088052
4.45 -4.48978 0.00190577 -0.00807945
4.46 -4.48974 0.00190799 -0.0074043
4.47 -4.4897 0.00191021 -0.0067764
4.48 -4.48965 0.00191242 -0.00619251
4.49 -4.48961 0.00191463 -0.00564954
4.5 -4.48957 0.00191684 -0.00514448
4.51 -4.48953 0.00191904 -0.00467445
4.52 -4.48948 0.00192125 -0.0042367
4.53 -4.48944 0.00192345 -0.00382856
4.54 -4.4894 0.00192566 -0.00344746
4.55 -4.48935 0.00192786 -0.00309096
4.56 -4.48931 0.00193006 -0.00275667
4.57 -4.48927 0.00193225 -0.00244232
4.58 -4.48923 0.00193445 -0.00214567
4.59 -4.48918 0.00193665 -0.00186459
4.6 -4.48914 0.00193885 -0.00159699
4.61 -4.4891 0.00194104 -0.00134083
4.62 -4.48906 0.00194324 -0.0010941
4.63 -4.48901 0.00194543 -0.000854824
4.64 -4.48897 0.00194762 -0.000621054
4.65 -4.48893 0.00194982 -0.000390836
4.66 -4.48888 0.00195201 -0.000162216
4.67 -4.48884 0.00195421 6.67796e-05
4.68 -4.4888 0.0019564 0.000298153
4.69 -4.48876 0.00195859 0.000533951
4.7 -4.48871 0.00196079 0.000776275
4.71 -4.48867 0.00196298 0.0010273
4.72 -4.48863 0.00196518 0.00128927
4.73 -4.48859 0.00196737 0.00156456
4.74 -4.48854 0.00196957 0.00185564
4.75 -4.4885 0.00197176 0.00216509
4.76 -4.48846 0.00197396 0.00249569
4.77 -4.48842 0.00197616 0.00285032
4.78 -4.48837 0.00197836 0.0032321
4.79 -4.48833 0.00198056 0.00364429
4.8 -4.48829 0.00198276 0.00409042
4.81 -4.48824 0.00198497 0.0045742
4.82 -4.4882 0.00198717 0.00509962
4.83 -4.48816 0.00198938 0.00567093
4.84 -4.48812 0.00199159 0.00629265
4.85 -4.48807 0.0019938 0.00696961
4.86 -4.48803 0.00199602 0.00770693
4.87 -4.48799 0.00199824 0.00851007
4.88 -4.48795 0.00200046 0.00938483
4.89 -4.4879 0.00200269 0.0103373
4.9 -4.48786 0.00200492 0.0113741
4.91 -4.48782 0.00200716 0.0125019
4.92 -4.48778 0.0020094 0.013728
4.93 -4.48773 0.00201165 0.0150599
4.94 -4.48769 0.0020139 0.0165055
4.95 -4.48765 0.00201616 0.018073
4.96 -4.48761 0.00201843 0.0197709
4.97 -4.48756 0.00202071 0.021608
4.98 -4.48752 0.00202299 0.0235932
4.99 -4.48748 0.00202529 0.0257359
5 -4.48744 0.0020276 0.0280454
5.01 -4.48739 0.00202992 0.030531
5.02 -4.48735 0.00203225 0.0332022
5.03 -4.48731 0.0020346 0.0360683
5.04 -4.48727 0.00203696 0.0391386
5.05 -4.48722 0.00203934 0.0424218
5.06 -4.48718 0.00204174 0.0459264
5.07 -4.48714 0.00204416 0.0496605
5.08 -4.4871 0.0020466 0.0536314
5.09 -4.48705 0.00204906 0.0578455
5.1 -4.48701 0.00205155 0.0623086
5.11 -4.48697 0.00205406 0.0670252
5.12 -4.48693 0.0020566 0.0719986
5.13 -4.48689 0.00205918 0.077231
5.14 -4.48684 0.00206178 0.0827229
5.15 -4.4868 0.00206443 0.0884732
5.16 -4.48676 0.00206711 0.0944793
5.17 -4.48672 0.00206983 0.100737
5.18 -4.48668 0.00207259 0.107239
5.19 -4.48663 0.0020754 0.113978
5.2 -4.48659 0.00207826 0.120944
5.21 -4.48655 0.00208117 0.128124
5.22 -4.48651 0.00208413 0.135505
5.23 -4.48647 0.00208716 0.143071
5.24 -4.48642 0.00209024 0.150805
5.25 -4.48638 0.00209339 0.158687
5.26 -4.48634 0.0020966 0.166698
5.27 -4.4863 0.00209988 0.174816
5.28 -4.48626 0.00210324 0.183017
5.29 -4.48622 0.00210667 0.191279
5.3 -4.48617 0.00211019 0.199577
5.31 -4.48613 0.00211378 0.207887
5.32 -4.48609 0.00211747 0.216183
5.33 -4.48605 0.00212124 0.224441
5.34 -4.48601 0.00212511 0.232636
5.35 -4.48597 0.00212908 0.240744
5.36 -4.48593 0.00213314 0.248741
5.37 -4.48588 0.00213731 0.256604
5.38 -4.48584 0.00214158 0.264311
5.39 -4.4858 0.00214596 0.271841
5.4 -4.48576 0.00215045 0.279175
5.41 -4.48572 0.00215506 0.286293
5.42 -4.48568 0.00215979 0.293179
5.43 -4.48564 0.00216463 0.299816
5.44 -4.4856 0.0021696 0.306189
5.45 -4.48556 0.00217469 0.312286
5.46 -4.48552 0.00217991 0.318093
5.47 -4.48547 0.00218525 0.323602
5.48 -4.48543 0.00219073 0.328801
5.49 -4.48539 0.00219634 0.333684
5.5 -4.48535 0.00220209 0.338243
5.51 -4.48531 0.00220797 0.342472
5.52 -4.48527 0.00221399 0.346368
5.53 -4.48523 0.00222015 0.349925
5.54 -4.48519 0.00222645 0.353142
5.55 -4.48515 0.00223289 0.356018
5.56 -4.48511 0.00223947 0.35855
5.57 -4.48507 0.0022462 0.36074
5.58 -4.48503 0.00225307 0.362588
5.59 -4.48499 0.00226008 0.364095
5.6 -4.48495 0.00226731 0.365264
5.61 -4.48491 0.00227475 0.366097
5.62 -4.48486 0.00228242 0.366597
5.63 -4.48482 0.0022903 0.366769
5.64 -4.48478 0.00229834 0.366617
5.65 -4.48474 0.00230653 0.366144
5.66 -4.4847 0.00231487 0.365358
5.67 -4.48466 0.00232336 0.364262
5.68 -4.48461 0.002332 0.362863
5.69 -4.48457 0.00234078 0.361167
5.7 -4.48453 0.00234971 0.359181
5.71 -4.48449 0.00235879 0.356911
5.72 -4.48445 0.00236801 0.354366
5.73 -4.48441 0.00237737 0.351551
5.74 -4.48437 0.00238687 0.348476
5.75 -4.48433 0.00239652 0.345148
5.76 -4.48428 0.0024063 0.341575
5.77 -4.48424 0.00241622 0.337766
5.78 -4.4842 0.00242628 0.333729
5.79 -4.48416 0.00243647 0.329474
5.8 -4.48412 0.00244679 0.32501
5.81 -4.48408 0.00245724 0.320346
5.82 -4.48404 0.00246782 0.315491
5.83 -4.484 0.00247852 0.310456
5.84 -4.48396 0.00248935 0.30525
5.85 -4.48392 0.0025003 0.299883
5.86 -4.48387 0.00251136 0.294367
5.87 -4.48383 0.00252255 0.28871
5.88 -4.48379 0.00253384 0.282924
5.89 -4.48375 0.00254525 0.277018
5.9 -4.48371 0.00255677 0.271005
5.91 -4.48367 0.00256839 0.264894
5.92 -4.48363 0.00258012 0.258697
5.93 -4.48359 0.00259195 0.252423
5.94 -4.48355 0.00260388 0.246085
5.95 -4.48351 0.0026159 0.239693
5.96 -4.48347 0.00262802 0.233258
5.97 -4.48343 0.00264023 0.22679
5.98 -4.48339 0.00265252 0.2203
5.99 -4.48335 0.0026649 0.213799
6 -4.48331 0.00267737 0.207297
6.01 -4.48327 0.00268991 0.200804
6.02 -4.48323 0.00270253 0.194332
6.03 -4.48319 0.00271523 0.187888
6.04 -4.48315 0.002728 0.181484
6.05 -4.48311 0.00274084 0.175128
6.06 -4.48307 0.00275375 0.16883
6.07 -4.48303 0.00276672 0.162599
6.08 -4.48299 0.00277975 0.156442
6.09 -4.48295 0.00279284 0.150368
6.1 -4.4829 0.002806 0.144385
6.11 -4.48286 0.0028192 0.1385
6.12 -4.48282 0.00283246 0.132719
6.13 -4.48278 0.00284577 0.12705
6.14 -4.48274 0.00285913 0.121498
6.15 -4.4827 0.00287253 0.116069
6.16 -4.48266 0.00288598 0.110767
6.17 -4.48262 0.00289947 0.105598
6.18 -4.48258 0.002913 0.100565
6.19 -4.48254 0.00292656 0.0956711
6.2 -4.48251 0.00294017 0.0909205
6.21 -4.48247 0.0029538 0.0863152
6.22 -4.48243 0.00296747 0.0818572
6.23 -4.48239 0.00298117 0.0775479
6.24 -4.48235 0.0029949 0.0733884
6.25 -4.48231 0.00300866 0.0693793
6.26 -4.48227 0.00302244 0.0655206
6.27 -4.48223 0.00303625 0.061812
6.28 -4.48219 0.00305008 0.0582527
6.29 -4.48215 0.00306394 0.0548416
6.3 -4.48211 0.00307781 0.0515769
6.31 -4.48207 0.0030917 0.0484568
6.32 -4.48203 0.00310561 0.045479
6.33 -4.48199 0.00311954 0.042641
6.34 -4.48195 0.00313348 0.0399398
6.35 -4.48191 0.00314744 0.0373723
6.36 -4.48187 0.00316141 0.0349352
6.37 -4.48183 0.00317539 0.0326249
6.38 -4.48179 0.00318939 0.0304376
6.39 -4.48175 0.0032034 0.0283694
6.4 -4.48171 0.00321742 0.0264164
6.41 -4.48167 0.00323144 0.0245744
6.42 -4.48163 0.00324548 0.0228392
6.43 -4.48159 0.00325953 0.0212066
6.44 -4.48155 0.00327358 0.0196723
6.45 -4.48151 0.00328764 0.0182319
6.46 -4.48147 0.00330171 0.0168813
6.47 -4.48143 0.00331578 0.0156163
6.48 -4.48139 0.00332986 0.0144324
6.49 -4.48135 0.00334394 0.0133258
6.5 -4.48131 0.00335803 0.0122922
6.51 -4.48127 0.00337212 0.0113276
6.52 -4.48123 0.00338622 0.0104283
6.53 -4.48119 0.00340032 0.0095903
6.54 -4.48115 0.00341443 0.00881
6.55 -4.48111 0.00342854 0.00808381
6.56 -4.48107 0.00344265 0.00740825
6.57 -4.48103 0.00345676 0.00677998
6.58 -4.48099 0.00347088 0.00619575
6.59 -4.48095 0.003485 0.00565247
6.6 -4.48091 0.00349912 0.00514714
6.61 -4.48087 0.00351324 0.00467687
6.62 -4.48083 0.00352736 0.00423889
6.63 -4.48079 0.00354149 0.00383054
6.64 -4.48075 0.00355561 0.00344927
6.65 -4.48071 0.00356974 0.0030926
6.66 -4.48068 0.00358387 0.00275817
6.67 -4.48064 0.003598 0.00244368
6.68 -4.4806 0.00361213 0.00214692
6.69 -4.48056 0.00362626 0.00186574
6.7 -4.48052 0.0036404 0.00159805
6.71 -4.48048 0.00365453 0.00134181
6.72 -4.48044 0.00366866 0.00109501
6.73 -4.4804 0.00368279 0.000855677
6.74 -4.48036 0.00369693 0.000621857
6.75 -4.48032 0.00371106 0.000391598
6.76 -4.48028 0.0037252 0.000162943
6.77 -4.48024 0.00373933 -6.60794e-05
6.78 -4.4802 0.00375346 -0.000297473
6.79 -4.48016 0.0037676 -0.000533285
6.8 -4.48012 0.00378173 -0.000775616
6.81 -4.48008 0.00379586 -0.00102664
6.82 -4.48004 0.00381 -0.00128861
6.83 -4.48 0.00382413 -0.00156389
6.84 -4.47996 0.00383826 -0.00185495
6.85 -4.47992 0.00385239 -0.00216438
6.86 -4.47988 0.00386652 -0.00249495
6.87 -4.47984 0.00388065 -0.00284955
6.88 -4.4798 0.00389477 -0.00323129
6.89 -4.47976 0.0039089 -0.00364344
6.9 -4.47972 0.00392302 -0.00408952
6.91 -4.47968 0.00393715 -0.00457324
6.92 -4.47964 0.00395127 -0.00509861
6.93 -4.4796 0.00396538 -0.00566985
6.94 -4.47956 0.0039795 -0.00629149
6.95 -4.47952 0.00399361 -0.00696836
6.96 -4.47948 0.00400772 -0.00770559
6.97 -4.47944 0.00402183 -0.00850864
6.98 -4.4794 0.00403593 -0.00938329
6.99 -4.47936 0.00405003 -0.0103357
7 -4.47932 0.00406413 -0.0113723
7.01 -4.47928 0.00407821 -0.0125
7.02 -4.47924 0.0040923 -0.013726
7.03 -4.4792 0.00410638 -0.0150577
7.04 -4.47917 0.00412045 -0.0165031
7.05 -4.47913 0.00413451 -0.0180705
7.06 -4.47909 0.00414857 -0.0197682
7.07 -4.47905 0.00416262 -0.0216051
7.08 -4.47901 0.00417666 -0.0235902
7.09 -4.47897 0.00419069 -0.0257326
7.1 -4.47893 0.00420471 -0.0280419
7.11 -4.47889 0.00421871 -0.0305272
7.12 -4.47885 0.00423271 -0.0331982
7.13 -4.47881 0.00424668 -0.0360641
7.14 -4.47877 0.00426065 -0.0391341
7.15 -4.47873 0.0042746 -0.042417
7.16 -4.47869 0.00428852 -0.0459214
7.17 -4.47865 0.00430243 -0.0496552
7.18 -4.47861 0.00431632 -0.0536257
7.19 -4.47857 0.00433019 -0.0578396
7.2 -4.47853 0.00434403 -0.0623024
7.21 -4.47849 0.00435784 -0.0670187
7.22 -4.47845 0.00437163 -0.0719918
7.23 -4.47841 0.00438539 -0.0772239
7.24 -4.47837 0.00439911 -0.0827154
7.25 -4.47833 0.0044128 -0.0884654
7.26 -4.47829 0.00442645 -0.0944712
7.27 -4.47825 0.00444006 -0.100728
7.28 -4.47821 0.00445363 -0.10723
7.29 -4.47817 0.00446715 -0.113969
7.3 -4.47813 0.00448063 -0.120935
7.31 -4.47809 0.00449405 -0.128115
7.32 -4.47805 0.00450742 -0.135495
7.33 -4.47801 0.00452074 -0.143061
7.34 -4.47797 0.00453399 -0.150795
7.35 -4.47793 0.00454718 -0.158677
7.36 -4.47789 0.00456031 -0.166688
7.37 -4.47785 0.00457336 -0.174805
7.38 -4.47781 0.00458634 -0.183007
7.39 -4.47777 0.00459925 -0.191269
7.4 -4.47773 0.00461207 -0.199567
7.41 -4.47769 0.00462482 -0.207876
7.42 -4.47765 0.00463747 -0.216172
7.43 -4.47761 0.00465004 -0.22443
7.44 -4.47757 0.00466251 -0.232625
7.45 -4.47753 0.00467489 -0.240733
7.46 -4.47749 0.00468716 -0.24873
7.47 -4.47745 0.00469934 -0.256593
7.48 -4.47741 0.0047114 -0.2643
7.49 -4.47736 0.00472336 -0.271831
7.5 -4.47732 0.0047352 -0.279165
7.51 -4.47728 0.00474693 -0.286283
7.52 -4.47724 0.00475854 -0.293169
7.53 -4.4772 0.00477003 -0.299806
7.54 -4.47716 0.00478139 -0.306179
7.55 -4.47712 0.00479263 -0.312276
7.56 -4.47708 0.00480374 -0.318084
7.57 -4.47704 0.00481472 -0.323593
7.58 -4.477 0.00482556 -0.328793
7.59 -4.47696 0.00483627 -0.333675
7.6 -4.47692 0.00484684 -0.338235
7.61 -4.47688 0.00485726 -0.342464
7.62 -4.47684 0.00486755 -0.34636
7.63 -4.47679 0.0048777 -0.349918
7.64 -4.47675 0.0048877 -0.353135
7.65 -4.47671 0.00489755 -0.356011
7.66 -4.47667 0.00490726 -0.358543
7.67 -4.47663 0.00491682 -0.360733
7.68 -4.47659 0.00492623 -0.362581
7.69 -4.47655 0.00493549 -0.364089
7.7 -4.47651 0.0049446 -0.365258
7.71 -4.47646 0.00495355 -0.366091
7.72 -4.47642 0.00496236 -0.366592
7.73 -4.47638 0.00497102 -0.366764
7.74 -4.47634 0.00497952 -0.366611
7.75 -4.4763 0.00498787 -0.366139
7.76 -4.47626 0.00499608 -0.365353
7.77 -4.47622 0.00500413 -0.364257
7.78 -4.47617 0.00501203 -0.362858
7.79 -4.47613 0.00501978 -0.361163
7.8 -4.47609 0.00502738 -0.359177
7.81 -4.47605 0.00503483 -0.356907
7.82 -4.47601 0.00504214 -0.354362
7.83 -4.47597 0.0050493 -0.351548
7.84 -4.47593 0.00505631 -0.348473
7.85 -4.47588 0.00506318 -0.345144
7.86 -4.47584 0.00506991 -0.341572
7.87 -4.4758 0.0050765 -0.337763
7.88 -4.47576 0.00508295 -0.333726
7.89 -4.47572 0.00508926 -0.329471
7.9 -4.47567 0.00509543 -0.325007
7.91 -4.47563 0.00510147 -0.320343
7.92 -4.47559 0.00510738 -0.315489
7.93 -4.47555 0.00511316 -0.310454
7.94 -4.47551 0.00511881 -0.305248
7.95 -4.47547 0.00512434 -0.299881
7.96 -4.47542 0.00512974 -0.294365
7.97 -4.47538 0.00513502 -0.288708
7.98 -4.47534 0.00514018 -0.282922
7.99 -4.4753 0.00514523 -0.277017
8 -4.47526 0.00515016 -0.271004
8.01 -4.47521 0.00515498 -0.264893
8.02 -4.47517 0.0051597 -0.258696
8.03 -4.47513 0.0051643 -0.252423
8.04 -4.47509 0.00516881 -0.246085
8.05 -4.47505 0.00517321 -0.239693
8.06 -4.475 0.00517752 -0.233257
8.07 -4.47496 0.00518173 -0.226789
8.08 -4.47492 0.00518584 -0.2203
8.09 -4.47488 0.00518987 -0.213799
8.1 -4.47484 0.00519381 -0.207297
8.11 -4.47479 0.00519766 -0.200805
8.12 -4.47475 0.00520144 -0.194332
8.13 -4.47471 0.00520513 -0.187889
8.14 -4.47467 0.00520875 -0.181485
8.15 -4.47462 0.00521229 -0.17513
8.16 -4.47458 0.00521577 -0.168832
8.17 -4.47454 0.00521917 -0.1626
8.18 -4.4745 0.00522251 -0.156444
8.19 -4.47446 0.00522579 -0.15037
8.2 -4.47441 0.005229 -0.144387
8.21 -4.47437 0.00523216 -0.138502
8.22 -4.47433 0.00523526 -0.132722
8.23 -4.47429 0.00523831 -0.127053
8.24 -4.47425 0.0052413 -0.121501
8.25 -4.4742 0.00524425 -0.116072
8.26 -4.47416 0.00524715 -0.110771
8.27 -4.47412 0.00525 -0.105601
8.28 -4.47408 0.00525282 -0.100568
8.29 -4.47403 0.00525559 -0.0956754
8.3 -4.47399 0.00525832 -0.090925
8.31 -4.47395 0.00526102 -0.0863199
8.32 -4.47391 0.00526368 -0.0818621
8.33 -4.47387 0.00526631 -0.0775531
8.34 -4.47382 0.00526891 -0.0733939
8.35 -4.47378 0.00527148 -0.069385
8.36 -4.47374 0.00527403 -0.0655266
8.37 -4.4737 0.00527654 -0.0618182
8.38 -4.47366 0.00527904 -0.0582591
8.39 -4.47361 0.00528151 -0.0548481
8.4 -4.47357 0.00528395 -0.0515837
8.41 -4.47353 0.00528638 -0.0484638
8.42 -4.47349 0.00528879 -0.0454862
8.43 -4.47344 0.00529118 -0.0426484
8.44 -4.4734 0.00529355 -0.0399474
8.45 -4.47336 0.00529591 -0.0373801
8.46 -4.47332 0.00529825 -0.0349431
8.47 -4.47328 0.00530058 -0.0326329
8.48 -4.47323 0.00530289 -0.0304458
8.49 -4.47319 0.0053052 -0.0283778
8.5 -4.47315 0.00530749 -0.0264248
8.51 -4.47311 0.00530977 -0.0245829
8.52 -4.47306 0.00531204 -0.0228478
8.53 -4.47302 0.00531431 -0.0212153
8.54 -4.47298 0.00531656 -0.019681
8.55 -4.47294 0.00531881 -0.0182407
8.56 -4.4729 0.00532105 -0.0168902
8.57 -4.47285 0.00532328 -0.0156251
8.58 -4.47281 0.00532551 -0.0144413
8.59 -4.47277 0.00532773 -0.0133346
8.6 -4.47273 0.00532995 -0.012301
8.61 -4.47268 0.00533216 -0.0113364
8.62 -4.47264 0.00533437 -0.010437
8.63 -4.4726 0.00533657 -0.00959899
8.64 -4.47256 0.00533877 -0.00881862
8.65 -4.47252 0.00534097 -0.00809234
8.66 -4.47247 0.00534316 -0.00741668
8.67 -4.47243 0.00534535 -0.00678829
8.68 -4.47239 0.00534754 -0.00620394
8.69 -4.47235 0.00534973 -0.00566051
8.7 -4.4723 0.00535191 -0.00515501
8.71 -4.47226 0.00535409 -0.00468456
8.72 -4.47222 0.00535627 -0.00424638
8.73 -4.47218 0.00535845 -0.00383782
8.74 -4.47214 0.00536063 -0.00345631
8.75 -4.47209 0.0053628 -0.00309938
8.76 -4.47205 0.00536498 -0.00276465
8.77 -4.47201 0.00536715 -0.00244984
8.78 -4.47197 0.00536932 -0.00215272
8.79 -4.47192 0.00537149 -0.00187114
8.8 -4.47188 0.00537366 -0.001603
8.81 -4.47184 0.00537583 -0.00134626
8.82 -4.4718 0.005378 -0.00109889
8.83 -4.47176 0.00538017 -0.000858916
8.84 -4.47171 0.00538234 -0.000624366
8.85 -4.47167 0.00538451 -0.000393274
8.86 -4.47163 0.00538668 -0.000163667
8.87 -4.47159 0.00538885 6.64489e-05
8.88 -4.47154 0.00539101 0.000299102
8.89 -4.4715 0.00539318 0.000536366
8.9 -4.47146 0.00539535 0.000780377
8.91 -4.47142 0.00539752 0.00103335
8.92 -4.47138 0.00539969 0.00129758
8.93 -4.47133 0.00540186 0.00157548
8.94 -4.47129 0.00540404 0.00186959
8.95 -4.47125 0.00540621 0.00218257
8.96 -4.47121 0.00540838 0.00251726
8.97 -4.47116 0.00541056 0.00287668
8.98 -4.47112 0.00541273 0.00326401
8.99 -4.47108 0.00541491 0.00368268
9 -4.47104 0.00541709 0.00413635
9.01 -4.471 0.00541927 0.00462891
9.02 -4.47095 0.00542146 0.00516454
9.03 -4.47091 0.00542364 0.00574773
9.04 -4.47087 0.00542583 0.00638325
9.05 -4.47083 0.00542803 0.00707623
9.06 -4.47079 0.00543022 0.00783216
9.07 -4.47074 0.00543242 0.00865687
9.08 -4.4707 0.00543462 0.00955661
9.09 -4.47066 0.00543683 0.010538
9.1 -4.47062 0.00543904 0.0116082
9.11 -4.47057 0.00544126 0.0127746
9.12 -4.47053 0.00544348 0.0140451
9.13 -4.47049 0.00544571 0.0154282
9.14 -4.47045 0.00544795 0.0169327
9.15 -4.47041 0.0054502 0.0185677
9.16 -4.47036 0.00545245 0.0203431
9.17 -4.47032 0.00545471 0.0222688
9.18 -4.47028 0.00545699 0.0243554
9.19 -4.47024 0.00545927 0.0266136
9.2 -4.47019 0.00546157 0.0290545
9.21 -4.47015 0.00546388 0.0316895
9.22 -4.47011 0.0054662 0.0345302
9.23 -4.47007 0.00546855 0.0375881
9.24 -4.47003 0.0054709 0.0408749
9.25 -4.46998 0.00547328 0.0444021
9.26 -4.46994 0.00547568 0.0481811
9.27 -4.4699 0.0054781 0.0522229
9.28 -4.46986 0.00548054 0.0565381
9.29 -4.46981 0.00548301 0.0611365
9.3 -4.46977 0.00548551 0.0660273
9.31 -4.46973 0.00548804 0.0712187
9.32 -4.46969 0.0054906 0.0767179
9.33 -4.46965 0.00549319 0.0825308
9.34 -4.4696 0.00549582 0.0886617
9.35 -4.46956 0.0054985 0.0951136
9.36 -4.46952 0.00550121 0.101887
9.37 -4.46948 0.00550397 0.108983
9.38 -4.46943 0.00550679 0.116397
9.39 -4.46939 0.00550965 0.124124
9.4 -4.46935 0.00551257 0.132159
9.41 -4.46931 0.00551555 0.140492
9.42 -4.46927 0.0055186 0.149111
9.43 -4.46922 0.00552171 0.158004
9.44 -4.46918 0.00552489 0.167154
9.45 -4.46914 0.00552815 0.176546
9.46 -4.4691 0.00553148 0.186159
9.47 -4.46905 0.0055349 0.195973
9.48 -4.46901 0.00553841 0.205965
9.49 -4.46897 0.00554201 0.216112
9.5 -4.46893 0.00554571 0.22639
9.51 -4.46889 0.00554951 0.236774
9.52 -4.46884 0.00555341 0.247237
9.53 -4.4688 0.00555742 0.257753
9.54 -4.46876 0.00556155 0.268298
9.55 -4.46872 0.0055658 0.278844
9.56 -4.46867 0.00557017 0.289366
9.57 -4.46863 0.00557468 0.299841
9.58 -4.46859 0.00557931 0.310243
9.59 -4.46855 0.00558408 0.320551
9.6 -4.46851 0.005589 0.330743
9.61 -4.46846 0.00559406 0.340797
9.62 -4.46842 0.00559928 0.350696
9.63 -4.46838 0.00560465 0.360421
9.64 -4.46834 0.00561018 0.369957
9.65 -4.46829 0.00561587 0.379287
9.66 -4.46825 0.00562174 0.3884
9.67 -4.46821 0.00562777 0.397283
9.68 -4.46817 0.00563399 0.405925
9.69 -4.46812 0.00564038 0.414317
9.7 -4.46808 0.00564696 0.422452
9.71 -4.46804 0.00565373 0.430321
9.72 -4.468 0.00566069 0.43792
9.73 -4.46795 0.00566785 0.445244
9.74 -4.46791 0.00567521 0.45229
9.75 -4.46787 0.00568277 0.459053
9.76 -4.46783 0.00569054 0.465532
9.77 -4.46778 0.00569851 0.471727
9.78 -4.46774 0.0057067 0.477635
9.79 -4.4677 0.00571511 0.483258
9.8 -4.46766 0.00572373 0.488595
9.81 -4.46761 0.00573258 0.493648
9.82 -4.46757 0.00574165 0.498416
9.83 -4.46753 0.00575095 0.502903
9.84 -4.46749 0.00576039 0.507109
9.85 -4.46745 0.00576997 0.511037
9.86 -4.4674 0.00577968 0.514688
9.87 -4.46736 0.00578953 0.518066
9.88 -4.46732 0.00579951 0.521172
9.89 -4.46728 0.00580962 0.524009
9.9 -4.46724 0.00581986 0.526579
9.91 -4.4672 0.00583023 0.528886
9.92 -4.46716 0.00584072 0.530931
9.93 -4.46712 0.00585134 0.532718
9.94 -4.46709 0.00586207 0.534248
9.95 -4.46705 0.00587293 0.535524
9.96 -4.46701 0.0058839 0.53655
9.97 -4.46697 0.00589498 0.537327
9.98 -4.46694 0.00590617 0.537857
9.99 -4.4669 0.00591747 0.538144
10 -4.46686 0.00592887 0.53819
10.01 -4.46683 0.00594049 0.537996
10.02 -4.46679 0.00595234 0.537566
10.03 -4.46675 0.00596441 0.536901
10.04 -4.46672 0.0059767 0.536005
10.05 -4.46668 0.00598922 0.534878
10.06 -4.46665 0.00600197 0.533524
10.07 -4.46661 0.00601494 0.531945
10.08 -4.46657 0.00602813 0.530143
10.09 -4.46654 0.00604156 0.528121
10.1 -4.4665 0.00605521 0.52588
10.11 -4.46646 0.00606909 0.523424
10.12 -4.46643 0.0060832 0.520754
10.13 -4.46639 0.00609754 0.517874
10.14 -4.46635 0.0061121 0.514785
10.15 -4.46632 0.0061269 0.511492
10.16 -4.46628 0.00614192 0.507996
10.17 -4.46624 0.00615717 0.5043
10.18 -4.46621 0.00617265 0.500409
10.19 -4.46617 0.00618835 0.496323
10.2 -4.46613 0.00620429 0.492049
10.21 -4.4661 0.00622044 0.487587
10.22 -4.46606 0.00623683 0.482943
10.23 -4.46602 0.00625344 0.478121
10.24 -4.46599 0.00627027 0.473123
10.25 -4.46595 0.00628733 0.467955
10.26 -4.46591 0.00630461 0.462621
10.27 -4.46588 0.00632211 0.457125
10.28 -4.46584 0.00633983 0.451472
10.29 -4.4658 0.00635777 0.445667
10.3 -4.46576 0.00637593 0.439716
10.31 -4.46573 0.0063943 0.433623
10.32 -4.46569 0.00641288 0.427394
10.33 -4.46565 0.00643168 0.421035
10.34 -4.46562 0.00645068 0.414552
10.35 -4.46558 0.00646989 0.407951
10.36 -4.46554 0.00648931 0.401238
10.37 -4.4655 0.00650894 0.39442
10.38 -4.46547 0.00652876 0.387503
10.39 -4.46543 0.00654878 0.380495
10.4 -4.46539 0.006569 0.373401
10.41 -4.46535 0.00658941 0.366229
10.42 -4.46532 0.00661001 0.358987
10.43 -4.46528 0.0066308 0.351682
10.44 -4.46524 0.00665178 0.34432
10.45 -4.4652 0.00667294 0.336909
10.46 -4.46517 0.00669427 0.329458
10.47 -4.46513 0.00671579 0.321973
10.48 -4.46509 0.00673747 0.314461
10.49 -4.46505 0.00675933 0.306931
10.5 -4.46502 0.00678135 0.29939
10.51 -4.46498 0.00680353 0.291845
10.52 -4.46494 0.00682588 0.284303
10.53 -4.4649 0.00684837 0.276772
10.54 -4.46487 0.00687103 0.269259
10.55 -4.46483 0.00689383 0.261771
10.56 -4.46479 0.00691677 0.254314
10.57 -4.46475 0.00693986 0.246894
10.58 -4.46471 0.00696308 0.239518
10.59 -4.46468 0.00698644 0.232192
10.6 -4.46464 0.00700993 0.224921
10.61 -4.4646 0.00703355 0.217711
10.62 -4.46456 0.00705728 0.210565
10.63 -4.46452 0.00708114 0.203488
10.64 -4.46449 0.00710512 0.196483
10.65 -4.46445 0.0071292 0.189554
10.66 -4.46441 0.0071534 0.182702
10.67 -4.46437 0.00717769 0.17593
10.68 -4.46433 0.00720209 0.169238
10.69 -4.4643 0.00722659 0.162626
10.7 -4.46426 0.00725118 0.156093
10.71 -4.46422 0.00727586 0.149637
10.72 -4.46418 0.00730062 0.143255
10.73 -4.46414 0.00732547 0.136942
10.74 -4.46411 0.0073504 0.130692
10.75 -4.46407 0.0073754 0.124499
10.76 -4.46403 0.00740047 0.118352
10.77 -4.46399 0.00742561 0.112241
10.78 -4.46395 0.00745082 0.106155
10.79 -4.46392 0.00747609 0.100077
10.8 -4.46388 0.00750141 0.0939901
10.81 -4.46384 0.00752679 0.0878754
10.82 -4.4638 0.00755222 0.0817101
10.83 -4.46376 0.0075777 0.0754688
10.84 -4.46372 0.00760322 0.0691228
10.85 -4.46369 0.00762877 0.0626402
10.86 -4.46365 0.00765436 0.0559853
10.87 -4.46361 0.00767998 0.0491186
10.88 -4.46357 0.00770563 0.0419967
10.89 -4.46353 0.0077313 0.0345721
10.9 -4.4635 0.00775698 0.0267931
10.91 -4.46346 0.00778268 0.0186038
10.92 -4.46342 0.00780838 0.00994457
10.93 -4.46338 0.00783408 0.000751897
10.94 -4.46334 0.00785978 -0.00904081
10.95 -4.4633 0.00788548 -0.0195027
10.96 -4.46327 0.00791118 -0.0307045
10.97 -4.46323 0.00793686 -0.0427175
10.98 -4.46319 0.00796254 -0.0556117
10.99 -4.46315 0.00798822 -0.0694549
11 -4.46311 0.00801387 -0.0843098
11.01 -4.46307 0.00803952 -0.100232
11.02 -4.46304 0.00806515 -0.117269
11.03 -4.463 0.00809075 -0.135456
11.04 -4.46296 0.00811634 -0.154813
11.05 -4.46292 0.0081419 -0.175346
11.06 -4.46288 0.00816743 -0.197043
11.07 -4.46284 0.00819293 -0.219871
11.08 -4.4628 0.00821839 -0.243778
11.09 -4.46276 0.0082438 -0.268694
11.1 -4.46272 0.00826917 -0.29453
11.11 -4.46268 0.00829449 -0.321178
11.12 -4.46264 0.00831976 -0.348518
11.13 -4.4626 0.00834496 -0.376418
11.14 -4.46256 0.00837009 -0.404739
11.15 -4.46252 0.00839514 -0.433337
11.16 -4.46248 0.00842012 -0.46207
11.17 -4.46244 0.008445 -0.490797
11.18 -4.4624 0.00846978 -0.519384
11.19 -4.46236 0.00849446 -0.547708
11.2 -4.46231 0.00851903 -0.575654
11.21 -4.46227 0.00854347 -0.603121
11.22 -4.46223 0.00856778 -0.630022
11.23 -4.46218 0.00859195 -0.656283
11.24 -4.46214 0.00861597 -0.681841
11.25 -4.4621 0.00863982 -0.706648
11.26 -4.46205 0.0086635 -0.730668
11.27 -4.462 0.008687 -0.753876
11.28 -4.46196 0.00871031 -0.776253
11.29 -4.46191 0.0087334 -0.797794
11.3 -4.46187 0.00875628 -0.818497
11.31 -4.46182 0.00877893 -0.838368
11.32 -4.46177 0.00880133 -0.857418
11.33 -4.46172 0.00882348 -0.875662
11.34 -4.46167 0.00884536 -0.893119
11.35 -4.46162 0.00886695 -0.909809
11.36 -4.46157 0.00888825 -0.925756
11.37 -4.46152 0.00890923 -0.940983
11.38 -4.46147 0.00892989 -0.955515
11.39 -4.46142 0.00895022 -0.969379
11.4 -4.46136 0.00897018 -0.9826
11.41 -4.46131 0.00898978 -0.995204
11.42 -4.46126 0.00900899 -1.00722
11.43 -4.4612 0.0090278 -1.01866
11.44 -4.46115 0.0090462 -1.02956
11.45 -4.46109 0.00906417 -1.03994
11.46 -4.46104 0.00908169 -1.04983
11.47 -4.46098 0.00909874 -1.05924
11.48 -4.46092 0.00911532 -1.0682
11.49 -4.46086 0.0091314 -1.07672
11.5 -4.4608 0.00914698 -1.08483
11.51 -4.46074 0.00916202 -1.09254
11.52 -4.46068 0.00917653 -1.09988
11.53 -4.46062 0.00919047 -1.10685
11.54 -4.46056 0.00920384 -1.11348
11.55 -4.4605 0.00921661 -1.11978
11.56 -4.46043 0.00922878 -1.12576
11.57 -4.46037 0.00924033 -1.13144
11.58 -4.46031 0.00925124 -1.13682
11.59 -4.46024 0.00926149 -1.14193
11.6 -4.46018 0.00927107 -1.14678
11.61 -4.46011 0.00927996 -1.15136
11.62 -4.46004 0.00928815 -1.15571
11.63 -4.45998 0.00929563 -1.15981
11.64 -4.45991 0.00930237 -1.16369
11.65 -4.45984 0.00930836 -1.16736
11.66 -4.45977 0.00931359 -1.17081
11.67 -4.4597 0.00931804 -1.17405
11.68 -4.45963 0.0093217 -1.17711
11.69 -4.45956 0.00932456 -1.17997
11.7 -4.45949 0.0093266 -1.18265
11.71 -4.45942 0.0093278 -1.18515
11.72 -4.45935 0.00932816 -1.18748
11.73 -4.45928 0.00932765 -1.18965
11.74 -4.4592 0.00932627 -1.19165
11.75 -4.45913 0.00932401 -1.19349
11.76 -4.45905 0.00932085 -1.19517
11.77 -4.45898 0.00931678 -1.19671
11.78 -4.45891 0.00931178 -1.19809
11.79 -4.45883 0.00930585 -1.19933
11.8 -4.45875 0.00929897 -1.20042
11.81 -4.45868 0.00929113 -1.20138
11.82 -4.4586 0.00928233 -1.20219
11.83 -4.45853 0.00927254 -1.20286
11.84 -4.45845 0.00926177 -1.2034
11.85 -4.45837 0.00924999 -1.2038
11.86 -4.45829 0.00923721 -1.20406
11.87 -4.45822 0.0092234 -1.20419
11.88 -4.45814 0.00920871 -1.20418
11.89 -4.45806 0.00919316 -1.20403
11.9 -4.45798 0.00917676 -1.20375
11.91 -4.45791 0.00915951 -1.20332
11.92 -4.45783 0.00914143 -1.20276
11.93 -4.45776 0.00912254 -1.20206
11.94 -4.45768 0.00910263 -1.20121
11.95 -4.45761 0.00908169 -1.20021
11.96 -4.45753 0.00905973 -1.19907
11.97 -4.45746 0.00903672 -1.19777
11.98 -4.45738 0.00901268 -1.19632
11.99 -4.4573 0.00898758 -1.19471
12 -4.45723 0.00896142 -1.19293
12.01 -4.45715 0.0089342 -1.19099
12.02 -4.45708 0.00890591 -1.18888
12.03 -4.457 0.00887655 -1.18659
12.04 -4.45692 0.0088461 -1.18412
12.05 -4.45685 0.00881457 -1.18146
12.06 -4.45677 0.00878196 -1.17861
12.07 -4.45669 0.00874825 -1.17555
12.08 -4.45662 0.00871344 -1.17229
12.09 -4.45654 0.00867753 -1.16882
12.1 -4.45646 0.00864052 -1.16513
12.11 -4.45638 0.0086024 -1.1612
12.12 -4.45631 0.00856317 -1.15705
12.13 -4.45623 0.00852283 -1.15264
12.14 -4.45615 0.00848138 -1.14799
12.15 -4.45608 0.00843881 -1.14307
12.16 -4.456 0.00839512 -1.13788
12.17 -4.45592 0.00835031 -1.13242
12.18 -4.45585 0.00830439 -1.12667
12.19 -4.45577 0.00825735 -1.12062
12.2 -4.4557 0.00820919 -1.11426
12.21 -4.45562 0.00815992 -1.10759
12.22 -4.45554 0.00810953 -1.1006
12.23 -4.45547 0.00805803 -1.09327
12.24 -4.45539 0.00800542 -1.08561
12.25 -4.45532 0.0079517 -1.0776
12.26 -4.45524 0.00789687 -1.06923
12.27 -4.45516 0.00784095 -1.06049
12.28 -4.45509 0.00778393 -1.05139
12.29 -4.45501 0.00772582 -1.04192
12.3 -4.45494 0.00766663 -1.03206
12.31 -4.45487 0.00760636 -1.02182
12.32 -4.45479 0.00754502 -1.01119
12.33 -4.45472 0.00748261 -1.00018
12.34 -4.45464 0.00741916 -0.988774
12.35 -4.45457 0.00735465 -0.97698
12.36 -4.4545 0.00728911 -0.964799
12.37 -4.45442 0.00722254 -0.952235
12.38 -4.45435 0.00715495 -0.939291
12.39 -4.45428 0.00708636 -0.925973
12.4 -4.45421 0.00701677 -0.91229
12.41 -4.45413 0.0069462 -0.898251
12.42 -4.45406 0.00687467 -0.883866
12.43 -4.45399 0.00680218 -0.869146
12.44 -4.45392 0.00672875 -0.854106
12.45 -4.45385 0.00665439 -0.83876
12.46 -4.45378 0.00657912 -0.823123
12.47 -4.45371 0.00650295 -0.807213
12.48 -4.45364 0.00642591 -0.791049
12.49 -4.45357 0.006348 -0.774648
12.5 -4.4535 0.00626924 -0.75803
12.51 -4.45343 0.00618965 -0.741217
12.52 -4.45336 0.00610926 -0.724228
12.53 -4.45329 0.00602806 -0.707085
12.54 -4.45323 0.00594609 -0.689809
12.55 -4.45316 0.00586336 -0.672421
12.56 -4.45309 0.0057799 -0.654942
12.57 -4.45302 0.00569571 -0.637393
12.58 -4.45296 0.00561081 -0.619794
12.59 -4.45289 0.00552524 -0.602165
12.6 -4.45282 0.005439 -0.584524
12.61 -4.45276 0.00535212 -0.566888
12.62 -4.45269 0.00526461 -0.549276
12.63 -4.45263 0.00517649 -0.531701
12.64 -4.45256 0.00508779 -0.514178
12.65 -4.4525 0.00499852 -0.496721
12.66 -4.45243 0.0049087 -0.479339
12.67 -4.45237 0.00481835 -0.462044
12.68 -4.45231 0.0047275 -0.444842
12.69 -4.45224 0.00463615 -0.427739
12.7 -4.45218 0.00454433 -0.410741
12.71 -4.45211 0.00445206 -0.393849
12.72 -4.45205 0.00435936 -0.377062
12.73 -4.45199 0.00426624 -0.36038
12.74 -4.45193 0.00417272 -0.343799
12.75 -4.45186 0.00407883 -0.327311
12.76 -4.4518 0.00398459 -0.310908
12.77 -4.45174 0.00389 -0.294579
12.78 -4.45168 0.00379509 -0.27831
12.79 -4.45161 0.00369988 -0.262087
12.8 -4.45155 0.00360439 -0.245889
12.81 -4.45149 0.00350863 -0.229698
12.82 -4.45143 0.00341263 -0.213489
12.83 -4.45137 0.0033164 -0.197238
12.84 -4.45131 0.00321996 -0.180917
12.85 -4.45125 0.00312333 -0.164497
12.86 -4.45119 0.00302653 -0.147946
12.87 -4.45112 0.00292958 -0.131231
12.88 -4.45106 0.0028325 -0.114318
12.89 -4.451 0.0027353 -0.0971723
12.9 -4.45094 0.00263802 -0.0797584
12.91 -4.45088 0.00254067 -0.062041
12.92 -4.45082 0.00244326 -0.0439855
12.93 -4.45076 0.00234583 -0.0255586
12.94 -4.4507 0.00224839 -0.00672937
12.95 -4.45064 0.00215096 0.0125305
12.96 -4.45058 0.00205353 0.0322456
12.97 -4.45052 0.0019561 0.0524361
12.98 -4.45046 0.00185867 0.0731168
12.99 -4.4504 0.00176125 0.0942967
13 -4.45033 0.00166383 0.115978
13.01 -4.45027 0.00156643 0.138157
13.02 -4.45021 0.00146902 0.160821
13.03 -4.45015 0.00137163 0.18395
13.04 -4.45009 0.00127425 0.207518
13.05 -4.45002 0.00117688 0.23149
13.06 -4.44996 0.00107953 0.255823
13.07 -4.4499 0.000982189 0.280472
13.08 -4.44984 0.000884871 0.305382
13.09 -4.44977 0.000787577 0.330496
13.1 -4.44971 0.00069031 0.355753
13.11 -4.44964 0.000593075 0.38109
13.12 -4.44958 0.000495875 0.406442
13.13 -4.44951 0.000398717 0.431744
13.14 -4.44944 0.000301606 0.456935
13.15 -4.44938 0.000204549 0.481951
13.16 -4.44931 0.000107552 0.506736
13.17 -4.44924 1.06219e-05 0.531235
13.18 -4.44917 -8.62322e-05 0.555397
13.19 -4.4491 -0.000183002 0.579176
13.2 -4.44903 -0.000279678 0.602532
13.21 -4.44896 -0.00037625 0.62543
13.22 -4.44888 -0.000472708 0.647837
13.23 -4.44881 -0.000569041 0.669729
13.24 -4.44874 -0.000665236 0.691084
13.25 -4.44866 -0.000761281 0.711886
13.26 -4.44858 -0.000857162 0.732122
13.27 -4.4485 -0.000952865 0.751784
13.28 -4.44843 -0.00104838 0.770866
13.29 -4.44835 -0.00114368 0.789367
13.3 -4.44826 -0.00123876 0.807286
13.31 -4.44818 -0.0013336 0.824629
13.32 -4.4481 -0.00142818 0.841399
13.33 -4.44801 -0.00152248 0.857604
13.34 -4.44793 -0.00161649 0.873253
13.35 -4.44784 -0.00171019 0.888355
13.36 -4.44775 -0.00180355 0.902921
13.37 -4.44766 -0.00189656 0.916964
13.38 -4.44757 -0.00198919 0.930495
13.39 -4.44748 -0.00208142 0.943528
13.4 -4.44739 -0.00217323 0.956075
13.41 -4.44729 -0.0022646 0.96815
13.42 -4.44719 -0.0023555 0.979766
13.43 -4.4471 -0.0024459 0.990937
13.44 -4.447 -0.00253579 1.00168
13.45 -4.4469 -0.00262514 1.012
13.46 -4.44679 -0.00271393 1.02191
13.47 -4.44669 -0.00280211 1.03144
13.48 -4.44659 -0.00288968 1.04058
13.49 -4.44648 -0.0029766 1.04936
13.5 -4.44637 -0.00306285 1.05778
13.51 -4.44626 -0.00314839 1.06586
13.52 -4.44615 -0.0032332 1.0736
13.53 -4.44604 -0.00331724 1.08102
13.54 -4.44592 -0.0034005 1.08814
13.55 -4.44581 -0.00348294 1.09495
13.56 -4.44569 -0.00356453 1.10147
13.57 -4.44557 -0.00364523 1.10772
13.58 -4.44545 -0.00372503 1.11369
13.59 -4.44533 -0.00380389 1.1194
13.6 -4.44521 -0.00388177 1.12485
13.61 -4.44508 -0.00395866 1.13006
13.62 -4.44496 -0.00403451 1.13503
13.63 -4.44483 -0.00410929 1.13977
13.64 -4.4447 -0.00418299 1.14429
13.65 -4.44457 -0.00425555 1.14859
13.66 -4.44444 -0.00432696 1.15268
13.67 -4.4443 -0.00439717 1.15657
13.68 -4.44417 -0.00446617 1.16026
13.69 -4.44403 -0.00453392 1.16376
13.7 -4.44389 -0.00460038 1.16708
13.71 -4.44375 -0.00466554 1.17021
13.72 -4.44361 -0.00472935 1.17317
13.73 -4.44347 -0.00479179 1.17595
13.74 -4.44333 -0.00485283 1.17857
13.75 -4.44318 -0.00491244 1.18102
13.76 -4.44304 -0.00497058 1.18332
13.77 -4.44289 -0.00502724 1.18545
13.78 -4.44274 -0.00508239 1.18743
13.79 -4.44259 -0.00513598 1.18927
13.8 -4.44244 -0.00518801 1.19095
13.81 -4.44228 -0.00523844 1.19249
13.82 -4.44213 -0.00528724 1.19388
13.83 -4.44197 -0.0053344 1.19513
13.84 -4.44182 -0.00537987 1.19624
13.85 -4.44166 -0.00542365 1.19721
13.86 -4.4415 -0.0054657 1.19805
13.87 -4.44134 -0.00550601 1.19874
13.88 -4.44118 -0.00554454 1.1993
13.89 -4.44102 -0.00558128 1.19972
13.9 -4.44086 -0.0056162 1.2
13.91 -4.44069 -0.00564929 1.20015
13.92 -4.44053 -0.00568052 1.20015
13.93 -4.44036 -0.00571019 1.20002
13.94 -4.44019 -0.00573824 1.19975
13.95 -4.44001 -0.00576461 1.19933
13.96 -4.43984 -0.00578924 1.19877
13.97 -4.43966 -0.00581208 1.19806
13.98 -4.43948 -0.00583306 1.1972
13.99 -4.43929 -0.00585213 1.19619
14 -4.43911 -0.00586923 1.19503
14.01 -4.43892 -0.00588429 1.19371
14.02 -4.43872 -0.00589726 1.19222
14.03 -4.43853 -0.00590807 1.19056
14.04 -4.43833 -0.00591661 1.18874
14.05 -4.43813 -0.00592286 1.18673
14.06 -4.43793 -0.0059268 1.18455
14.07 -4.43773 -0.00592838 1.18217
14.08 -4.43753 -0.00592759 1.1796
14.09 -4.43733 -0.00592441 1.17683
14.1 -4.43712 -0.00591879 1.17386
14.11 -4.43692 -0.00591073 1.17066
14.12 -4.43671 -0.00590019 1.16724
14.13 -4.4365 -0.00588715 1.16359
14.14 -4.43629 -0.00587159 1.1597
14.15 -4.43608 -0.0058535 1.15556
14.16 -4.43587 -0.00583323 1.15116
14.17 -4.43567 -0.00581085 1.1465
14.18 -4.43546 -0.00578645 1.14155
14.19 -4.43526 -0.00576008 1.13632
14.2 -4.43507 -0.00573182 1.13078
14.21 -4.43487 -0.00570142 1.12494
14.22 -4.43468 -0.00566894 1.11878
14.23 -4.43448 -0.00563438 1.11228
14.24 -4.43429 -0.00559778 1.10544
14.25 -4.4341 -0.00555917 1.09825
14.26 -4.43391 -0.00551858 1.09069
14.27 -4.43372 -0.00547604 1.08276
14.28 -4.43353 -0.00543157 1.07445
14.29 -4.43334 -0.00538521 1.06574
14.3 -4.43315 -0.00533699 1.05663
14.31 -4.43296 -0.00528694 1.0471
14.32 -4.43278 -0.0052351 1.03716
14.33 -4.4326 -0.00518149 1.02678
14.34 -4.43241 -0.00512615 1.01598
14.35 -4.43223 -0.00506911 1.00474
14.36 -4.43205 -0.00501041 0.993058
14.37 -4.43187 -0.00495007 0.980935
14.38 -4.43169 -0.00488814 0.96837
14.39 -4.43151 -0.00482465 0.955365
14.4 -4.43133 -0.00475962 0.941923
14.41 -4.43116 -0.0046931 0.928048
14.42 -4.43098 -0.00462512 0.91375
14.43 -4.43081 -0.00455572 0.899036
14.44 -4.43063 -0.00448492 0.883917
14.45 -4.43046 -0.00441277 0.868408
14.46 -4.43029 -0.0043393 0.852524
14.47 -4.43012 -0.00426454 0.836281
14.48 -4.42995 -0.00418852 0.819698
14.49 -4.42978 -0.00411129 0.802798
14.5 -4.42961 -0.00403288 0.785602
14.51 -4.42945 -0.00395331 0.768135
14.52 -4.42928 -0.00387263 0.750423
14.53 -4.42912 -0.00379086 0.732492
14.54 -4.42895 -0.00370805 0.71437
14.55 -4.42879 -0.00362422 0.696086
14.56 -4.42863 -0.0035394 0.67767
14.57 -4.42847 -0.00345362 0.659151
14.58 -4.4283 -0.00336693 0.640559
14.59 -4.42814 -0.00327934 0.621926
14.6 -4.42798 -0.00319089 0.603279
14.61 -4.42783 -0.00310161 0.58465
14.62 -4.42767 -0.00301153 0.566067
14.63 -4.42751 -0.00292067 0.547558
14.64 -4.42735 -0.00282907 0.529152
14.65 -4.4272 -0.00273675 0.510874
14.66 -4.42704 -0.00264374 0.49275
14.67 -4.42689 -0.00255006 0.474804
14.68 -4.42673 -0.00245575 0.45706
14.69 -4.42658 -0.00236082 0.439538
14.7 -4.42642 -0.0022653 0.422259
14.71 -4.42627 -0.00216922 0.405242
14.72 -4.42612 -0.00207259 0.388504
14.73 -4.42597 -0.00197544 0.37206
14.74 -4.42581 -0.0018778 0.355925
14.75 -4.42566 -0.00177968 0.340111
14.76 -4.42551 -0.0016811 0.324628
14.77 -4.42536 -0.00158209 0.309487
14.78 -4.42521 -0.00148267 0.294694
14.79 -4.42506 -0.00138284 0.280256
14.8 -4.42491 -0.00128264 0.266178
14.81 -4.42476 -0.00118208 0.252463
14.82 -4.42461 -0.00108118 0.239111
14.83 -4.42446 -0.000979955 0.226123
14.84 -4.42431 -0.000878419 0.213497
14.85 -4.42417 -0.00077659 0.20123
14.86 -4.42402 -0.000674483 0.189317
14.87 -4.42387 -0.000572114 0.177752
14.88 -4.42372 -0.000469497 0.166527
14.89 -4.42357 -0.000366647 0.155633
14.9 -4.42343 -0.000263576 0.145059
14.91 -4.42328 -0.000160298 0.134794
14.92 -4.42313 -5.68269e-05 0.124823
14.93 -4.42298 4.68257e-05 0.115133
14.94 -4.42284 0.000150647 0.105706
14.95 -4.42269 0.000254626 0.0965253
14.96 -4.42254 0.00035875 0.0875719
14.97 -4.4224 0.000463007 0.0788253
14.98 -4.42225 0.000567388 0.0702642
14.99 -4.4221 0.000671879 0.0618657
15 -4.42196 0.000776471 0.0536057
15.01 -4.42181 0.000881152 0.045459
15.02 -4.42166 0.000985913 0.0373992
15.03 -4.42151 0.00109074 0.0293989
15.04 -4.42137 0.00119563 0.0214296
15.05 -4.42122 0.00130056 0.0134617
15.06 -4.42107 0.00140552 0.00546498
15.07 -4.42093 0.00151051 -0.00259171
15.08 -4.42078 0.0016155 -0.0107401
15.09 -4.42063 0.00172047 -0.0190125
15.1 -4.42049 0.0018254 -0.0274414
15.11 -4.42034 0.00193027 -0.0360594
15.12 -4.42019 0.00203505 -0.0448992
15.13 -4.42004 0.00213972 -0.0539931
15.14 -4.4199 0.00224427 -0.0633724
15.15 -4.41975 0.00234869 -0.0730678
15.16 -4.4196 0.00245295 -0.0831087
15.17 -4.41946 0.00255705 -0.0935224
15.18 -4.41931 0.00266097 -0.104334
15.19 -4.41916 0.0027647 -0.115568
15.2 -4.41901 0.00286821 -0.127242
15.21 -4.41887 0.0029715 -0.139375
15.22 -4.41872 0.00307454 -0.151978
15.23 -4.41857 0.00317733 -0.165061
15.24 -4.41842 0.00327984 -0.178628
15.25 -4.41827 0.00338205 -0.192679
15.26 -4.41812 0.00348395 -0.207208
15.27 -4.41798 0.00358552 -0.222205
15.28 -4.41783 0.00368674 -0.237655
15.29 -4.41768 0.00378759 -0.253538
15.3 -4.41753 0.00388805 -0.269828
15.31 -4.41738 0.00398809 -0.286496
15.32 -4.41723 0.00408771 -0.303509
15.33 -4.41708 0.00418687 -0.320829
15.34 -4.41693 0.00428555 -0.338416
15.35 -4.41678 0.00438374 -0.356227
15.36 -4.41662 0.0044814 -0.374218
15.37 -4.41647 0.00457851 -0.392342
15.38 -4.41632 0.00467506 -0.410553
15.39 -4.41617 0.004771 -0.428806
15.4 -4.41601 0.00486633 -0.447054
15.41 -4.41586 0.004961 -0.465254
15.42 -4.4157 0.005055 -0.483362
15.43 -4.41555 0.00514829 -0.501338
15.44 -4.41539 0.00524085 -0.519145
15.45 -4.41523 0.00533265 -0.536746
15.46 -4.41508 0.00542367 -0.55411
15.47 -4.41492 0.00551387 -0.571208
15.48 -4.41476 0.00560322 -0.588013
15.49 -4.4146 0.0056917 -0.604502
15.5 -4.41444 0.00577928 -0.620655
15.51 -4.41428 0.00586592 -0.636455
15.52 -4.41412 0.00595161 -0.651886
15.53 -4.41396 0.00603631 -0.666938
15.54 -4.41379 0.00611999 -0.681601
15.55 -4.41363 0.00620262 -0.695868
15.56 -4.41346 0.00628417 -0.709734
15.57 -4.4133 0.00636463 -0.723194
15.58 -4.41313 0.00644395 -0.736248
15.59 -4.41297 0.00652211 -0.748896
15.6 -4.4128 0.00659909 -0.761139
15.61 -4.41263 0.00667486 -0.772978
15.62 -4.41246 0.00674938 -0.784417
15.63 -4.41229 0.00682264 -0.79546
15.64 -4.41212 0.00689461 -0.806112
15.65 -4.41195 0.00696526 -0.816379
15.66 -4.41178 0.00703457 -0.826265
15.67 -4.4116 0.00710252 -0.835777
15.68 -4.41143 0.00716907 -0.844921
15.69 -4.41125 0.00723421 -0.853704
15.7 -4.41108 0.00729792 -0.862133
15.71 -4.4109 0.00736016 -0.870213
15.72 -4.41073 0.00742093 -0.877953
15.73 -4.41055 0.00748019 -0.885358
15.74 -4.41037 0.00753793 -0.892436
15.75 -4.41019 0.00759413 -0.899192
15.76 -4.41001 0.00764876 -0.905633
15.77 -4.40983 0.00770182 -0.911766
15.78 -4.40965 0.00775327 -0.917596
15.79 -4.40947 0.0078031 -0.923128
15.8 -4.40929 0.00785129 -0.92837
15.81 -4.4091 0.00789784 -0.933325
15.82 -4.40892 0.00794271 -0.937999
15.83 -4.40873 0.00798589 -0.942396
15.84 -4.40855 0.00802738 -0.946522
15.85 -4.40836 0.00806715 -0.950381
15.86 -4.40818 0.00810519 -0.953976
15.87 -4.40799 0.00814148 -0.957312
15.88 -4.4078 0.00817602 -0.960391
15.89 -4.40762 0.00820879 -0.963218
15.9 -4.40743 0.00823978 -0.965794
15.91 -4.40724 0.00826898 -0.968123
15.92 -4.40705 0.00829637 -0.970208
15.93 -4.40686 0.00832196 -0.972049
15.94 -4.40667 0.00834572 -0.973649
15.95 -4.40648 0.00836765 -0.97501
15.96 -4.40629 0.00838774 -0.976133
15.97 -4.4061 0.00840599 -0.977019
15.98 -4.40591 0.00842238 -0.977669
15.99 -4.40571 0.00843691 -0.978083
16 -4.40552 0.00844958 -0.978261
16.01 -4.40533 0.00846048 -0.978205
16.02 -4.40513 0.00846958 -0.977913
16.03 -4.40493 0.00847683 -0.977385
16.04 -4.40473 0.00848219 -0.976621
16.05 -4.40453 0.00848563 -0.97562
16.06 -4.40433 0.00848707 -0.974381
16.07 -4.40413 0.00848655 -0.972902
16.08 -4.40393 0.00848409 -0.971182
16.09 -4.40372 0.00847968 -0.969219
16.1 -4.40352 0.00847332 -0.967012
16.11 -4.40332 0.00846502 -0.964559
16.12 -4.40312 0.00845478 -0.961858
16.13 -4.40292 0.00844259 -0.958906
16.14 -4.40272 0.00842847 -0.955701
16.15 -4.40252 0.00841241 -0.952241
16.16 -4.40232 0.00839442 -0.948524
16.17 -4.40212 0.0083745 -0.944546
16.18 -4.40191 0.00835266 -0.940305
16.19 -4.40171 0.00832891 -0.935799
16.2 -4.40151 0.00830325 -0.931025
16.21 -4.40131 0.00827568 -0.92598
16.22 -4.40111 0.00824622 -0.920663
16.23 -4.40091 0.00821488 -0.915071
16.24 -4.4007 0.00818166 -0.909201
16.25 -4.4005 0.00814657 -0.903052
16.26 -4.4003 0.00810963 -0.896622
16.27 -4.4001 0.00807084 -0.889909
16.28 -4.3999 0.00803021 -0.882912
16.29 -4.3997 0.00798777 -0.875629
16.3 -4.3995 0.00794351 -0.868061
16.31 -4.39929 0.00789745 -0.860207
16.32 -4.39909 0.00784961 -0.852066
16.33 -4.39889 0.00780001 -0.84364
16.34 -4.39869 0.00774865 -0.83493
16.35 -4.39849 0.00769555 -0.825936
16.36 -4.39829 0.00764072 -0.816662
16.37 -4.39809 0.00758419 -0.807109
16.38 -4.39789 0.00752598 -0.79728
16.39 -4.39769 0.00746609 -0.787181
16.4 -4.39749 0.00740454 -0.776814
16.41 -4.39729 0.00734136 -0.766186
16.42 -4.39709 0.00727657 -0.755302
16.43 -4.39689 0.00721018 -0.744168
16.44 -4.39669 0.00714221 -0.732792
16.45 -4.39649 0.00707269 -0.721181
16.46 -4.39629 0.00700163 -0.709345
16.47 -4.39609 0.00692906 -0.697292
16.48 -4.39589 0.006855 -0.685032
16.49 -4.3957 0.00677947 -0.672576
16.5 -4.3955 0.00670249 -0.659935
16.51 -4.3953 0.00662409 -0.647121
16.52 -4.3951 0.00654429 -0.634146
16.53 -4.3949 0.00646311 -0.621023
16.54 -4.3947 0.00638058 -0.607766
16.55 -4.39451 0.00629672 -0.594389
16.56 -4.39431 0.00621156 -0.580906
16.57 -4.39411 0.00612512 -0.567331
16.58 -4.39391 0.00603759 -0.55368
16.59 -4.39372 0.00594917 -0.539968
16.6 -4.39352 0.00585988 -0.52621
16.61 -4.39333 0.00576975 -0.512423
16.62 -4.39313 0.00567882 -0.498622
16.63 -4.39294 0.00558713 -0.484823
16.64 -4.39275 0.00549469 -0.471041
16.65 -4.39256 0.00540155 -0.457294
16.66 -4.39237 0.00530773 -0.443595
16.67 -4.39218 0.00521326 -0.429962
16.68 -4.39199 0.00511818 -0.416409
16.69 -4.3918 0.0050225 -0.402952
16.7 -4.39161 0.00492626 -0.389605
16.71 -4.39143 0.00482949 -0.376382
16.72 -4.39124 0.0047322 -0.363299
16.73 -4.39105 0.00463443 -0.350368
16.74 -4.39087 0.00453621 -0.337602
16.75 -4.39068 0.00443755 -0.325015
16.76 -4.3905 0.00433847 -0.312617
16.77 -4.39032 0.00423901 -0.300421
16.78 -4.39013 0.00413918 -0.288437
16.79 -4.38995 0.004039 -0.276675
16.8 -4.38977 0.0039385 -0.265145
16.81 -4.38959 0.00383769 -0.253856
16.82 -4.38941 0.00373659 -0.242814
16.83 -4.38923 0.00363522 -0.232028
16.84 -4.38905 0.0035336 -0.221503
16.85 -4.38887 0.00343174 -0.211246
16.86 -4.38869 0.00332966 -0.20126
16.87 -4.38851 0.00322737 -0.191549
16.88 -4.38834 0.00312489 -0.182117
16.89 -4.38816 0.00302223 -0.172966
16.9 -4.38798 0.0029194 -0.164096
16.91 -4.38781 0.00281642 -0.155509
16.92 -4.38763 0.00271329 -0.147203
16.93 -4.38745 0.00261003 -0.139178
16.94 -4.38728 0.00250665 -0.131431
16.95 -4.3871 0.00240315 -0.12396
16.96 -4.38693 0.00229955 -0.11676
16.97 -4.38675 0.00219585 -0.109828
16.98 -4.38658 0.00209206 -0.103157
16.99 -4.3864 0.00198818 -0.0967411
17 -4.38623 0.00188423 -0.0905742
17.01 -4.38606 0.0017802 -0.0846483
17.02 -4.38588 0.0016761 -0.078955
17.03 -4.38571 0.00157194 -0.0734855
17.04 -4.38554 0.00146772 -0.0682299
17.05 -4.38536 0.00136345 -0.0631778
17.06 -4.38519 0.00125911 -0.0583183
17.07 -4.38502 0.00115473 -0.0536397
17.08 -4.38484 0.00105029 -0.0491296
17.09 -4.38467 0.000945803 -0.0447752
17.1 -4.3845 0.000841265 -0.0405628
17.11 -4.38433 0.000736678 -0.0364782
17.12 -4.38415 0.000632041 -0.0325065
17.13 -4.38398 0.000527353 -0.0286323
17.14 -4.38381 0.000422613 -0.0248393
17.15 -4.38364 0.000317832 -0.0211106
17.16 -4.38346 0.000213028 -0.0174286
17.17 -4.38329 0.000108221 -0.013775
17.18 -4.38312 3.42864e-06 -0.0101306
17.19 -4.38295 -0.000101329 -0.00647552
17.2 -4.38278 -0.000206034 -0.00278893
17.21 -4.3826 -0.000310666 0.000950793
17.22 -4.38243 -0.000415209 0.00476616
17.23 -4.38226 -0.000519647 0.00868061
17.24 -4.38209 -0.000623963 0.0127185
17.25 -4.38192 -0.000728139 0.0169051
17.26 -4.38175 -0.000832158 0.0212665
17.27 -4.38158 -0.000936003 0.0258299
17.28 -4.3814 -0.00103965 0.030623
17.29 -4.38123 -0.00114309 0.0356745
17.3 -4.38106 -0.0012463 0.0410136
17.31 -4.38089 -0.00134926 0.04667
17.32 -4.38072 -0.00145194 0.0526737
17.33 -4.38055 -0.00155434 0.0590548
17.34 -4.38038 -0.00165643 0.0658431
17.35 -4.38022 -0.00175818 0.0730679
17.36 -4.38005 -0.00185959 0.0807578
17.37 -4.37988 -0.00196062 0.0889398
17.38 -4.37971 -0.00206125 0.0976394
17.39 -4.37954 -0.00216147 0.10688
17.4 -4.37937 -0.00226125 0.116681
17.41 -4.37921 -0.00236057 0.127061
17.42 -4.37904 -0.0024594 0.138032
17.43 -4.37887 -0.00255773 0.149604
17.44 -4.37871 -0.00265553 0.161781
17.45 -4.37854 -0.00275277 0.174561
17.46 -4.37837 -0.00284943 0.187939
17.47 -4.37821 -0.00294549 0.201902
17.48 -4.37804 -0.00304092 0.216431
17.49 -4.37788 -0.00313571 0.231503
17.5 -4.37771 -0.00322981 0.247088
17.51 -4.37755 -0.00332322 0.26315
17.52 -4.37738 -0.0034159 0.27965
17.53 -4.37722 -0.00350782 0.296541
17.54 -4.37705 -0.00359897 0.313775
17.55 -4.37689 -0.00368932 0.331301
17.56 -4.37673 -0.00377884 0.349064
17.57 -4.37656 -0.00386751 0.367008
17.58 -4.3764 -0.0039553 0.385077
17.59 -4.37624 -0.00404219 0.403216
17.6 -4.37607 -0.00412816 0.421367
17.61 -4.37591 -0.00421317 0.439479
17.62 -4.37575 -0.00429721 0.4575
17.63 -4.37558 -0.00438025 0.475381
17.64 -4.37542 -0.00446227 0.493077
17.65 -4.37526 -0.00454324 0.510547
17.66 -4.37509 -0.00462315 0.527752
17.67 -4.37493 -0.00470196 0.544658
17.68 -4.37477 -0.00477967 0.561236
17.69 -4.3746 -0.00485624 0.577458
17.7 -4.37444 -0.00493166 0.593303
17.71 -4.37428 -0.0050059 0.608751
17.72 -4.37411 -0.00507896 0.623787
17.73 -4.37395 -0.0051508 0.638398
17.74 -4.37379 -0.00522141 0.652575
17.75 -4.37362 -0.00529077 0.666311
17.76 -4.37346 -0.00535887 0.679601
17.77 -4.37329 -0.00542568 0.692443
17.78 -4.37313 -0.0054912 0.704837
17.79 -4.37297 -0.0055554 0.716783
17.8 -4.3728 -0.00561827 0.728284
17.81 -4.37264 -0.0056798 0.739344
17.82 -4.37247 -0.00573997 0.749968
17.83 -4.37231 -0.00579878 0.76016
17.84 -4.37214 -0.00585619 0.769928
17.85 -4.37198 -0.00591221 0.779278
17.86 -4.37181 -0.00596683 0.788217
17.87 -4.37165 -0.00602002 0.796753
17.88 -4.37148 -0.00607179 0.804892
17.89 -4.37132 -0.00612211 0.812644
17.9 -4.37115 -0.00617099 0.820015
17.91 -4.37099 -0.00621841 0.827013
17.92 -4.37082 -0.00626437 0.833646
17.93 -4.37065 -0.00630885 0.839921
17.94 -4.37049 -0.00635186 0.845845
17.95 -4.37032 -0.00639337 0.851426
17.96 -4.37016 -0.0064334 0.856671
17.97 -4.36999 -0.00647192 0.861585
17.98 -4.36983 -0.00650894 0.866175
17.99 -4.36966 -0.00654446 0.870447
18 -4.36949 -0.00657846 0.874406
18.01 -4.36933 -0.00661095 0.878059
18.02 -4.36916 -0.00664192 0.88141
18.03 -4.36899 -0.00667137 0.884463
18.04 -4.36883 -0.0066993 0.887223
18.05 -4.36866 -0.0067257 0.889695
18.06 -4.3685 -0.00675059 0.891882
18.07 -4.36833 -0.00677395 0.893787
18.08 -4.36816 -0.00679579 0.895414
18.09 -4.368 -0.0068161 0.896766
18.1 -4.36783 -0.0068349 0.897845
18.11 -4.36767 -0.00685217 0.898653
18.12 -4.3675 -0.00686794 0.899193
18.13 -4.36734 -0.00688205 0.899466
18.14 -4.36718 -0.00689455 0.899474
18.15 -4.36701 -0.00690557 0.899218
18.16 -4.36685 -0.00691512 0.8987
18.17 -4.36669 -0.0069232 0.89792
18.18 -4.36653 -0.00692983 0.896878
18.19 -4.36637 -0.006935 0.895576
18.2 -4.36621 -0.00693873 0.894014
18.21 -4.36605 -0.00694102 0.892191
18.22 -4.36589 -0.00694187 0.890108
18.23 -4.36573 -0.0069413 0.887765
18.24 -4.36557 -0.00693932 0.885161
18.25 -4.36541 -0.00693594 0.882297
18.26 -4.36525 -0.00693116 0.879171
18.27 -4.36509 -0.00692499 0.875783
18.28 -4.36493 -0.00691745 0.872133
18.29 -4.36477 -0.00690855 0.86822
18.3 -4.36461 -0.0068983 0.864044
18.31 -4.36446 -0.00688672 0.859605
18.32 -4.3643 -0.00687381 0.854901
18.33 -4.36414 -0.00685958 0.849933
18.34 -4.36399 -0.00684407 0.844701
18.35 -4.36383 -0.00682727 0.839203
18.36 -4.36367 -0.0068092 0.833441
18.37 -4.36352 -0.00678988 0.827415
18.38 -4.36337 -0.00676932 0.821124
18.39 -4.36321 -0.00674754 0.81457
18.4 -4.36306 -0.00672456 0.807754
18.41 -4.3629 -0.00670039 0.800676
18.42 -4.36275 -0.00667505 0.793339
18.43 -4.3626 -0.00664856 0.785744
18.44 -4.36245 -0.00662094 0.777893
18.45 -4.3623 -0.0065922 0.769789
18.46 -4.36214 -0.00656236 0.761435
18.47 -4.36199 -0.00653144 0.752834
18.48 -4.36184 -0.00649947 0.74399
18.49 -4.36169 -0.00646646 0.734908
18.5 -4.36155 -0.00643242 0.725591
18.51 -4.3614 -0.00639739 0.716046
18.52 -4.36125 -0.00636138 0.706277
18.53 -4.3611 -0.00632441 0.696291
18.54 -4.36096 -0.0062865 0.686095
18.55 -4.36081 -0.00624767 0.675695
18.56 -4.36066 -0.00620794 0.6651
18.57 -4.36052 -0.00616734 0.654317
18.58 -4.36037 -0.00612588 0.643356
18.59 -4.36023 -0.00608358 0.632224
18.6 -4.36009 -0.00604047 0.620932
18.61 -4.35994 -0.00599656 0.609489
18.62 -4.3598 -0.00595188 0.597906
18.63 -4.35966 -0.00590644 0.586194
18.64 -4.35952 -0.00586027 0.574363
18.65 -4.35938 -0.00581339 0.562425
18.66 -4.35924 -0.00576581 0.550391
18.67 -4.3591 -0.00571756 0.538274
18.68 -4.35896 -0.00566866 0.526087
18.69 -4.35882 -0.00561912 0.51384
18.7 -4.35868 -0.00556897 0.501548
18.71 -4.35854 -0.00551822 0.489222
18.72 -4.3584 -0.0054669 0.476876
18.73 -4.35827 -0.00541501 0.464523
18.74 -4.35813 -0.00536258 0.452175
18.75 -4.35799 -0.00530963 0.439846
18.76 -4.35786 -0.00525618 0.427548
18.77 -4.35772 -0.00520224 0.415295
18.78 -4.35759 -0.00514782 0.403098
18.79 -4.35745 -0.00509295 0.390971
18.8 -4.35732 -0.00503765 0.378926
18.81 -4.35718 -0.00498192 0.366974
18.82 -4.35705 -0.00492578 0.355129
18.83 -4.35692 -0.00486925 0.3434
18.84 -4.35678 -0.00481234 0.331799
18.85 -4.35665 -0.00475508 0.320338
18.86 -4.35652 -0.00469746 0.309025
18.87 -4.35639 -0.00463951 0.297872
18.88 -4.35626 -0.00458124 0.286888
18.89 -4.35613 -0.00452266 0.276081
18.9 -4.35599 -0.00446379 0.26546
18.91 -4.35586 -0.00440463 0.255032
18.92 -4.35573 -0.0043452 0.244805
18.93 -4.3556 -0.00428552 0.234786
18.94 -4.35547 -0.00422558 0.22498
18.95 -4.35534 -0.00416542 0.215393
18.96 -4.35521 -0.00410502 0.206029
18.97 -4.35508 -0.00404441 0.196893
18.98 -4.35495 -0.00398359 0.187988
18.99 -4.35483 -0.00392258 0.179316
19 -4.3547 -0.00386138 0.170879
19.01 -4.35457 -0.0038 0.162679
19.02 -4.35444 -0.00373846 0.154716
19.03 -4.35431 -0.00367675 0.146989
19.04 -4.35418 -0.0036149 0.139498
19.05 -4.35405 -0.00355289 0.13224
19.06 -4.35393 -0.00349075 0.125214
19.07 -4.3538 -0.00342848 0.118416
19.08 -4.35367 -0.00336609 0.111841
19.09 -4.35354 -0.00330358 0.105486
19.1 -4.35342 -0.00324096 0.0993447
19.11 -4.35329 -0.00317824 0.0934105
19.12 -4.35316 -0.00311541 0.0876764
19.13 -4.35303 -0.0030525 0.0821348
19.14 -4.35291 -0.0029895 0.0767769
19.15 -4.35278 -0.00292641 0.0715934
19.16 -4.35265 -0.00286325 0.0665741
19.17 -4.35253 -0.00280002 0.0617078
19.18 -4.3524 -0.00273672 0.0569827
19.19 -4.35227 -0.00267336 0.052386
19.2 -4.35214 -0.00260994 0.0479041
19.21 -4.35202 -0.00254646 0.0435223
19.22 -4.35189 -0.00248293 0.0392251
19.23 -4.35176 -0.00241936 0.0349958
19.24 -4.35164 -0.00235574 0.0308168
19.25 -4.35151 -0.00229209 0.0266692
19.26 -4.35138 -0.0022284 0.0225329
19.27 -4.35126 -0.00216468 0.0183867
19.28 -4.35113 -0.00210094 0.0142081
19.29 -4.351 -0.0020372 0.00997303
19.3 -4.35088 -0.00197345 0.00565612
19.31 -4.35075 -0.00190972 0.00123052
19.32 -4.35062 -0.001846 -0.00333216
19.33 -4.3505 -0.00178231 -0.00806186
19.34 -4.35037 -0.00171866 -0.0129901
19.35 -4.35024 -0.00165505 -0.0181498
19.36 -4.35012 -0.00159149 -0.0235755
19.37 -4.34999 -0.00152799 -0.0293031
19.38 -4.34986 -0.00146457 -0.0353698
19.39 -4.34974 -0.00140122 -0.0418137
19.4 -4.34961 -0.00133797 -0.0486738
19.41 -4.34948 -0.00127481 -0.0559897
19.42 -4.34936 -0.00121177 -0.0638009
19.43 -4.34923 -0.00114885 -0.0721465
19.44 -4.3491 -0.00108608 -0.0810648
19.45 -4.34898 -0.00102345 -0.0905924
19.46 -4.34885 -0.000960991 -0.100764
19.47 -4.34872 -0.000898713 -0.11161
19.48 -4.3486 -0.000836631 -0.123158
19.49 -4.34847 -0.000774764 -0.13543
19.5 -4.34835 -0.000713128 -0.148444
19.51 -4.34822 -0.000651742 -0.16221
19.52 -4.34809 -0.000590625 -0.176731
19.53 -4.34797 -0.000529796 -0.192003
19.54 -4.34784 -0.000469276 -0.208012
19.55 -4.34771 -0.000409087 -0.224738
19.56 -4.34759 -0.000349251 -0.24215
19.57 -4.34746 -0.00028979 -0.26021
19.58 -4.34733 -0.000230729 -0.278871
19.59 -4.34721 -0.000172089 -0.298079
19.6 -4.34708 -0.000113897 -0.317774
19.61 -4.34695 -5.61773e-05 -0.337889
19.62 -4.34683 1.04557e-06 -0.358353
19.63 -4.3467 5.77458e-05 -0.379094
19.64 -4.34657 0.000113898 -0.400036
19.65 -4.34644 0.000169475 -0.421103
19.66 -4.34632 0.000224452 -0.442221
19.67 -4.34619 0.000278803 -0.463317
19.68 -4.34606 0.000332502 -0.484322
19.69 -4.34593 0.000385522 -0.505171
19.7 -4.3458 0.000437839 -0.525803
19.71 -4.34568 0.000489427 -0.546162
19.72 -4.34555 0.00054026 -0.5662
19.73 -4.34542 0.000590314 -0.58587
19.74 -4.34529 0.000639564 -0.605137
19.75 -4.34516 0.000687986 -0.623965
19.76 -4.34503 0.000735555 -0.64233
19.77 -4.3449 0.00078225 -0.660207
19.78 -4.34477 0.000828047 -0.67758
19.79 -4.34464 0.000872923 -0.694436
19.8 -4.34451 0.000916857 -0.710766
19.81 -4.34438 0.000959827 -0.726565
19.82 -4.34425 0.00100181 -0.74183
19.83 -4.34411 0.00104279 -0.756562
19.84 -4.34398 0.00108275 -0.770764
19.85 -4.34385 0.00112166 -0.78444
19.86 -4.34372 0.00115951 -0.797598
19.87 -4.34358 0.00119628 -0.810245
19.88 -4.34345 0.00123195 -0.82239
19.89 -4.34332 0.0012665 -0.834044
19.9 -4.34318 0.00129993 -0.845218
19.91 -4.34305 0.0013322 -0.855921
19.92 -4.34292 0.00136331 -0.866166
19.93 -4.34278 0.00139324 -0.875965
19.94 -4.34265 0.00142198 -0.885329
19.95 -4.34251 0.00144952 -0.894269
19.96 -4.34238 0.00147583 -0.902798
19.97 -4.34224 0.00150091 -0.910927
19.98 -4.34211 0.00152474 -0.918667
19.99 -4.34197 0.00154732 -0.926028
