0 0.367384 0.786902 0.211425 0.539291 0.314834 -0.536284 0.432338 -0.474532 -0.326361 -0.769602 -0.0821732 0.409883 0.258754 -0.575807 0.16267 0.0117969 0.849041 0.555768 0.952632 0.904687 0.465542 0.392694 0.488845 -0.771913 0.86168 0.185184 0.893592 0.855669 0.817851 0.856398 -0.519419 -0.234411 -0.813063 -0.249491 0.359448 0.882356 -0.239611 0.987564 -0.780814 -0.768084 0.633395 0.743765 -0.0342384 -0.00403335 0.316985 -0.0111427 -0.434082 -0.143523 0.651109 0.726662 -0.990521 -0.591065 -0.805326 -0.533425 0.791001 0.669703 -0.280885 0.839448 0.122139 -0.658832 0.897949 0.725244 -0.838412 -0.761291 0.496289 0.434892 0.453289 0.33581 0.382523 -0.0430087 -0.943109 0.810443 -0.113646 0.250282 0.0189918 0.597143 -0.84108 -0.480052 0.88032 -0.84401 0.774321 0.459614 -0.848043 0.646999 -0.0446628 0.505223 0.385745 0.412953 -0.830218 0.264236 0.614183 -0.664439 0.634923 551.077 1180.35 317.138 808.936 472.251 -804.426 648.507 -711.798 -489.542 -1154.4 -123.26 614.825 3.88131 -8.63711 2.44004 0.176953 12.7356 8.33651 14.2895 13.5703 6.98313 5.89041 7.33268 -11.5787 12.9252 2.77776 13.4039 12.835 12.2678 12.846 -7.79129 -3.51616 -12.196 -3.74237 5.39172 13.2353 -3.59417 14.8135 -11.7122 -11.5213 9.50092 11.1565 -0.513576 -0.0605003 4.75477 -0.16714 -6.51123 -2.15285 9.76663 10.8999 -14.8578 -8.86598 -12.0799 -8.00137 11.865 10.0455 -4.21328 12.5917 1.83209 -9.88248 13.4692 10.8787 -12.5762 -11.4194 7.44434 6.52338 6.79934 5.03715 5.73784 -0.645131 -14.1466 12.1566 -1.70469 3.75423 0.284877 8.95715 -12.6162 -7.20078 13.2048 -12.6601 3.73736 3.09221 0.411511 3.47635 2.05844 3.18571 2.94078 2.99655 0.448053 9.48177 3.40907 0.7879 1.81746 -31.5558 219.871 -30.2476 -226.658 62.5947 37.2308 -83.1096 -111.754 -30.9354 17.2575 37.3801 93.9416 -0.701902 1.02953 1.04014 1.03666 -1.61335 1.90019 -0.701245 -0.0477895 -0.353528 1.70619 -0.346014 -0.416521 -2.26298 0.270544 -0.774879 0.767527 1.27366 -0.761115 0.308334 0.783041 -0.411739 -1.09833 -2.80002 -0.579996 -1.5484 0.278873 -0.179976 -1.28347 0.792083 -1.62311 0.682362 0.188931 0.83979 -0.110589 1.27942 -1.60617 0.996031 -0.678455 1.32363 -1.0751 2.5968 -0.595412 -1.10021 -1.81927 -0.613484 -0.200075 -0.125116 -1.66178 0.340576 0.088327 0.301701 -0.877795 -1.10171 -0.287067 -1.40995 0.407956 0.946623 -0.34401 -1.29707 0.0680507 -1.09965 0.941726 0.083184 0.663086 -1.9573 0.982173 0.15487 0.2363 2.00536 2.29318 1.97987 2.04267 2.14953 1.87937 2.13434 2.08615 2.18698 7.72067 2.15249 2.0898 1.54563
1 0.176919 0.77591 -0.494064 0.518681 0.243262 0.725247 0.193159 0.926916 -0.427694 0.71231 -0.168783 -0.5078 0.651537 -0.696067 0.522391 0.849301 0.79273 0.182788 0.0582108 -0.506547 0.979142 -0.740262 0.372212 0.898457 -0.571862 0.2379 -0.029446 0.681374 -0.0232578 0.593262 -0.719206 -0.53906 -0.738986 -0.581017 -0.864921 -0.40729 -0.409767 -0.489879 0.867814 0.191346 -0.558415 -0.783915 0.0325253 -0.06619 -0.632684 0.36909 0.898685 -0.891226 0.545467 0.692327 0.701597 0.115478 0.474513 0.946966 -0.936491 0.145655 0.135506 0.672904 0.155019 -0.229104 0.417128 -0.472478 -0.657668 -0.0123155 -0.82559 0.773481 0.792911 -0.911968 0.522006 -0.745253 -0.775337 -0.0337914 0.470513 0.614685 -0.385038 0.734075 0.439894 0.487781 0.186277 -0.346486 0.654978 0.174569 -0.804108 -0.925657 -0.992946 0.114414 0.0466767 -0.991938 0.32556 0.189634 -0.283366 -0.53463 0.582795 265.378 1163.87 -741.096 778.022 364.893 1087.87 289.738 1390.37 -641.541 1068.46 -253.174 -761.7 9.77305 -10.441 7.83586 12.7395 11.891 2.74181 0.873162 -7.5982 14.6871 -11.1039 5.58317 13.4769 -8.57792 3.56849 -0.44169 10.2206 -0.348867 8.89893 -10.7881 -8.0859 -11.0848 -8.71526 -12.9738 -6.10935 -6.14651 -7.34818 13.0172 2.8702 -8.37622 -11.7587 0.487879 -0.99285 -9.49025 5.53635 13.4803 -13.3684 8.18201 10.3849 10.524 1.73217 7.1177 14.2045 -14.0474 2.18483 2.0326 10.0936 2.32529 -3.43655 6.25692 -7.08716 -9.86501 -0.184732 -12.3839 11.6022 11.8937 -13.6795 7.83009 -11.1788 -11.6301 -0.506871 7.05769 9.22028 -5.77557 11.0111 6.59842 7.31671 2.79416 -5.19729 3.4927 2.50787 0.501578 0.252404 0.11446 2.38455 2.24569 0.116526 2.8174 8.92226 1.5691 1.05401 1.7914 15.8722 147.989 -171.2 -193.835 67.4457 100.607 -88.6607 -80.4553 -271.458 41.4555 64.0693 -92.9851 -0.999254 1.98459 1.54605 0.532987 -0.653277 2.37054 0.323077 0.147923 0.223254 3.00477 -1.39857 -0.843693 -1.81163 1.47888 -0.629683 2.71255 1.57426 -0.375599 -0.584352 1.56217 -1.94677 -1.43969 -3.83633 1.24247 -0.964302 0.799598 0.246633 -0.915892 1.03299 -1.20204 0.543087 -0.595027 0.654159 -0.194448 1.1456 -1.77983 0.416452 -0.498748 0.420616 -1.8511 2.74457 -0.223245 -1.49201 -1.92822 -1.30162 -0.540273 -0.232506 -1.48436 0.795682 -0.121791 0.230214 -1.14471 -1.29596 -0.254956 -0.609344 -0.709703 1.68611 -1.62999 -2.35758 0.542633 -1.36085 1.51018 0.89235 1.15509 -2.11987 1.12414 1.29186 0.631245 2.0676 2.31312 2.13053 2.08257 1.95196 1.89062 2.02419 2.161 2.15117 8.00575 2.06961 2.03042 1.56946
2 0.176919 0.77591 -0.494064 0.518681 0.243262 0.725247 0.193159 0.926916 -0.427694 0.71231 -0.168783 -0.5078 0.651537 -0.696067 0.522391 0.849301 0.79273 0.182788 0.0582108 -0.506547 0.979142 -0.740262 0.372212 0.898457 -0.571862 0.2379 -0.029446 0.681374 -0.0232578 0.593262 -0.719206 -0.53906 -0.738986 -0.581017 -0.864921 -0.40729 -0.409767 -0.489879 0.867814 0.191346 -0.558415 -0.783915 0.0325253 -0.06619 -0.632684 0.36909 0.898685 -0.891226 0.545467 0.692327 0.701597 0.115478 0.474513 0.946966 -0.936491 0.145655 0.135506 0.672904 0.155019 -0.229104 0.417128 -0.472478 -0.657668 -0.0123155 -0.82559 0.773481 0.792911 -0.911968 0.522006 -0.745253 -0.775337 -0.0337914 0.470513 0.614685 -0.385038 0.734075 0.439894 0.487781 0.186277 -0.346486 0.654978 0.174569 -0.804108 -0.925657 -0.992946 0.114414 0.0466767 -0.991938 0.32556 0.189634 -0.283366 -0.53463 0.582795 265.378 1163.87 -741.096 778.022 364.893 1087.87 289.738 1390.37 -641.541 1068.46 -253.174 -761.7 9.77305 -10.441 7.83586 12.7395 11.891 2.74181 0.873162 -7.5982 14.6871 -11.1039 5.58317 13.4769 -8.57792 3.56849 -0.44169 10.2206 -0.348867 8.89893 -10.7881 -8.0859 -11.0848 -8.71526 -12.9738 -6.10935 -6.14651 -7.34818 13.0172 2.8702 -8.37622 -11.7587 0.487879 -0.99285 -9.49025 5.53635 13.4803 -13.3684 8.18201 10.3849 10.524 1.73217 7.1177 14.2045 -14.0474 2.18483 2.0326 10.0936 2.32529 -3.43655 6.25692 -7.08716 -9.86501 -0.184732 -12.3839 11.6022 11.8937 -13.6795 7.83009 -11.1788 -11.6301 -0.506871 7.05769 9.22028 -5.77557 11.0111 6.59842 7.31671 2.79416 -5.19729 3.4927 2.50787 0.501578 0.252404 0.11446 2.38455 2.24569 0.116526 2.8174 8.92226 1.5691 1.05401 1.7914 64.1196 142.418 -180.776 -97.4919 96.3411 117.48 -98.8641 -27.6876 -321.49 40.1646 46.0221 -65.3807 -1.04306 1.49457 2.2089 1.50316 -0.628442 2.90377 0.463237 -1.0785 1.59174 2.8691 -0.787694 -0.857344 -1.31317 0.50431 -1.64653 3.08998 3.24374 0.455528 -0.76092 1.00038 -2.6466 -1.4103 -4.00832 2.62642 -0.436835 0.516094 -0.262412 -1.47107 0.56429 -1.7008 0.402679 -0.588358 -0.212539 0.0945342 0.733227 -1.52685 0.785276 -0.123711 -0.0235957 -2.36617 3.247 -1.15321 -2.04546 -0.939148 -0.557923 -0.509156 -0.694435 -1.70159 1.93401 0.289327 0.415831 -2.5215 -0.767542 0.916447 -0.162264 -1.82031 1.37034 -2.15085 -4.15894 1.00814 0.534853 2.61861 0.294817 0.889028 -2.3544 1.87397 1.8172 1.74464 2.1442 2.36059 2.10685 2.09282 1.82623 1.8311 1.96788 2.06108 2.16162 7.99501 2.07945 2.06763 1.56134
3 0.176919 0.77591 -0.494064 0.518681 0.243262 0.725247 0.193159 0.926916 -0.427694 0.71231 -0.168783 -0.5078 0.651537 -0.696067 0.522391 0.849301 0.79273 0.182788 0.0582108 -0.506547 0.979142 -0.740262 0.372212 0.898457 -0.571862 0.2379 -0.029446 0.681374 -0.0232578 0.593262 -0.719206 -0.53906 -0.738986 -0.581017 -0.864921 -0.40729 -0.409767 -0.489879 0.867814 0.191346 -0.558415 -0.783915 0.0325253 -0.06619 -0.632684 0.36909 0.898685 -0.891226 0.545467 0.692327 0.701597 0.115478 0.474513 0.946966 -0.936491 0.145655 0.135506 0.672904 0.155019 -0.229104 0.417128 -0.472478 -0.657668 -0.0123155 -0.82559 0.773481 0.792911 -0.911968 0.522006 -0.745253 -0.775337 -0.0337914 0.470513 0.614685 -0.385038 0.734075 0.439894 0.487781 0.186277 -0.346486 0.654978 0.174569 -0.804108 -0.925657 -0.992946 0.114414 0.0466767 -0.991938 0.32556 0.189634 -0.283366 -0.53463 0.582795 265.378 1163.87 -741.096 778.022 364.893 1087.87 289.738 1390.37 -641.541 1068.46 -253.174 -761.7 9.77305 -10.441 7.83586 12.7395 11.891 2.74181 0.873162 -7.5982 14.6871 -11.1039 5.58317 13.4769 -8.57792 3.56849 -0.44169 10.2206 -0.348867 8.89893 -10.7881 -8.0859 -11.0848 -8.71526 -12.9738 -6.10935 -6.14651 -7.34818 13.0172 2.8702 -8.37622 -11.7587 0.487879 -0.99285 -9.49025 5.53635 13.4803 -13.3684 8.18201 10.3849 10.524 1.73217 7.1177 14.2045 -14.0474 2.18483 2.0326 10.0936 2.32529 -3.43655 6.25692 -7.08716 -9.86501 -0.184732 -12.3839 11.6022 11.8937 -13.6795 7.83009 -11.1788 -11.6301 -0.506871 7.05769 9.22028 -5.77557 11.0111 6.59842 7.31671 2.79416 -5.19729 3.4927 2.50787 0.501578 0.252404 0.11446 2.38455 2.24569 0.116526 2.8174 8.92226 1.5691 1.05401 1.7914 228.058 262.956 -279.714 -44.498 125.984 177.946 -116.45 -102.712 -403.109 90.7245 23.6009 -166.438 -1.95679 0.824297 3.15011 2.20668 -0.302074 3.31106 1.79556 -1.05968 3.40229 1.33731 -0.275046 -0.415978 -1.01852 0.762365 -0.776085 3.92415 3.57852 0.218724 -1.78887 -0.0731189 -4.63144 -3.06148 -3.69521 2.75735 -0.824284 0.444581 1.38668 -0.819985 -0.0201727 -2.79882 -0.816085 -2.2191 -0.00522499 -0.1694 1.78775 -1.05761 1.62358 0.185849 0.224157 -2.27704 4.11725 -0.435386 -1.63592 -2.32211 0.568715 -0.763566 0.743831 -1.08428 3.40603 1.43629 -0.057905 -2.48943 -1.24168 1.82432 0.502926 -1.97215 1.45153 -2.4473 -4.70512 1.24709 1.23659 2.7959 -0.0825724 1.88562 -2.04981 2.28157 1.87807 1.78458 2.19943 2.42337 1.99729 2.06164 1.77946 1.84989 2.07763 2.07698 2.31423 7.86052 2.00622 1.97881 1.53695
4 -0.562182 -0.272008 -0.943945 0.364006 0.0588066 0.858273 -0.567691 -0.751101 0.342784 0.0141431 0.571206 0.965371 -0.713126 0.352944 0.9348 -0.761495 -0.774522 0.501951 -0.926575 0.336712 0.770391 -0.279243 -0.0689212 -0.67433 0.68531 0.141359 -0.978257 -0.0717392 0.987241 0.102527 0.369542 0.944887 -0.168975 -0.772982 0.813154 0.730615 0.573323 -0.00627736 -0.853314 -0.513395 0.860223 -0.916251 -0.579616 -0.134529 -0.163822 -0.619109 -0.277346 0.629765 0.211425 -0.411931 0.501192 0.431579 0.107605 0.0829862 0.951588 -0.41239 0.269214 -0.628622 0.319698 -0.0875304 0.928299 0.832228 -0.676551 -0.0452728 0.164226 -0.940708 -0.701974 -0.0802603 0.544333 -0.996302 -0.359353 0.175594 0.512946 0.861188 -0.943641 -0.255143 0.191789 0.825773 -0.0342496 0.705359 -0.382856 -0.0134467 -0.161035 -0.121844 -0.408635 -0.877697 -0.337148 -0.531545 -0.60712 -0.118186 -0.927858 0.416964 -0.242752 -843.273 -408.011 -1415.92 546.009 88.21 1287.41 -851.536 -1126.65 514.176 21.2146 856.809 1448.06 -10.6969 5.29417 14.022 -11.4224 -11.6178 7.52926 -13.8986 5.05068 11.5559 -4.18864 -1.03382 -10.115 10.2797 2.12039 -14.6739 -1.07609 14.8086 1.5379 5.54313 14.1733 -2.53463 -11.5947 12.1973 10.9592 8.59985 -0.0941604 -12.7997 -7.70093 12.9034 -13.7438 -8.69423 -2.01793 -2.45732 -9.28663 -4.16019 9.44648 3.17137 -6.17896 7.51788 6.47368 1.61408 1.24479 14.2738 -6.18586 4.0382 -9.42933 4.79546 -1.31296 13.9245 12.4834 -10.1483 -0.679091 2.46339 -14.1106 -10.5296 -1.2039 8.165 -14.9445 -5.3903 2.63391 7.69418 12.9178 -14.1546 -3.82714 2.87683 12.3866 -0.513744 10.5804 1.36514 2.12243 1.81988 1.90022 1.3123 0.350721 1.45885 1.06033 0.905404 6.61361 0.247891 3.00478 1.37862 209.376 323.996 -221.474 35.6014 127.927 215.95 -77.0208 -93.1219 -455.892 132.782 -30.7102 -192.888 -0.860904 0.283306 3.66325 1.84114 -0.636084 5.00582 1.48321 -1.45669 3.75988 1.26485 0.182665 -0.0741344 -1.60194 1.84676 -0.362305 5.42561 3.56634 0.522816 -1.84793 -0.408421 -5.442 -4.32757 -3.84204 3.61822 -0.0927913 -0.0770814 1.5061 -1.57053 -0.37939 -3.50874 -0.57493 -3.1475 -0.832365 0.425548 1.37424 -0.0108198 1.98992 1.7701 0.855038 -2.96407 4.09287 -0.52724 -2.72915 -2.16555 -0.216235 -0.0456867 1.19155 -0.941748 3.37173 0.359048 -0.681274 -3.19133 -0.608853 3.52794 1.22235 -2.31406 2.70405 -2.2275 -5.61869 2.67682 1.59958 3.94556 -0.721283 2.46414 -2.03533 2.57421 3.35006 2.24955 2.378 2.49304 1.75724 1.99488 1.63398 1.8075 2.1083 2.12958 2.25532 8.11966 2.05727 2.13237 1.5556
5 -0.556469 -0.270167 -0.928029 0.353052 0.0587992 0.896619 -0.559078 -0.740203 0.348002 0.0298685 0.601412 0.954611 -0.704696 0.337997 0.926482 -0.791243 -0.781614 0.506198 -0.956314 0.333089 0.803059 -0.248728 -0.0690172 -0.683296 0.654631 0.131109 -0.962278 -0.0860026 1 0.0878586 0.39057 0.924372 -0.162335 -0.809894 0.794953 0.721622 0.57366 -0.00487886 -0.860801 -0.508618 0.850031 -0.931516 -0.572915 -0.135769 -0.14927 -0.624247 -0.278808 0.618359 0.223677 -0.417185 0.495114 0.435216 0.128648 0.0662709 0.953406 -0.3996 0.273424 -0.635154 0.335976 -0.0815262 0.953912 0.816342 -0.615241 -0.0118781 0.181256 -0.925523 -0.696383 -0.0953542 0.540024 -0.959965 -0.378057 0.162906 0.488476 0.873137 -0.944276 -0.257796 0.18532 0.816088 -0.0591817 0.691015 -0.364918 -0.00795094 -0.151671 -0.123318 -0.418911 -0.856292 -0.360142 -0.566844 -0.605967 -0.109774 -0.897921 0.420255 -0.251273 -834.704 -405.25 -1392.04 529.578 88.1988 1344.93 -838.616 -1110.3 522.004 44.8028 902.118 1431.92 -10.5704 5.06995 13.8972 -11.8686 -11.7242 7.59297 -14.3447 4.99633 12.0459 -3.73092 -1.03526 -10.2494 9.81947 1.96663 -14.4342 -1.29004 15 1.31788 5.85854 13.8656 -2.43503 -12.1484 11.9243 10.8243 8.6049 -0.0731828 -12.912 -7.62927 12.7505 -13.9727 -8.59373 -2.03653 -2.23904 -9.36371 -4.18212 9.27539 3.35516 -6.25778 7.42671 6.52823 1.92972 0.994064 14.3011 -5.994 4.10136 -9.5273 5.03964 -1.22289 14.3087 12.2451 -9.22861 -0.178171 2.71883 -13.8828 -10.4457 -1.43031 8.10036 -14.3995 -5.67085 2.44359 7.32714 13.0971 -14.1641 -3.86694 2.7798 12.2413 -0.887725 10.3652 1.40192 2.1337 1.83907 1.8972 1.29123 0.394602 1.41171 0.987971 0.907768 6.67669 0.309261 3.01152 1.37436 210.289 361.238 -272.155 101.714 204.486 271.996 -71.867 -174.069 -416.833 194.815 -97.3884 -91.7867 -0.31626 1.18041 3.986 2.00102 -0.265935 4.8096 0.594244 -1.13237 4.39452 0.28101 1.12293 1.22432 -1.3362 2.30632 0.535551 5.50109 3.31554 2.14501 -2.16383 -0.351672 -5.59671 -4.87953 -3.90591 3.935 -0.589296 0.217 1.37226 -1.58922 -1.13544 -4.18749 -0.233544 -3.68138 -0.176659 1.56701 1.0592 -1.38219 2.19768 1.04837 0.0570735 -1.63918 3.95833 -0.376165 -2.24285 -1.61349 0.265308 0.823221 1.64651 -0.85639 4.63623 0.934208 -1.29175 -3.15845 -0.298917 2.47765 1.17494 -3.69104 3.96393 -4.10276 -5.84824 3.4118 1.57754 4.14757 -1.12665 2.13365 -0.723798 2.69635 3.19829 1.77979 2.41272 2.54812 1.7338 2.03256 1.55899 1.80706 2.2791 2.05868 2.10288 8.37822 1.77527 2.04683 1.57597
6 0.44964 0.777918 0.248705 0.554582 0.302117 -0.587397 0.411745 -0.416993 -0.35238 -0.706317 -0.0750594 0.420573 0.21752 -0.466859 0.225475 0.0290046 0.899493 0.670862 0.862557 0.919478 0.517617 0.353799 0.498218 -0.655274 0.885843 0.180567 0.820701 0.884593 0.73802 0.766285 -0.480515 -0.266995 -0.739876 -0.367539 0.285171 0.934596 -0.179444 1 -0.765525 -0.729836 0.689366 0.673164 -0.141375 -0.0179885 0.330253 -0.039303 -0.398837 -0.175825 0.704911 0.691797 -0.950818 -0.513586 -0.849304 -0.425374 0.719986 0.607665 -0.249305 0.850445 0.0507138 -0.610907 0.887376 0.685756 -0.738058 -0.790169 0.560103 0.429691 0.459594 0.352561 0.420127 0.00343294 -0.988291 0.802665 -0.110938 0.237818 0.0296307 0.56223 -0.782328 -0.468068 0.821826 -0.833958 0.699788 0.361611 -0.910799 0.630756 -0.0360125 0.487366 0.317945 0.386632 -0.821855 0.284729 0.49296 -0.738587 0.591971 674.46 1166.88 373.057 831.873 453.176 -881.095 617.618 -625.489 -528.569 -1059.48 -112.589 630.86 3.26279 -7.00289 3.38212 0.43507 13.4924 10.0629 12.9384 13.7922 7.76426 5.30699 7.47327 -9.8291 13.2876 2.70851 12.3105 13.2689 11.0703 11.4943 -7.20772 -4.00492 -11.0981 -5.51308 4.27756 14.0189 -2.69166 15 -11.4829 -10.9475 10.3405 10.0975 -2.12063 -0.269827 4.9538 -0.589545 -5.98255 -2.63737 10.5737 10.377 -14.2623 -7.70378 -12.7396 -6.38061 10.7998 9.11498 -3.73958 12.7567 0.760707 -9.16361 13.3106 10.2863 -11.0709 -11.8525 8.40155 6.44537 6.89391 5.28842 6.30191 0.051494 -14.8244 12.04 -1.66406 3.56728 0.444461 8.43345 -11.7349 -7.02102 12.3274 -12.5094 3.58457 2.8913 0.282861 3.44305 2.07617 3.1491 2.80179 2.9426 0.465197 9.63547 3.16057 0.635896 1.79599 154.336 379.213 -410.551 98.3005 197.78 385.841 -162.559 -207.553 -446.742 244.166 -45.5093 -70.4134 -1.14216 1.77472 4.54492 1.95272 -0.172471 4.42 -0.727644 -1.73483 6.38157 -0.18036 0.559355 1.84967 0.473831 1.4899 -1.00373 5.72816 4.26047 2.26447 -1.98856 0.731125 -5.76536 -5.30731 -3.05666 4.77734 -0.458009 1.11433 1.28938 -2.32222 -0.0408265 -4.2455 -1.09577 -2.99557 0.975362 0.438046 0.759258 0.0487199 1.81118 0.846989 1.38265 -2.05357 2.89973 -0.867216 -1.53376 -2.21302 1.00254 0.610095 2.50015 -0.81282 5.55457 1.46062 -2.49229 -3.03685 -0.959583 2.4611 1.19872 -3.7592 4.1961 -6.05775 -6.47575 2.24098 1.76318 5.42494 -2.59083 1.38138 -0.50683 2.73765 3.75727 2.50743 2.35575 2.5324 1.73466 1.95725 1.50876 1.64192 2.27195 1.81014 2.091 8.47519 1.82623 2.01696 1.55436
7 0.44964 0.777918 0.248705 0.554582 0.302117 -0.587397 0.411745 -0.416993 -0.35238 -0.706317 -0.0750594 0.420573 0.21752 -0.466859 0.225475 0.0290046 0.899493 0.670862 0.862557 0.919478 0.517617 0.353799 0.498218 -0.655274 0.885843 0.180567 0.820701 0.884593 0.73802 0.766285 -0.480515 -0.266995 -0.739876 -0.367539 0.285171 0.934596 -0.179444 1 -0.765525 -0.729836 0.689366 0.673164 -0.141375 -0.0179885 0.330253 -0.039303 -0.398837 -0.175825 0.704911 0.691797 -0.950818 -0.513586 -0.849304 -0.425374 0.719986 0.607665 -0.249305 0.850445 0.0507138 -0.610907 0.887376 0.685756 -0.738058 -0.790169 0.560103 0.429691 0.459594 0.352561 0.420127 0.00343294 -0.988291 0.802665 -0.110938 0.237818 0.0296307 0.56223 -0.782328 -0.468068 0.821826 -0.833958 0.699788 0.361611 -0.910799 0.630756 -0.0360125 0.487366 0.317945 0.386632 -0.821855 0.284729 0.49296 -0.738587 0.591971 674.46 1166.88 373.057 831.873 453.176 -881.095 617.618 -625.489 -528.569 -1059.48 -112.589 630.86 3.26279 -7.00289 3.38212 0.43507 13.4924 10.0629 12.9384 13.7922 7.76426 5.30699 7.47327 -9.8291 13.2876 2.70851 12.3105 13.2689 11.0703 11.4943 -7.20772 -4.00492 -11.0981 -5.51308 4.27756 14.0189 -2.69166 15 -11.4829 -10.9475 10.3405 10.0975 -2.12063 -0.269827 4.9538 -0.589545 -5.98255 -2.63737 10.5737 10.377 -14.2623 -7.70378 -12.7396 -6.38061 10.7998 9.11498 -3.73958 12.7567 0.760707 -9.16361 13.3106 10.2863 -11.0709 -11.8525 8.40155 6.44537 6.89391 5.28842 6.30191 0.051494 -14.8244 12.04 -1.66406 3.56728 0.444461 8.43345 -11.7349 -7.02102 12.3274 -12.5094 3.58457 2.8913 0.282861 3.44305 2.07617 3.1491 2.80179 2.9426 0.465197 9.63547 3.16057 0.635896 1.79599 131.537 379.762 -367.959 146.669 267.965 500.339 -178.624 3.52853 -442.098 258.151 -94.5595 -33.9786 -1.85811 0.17737 5.11444 1.15907 0.675213 4.14907 -0.649965 -2.20873 6.21275 -1.2732 1.45874 2.37924 0.347813 1.0569 -0.656688 6.04575 4.85829 2.74786 -1.79561 -0.279924 -6.5517 -6.68646 -3.23148 4.81203 -0.308322 0.188934 1.83051 -3.38932 -0.0118452 -4.9682 -1.28741 -2.72358 0.615622 0.292903 1.17781 -1.14513 2.06126 1.27296 1.68116 -1.81727 3.45884 0.267759 -0.277381 -1.09028 0.488193 1.87935 2.56012 -0.869247 5.48735 2.03146 -3.46856 -2.68983 -1.66019 3.31039 1.16751 -5.58541 4.26589 -5.47239 -6.78288 3.25054 2.58682 6.03983 -3.07163 1.77823 -0.233365 3.3027 3.86382 2.34023 2.39566 2.50057 1.6571 1.87599 1.46641 1.77562 2.27928 1.6636 2.13578 8.26254 1.66622 2.01608 1.55623
8 0.44964 0.777918 0.248705 0.554582 0.302117 -0.587397 0.411745 -0.416993 -0.35238 -0.706317 -0.0750594 0.420573 0.21752 -0.466859 0.225475 0.0290046 0.899493 0.670862 0.862557 0.919478 0.517617 0.353799 0.498218 -0.655274 0.885843 0.180567 0.820701 0.884593 0.73802 0.766285 -0.480515 -0.266995 -0.739876 -0.367539 0.285171 0.934596 -0.179444 1 -0.765525 -0.729836 0.689366 0.673164 -0.141375 -0.0179885 0.330253 -0.039303 -0.398837 -0.175825 0.704911 0.691797 -0.950818 -0.513586 -0.849304 -0.425374 0.719986 0.607665 -0.249305 0.850445 0.0507138 -0.610907 0.887376 0.685756 -0.738058 -0.790169 0.560103 0.429691 0.459594 0.352561 0.420127 0.00343294 -0.988291 0.802665 -0.110938 0.237818 0.0296307 0.56223 -0.782328 -0.468068 0.821826 -0.833958 0.699788 0.361611 -0.910799 0.630756 -0.0360125 0.487366 0.317945 0.386632 -0.821855 0.284729 0.49296 -0.738587 0.591971 674.46 1166.88 373.057 831.873 453.176 -881.095 617.618 -625.489 -528.569 -1059.48 -112.589 630.86 3.26279 -7.00289 3.38212 0.43507 13.4924 10.0629 12.9384 13.7922 7.76426 5.30699 7.47327 -9.8291 13.2876 2.70851 12.3105 13.2689 11.0703 11.4943 -7.20772 -4.00492 -11.0981 -5.51308 4.27756 14.0189 -2.69166 15 -11.4829 -10.9475 10.3405 10.0975 -2.12063 -0.269827 4.9538 -0.589545 -5.98255 -2.63737 10.5737 10.377 -14.2623 -7.70378 -12.7396 -6.38061 10.7998 9.11498 -3.73958 12.7567 0.760707 -9.16361 13.3106 10.2863 -11.0709 -11.8525 8.40155 6.44537 6.89391 5.28842 6.30191 0.051494 -14.8244 12.04 -1.66406 3.56728 0.444461 8.43345 -11.7349 -7.02102 12.3274 -12.5094 3.58457 2.8913 0.282861 3.44305 2.07617 3.1491 2.80179 2.9426 0.465197 9.63547 3.16057 0.635896 1.79599 30.5807 275.001 -417.757 269.911 254.475 405.347 -192.778 13.1906 -368.614 294.319 4.33441 83.8002 -2.14365 -0.0138499 4.78013 0.562659 -1.48645 4.45403 -0.999809 -1.58049 6.96673 -1.43027 1.04793 2.46768 0.49445 1.81495 0.0786994 6.04679 5.40304 3.2829 -2.33316 -0.471738 -6.20706 -6.93165 -3.45469 5.70564 0.154056 -0.252383 -0.384576 -4.39232 0.933559 -4.80944 -2.28314 -2.59509 0.119813 -0.20139 0.583768 -2.1135 2.26983 1.41119 1.98735 -0.752705 3.52785 -0.752214 0.168177 -0.859022 -0.0269404 1.50519 2.3214 -0.93047 6.31915 3.55322 -4.57639 -3.4119 -1.74021 2.45627 0.852684 -4.09386 4.58158 -5.57317 -7.16829 3.25374 3.31419 6.13363 -3.56876 2.24359 -0.0448277 4.35139 2.80324 2.33173 2.46067 2.45955 1.69369 1.84952 1.37049 1.78144 2.17727 1.67888 1.9964 8.41474 1.55306 2.03197 1.55963
9 0.444218 0.778697 0.254835 0.559243 0.338362 -0.530917 0.403217 -0.411584 -0.358668 -0.71897 -0.0740366 0.462341 0.231991 -0.460879 0.225204 0.00072596 0.89978 0.679192 0.876407 0.908362 0.512084 0.367503 0.500847 -0.668199 0.871964 0.139708 0.821653 0.867739 0.74796 0.779365 -0.508726 -0.271944 -0.70402 -0.377815 0.297097 0.949521 -0.182834 1 -0.779059 -0.695191 0.706268 0.645787 -0.132659 -0.00684061 0.372352 -0.0584344 -0.416021 -0.177037 0.716492 0.703095 -0.934603 -0.507883 -0.835596 -0.395374 0.734965 0.591955 -0.219145 0.878765 0.0364814 -0.615104 0.905676 0.70388 -0.720528 -0.785475 0.566842 0.415738 0.451966 0.342255 0.408551 0.00757999 -1 0.802394 -0.0867296 0.243393 0.0217935 0.512726 -0.822046 -0.445389 0.822756 -0.857124 0.710529 0.400383 -0.880327 0.688661 -0.0565222 0.480522 0.339699 0.418575 -0.834416 0.289889 0.466699 -0.758441 0.593652 666.327 1168.05 382.253 838.864 507.543 -796.376 604.825 -617.377 -538.002 -1078.45 -111.055 693.512 3.47987 -6.91318 3.37806 0.0108894 13.4967 10.1879 13.1461 13.6254 7.68126 5.51255 7.51271 -10.023 13.0795 2.09562 12.3248 13.0161 11.2194 11.6905 -7.6309 -4.07917 -10.5603 -5.66722 4.45645 14.2428 -2.74251 15 -11.6859 -10.4279 10.594 9.68681 -1.98988 -0.102609 5.58528 -0.876516 -6.24031 -2.65555 10.7474 10.5464 -14.0191 -7.61824 -12.5339 -5.93061 11.0245 8.87932 -3.28717 13.1815 0.547221 -9.22656 13.5851 10.5582 -10.8079 -11.7821 8.50263 6.23607 6.77949 5.13382 6.12827 0.1137 -15 12.0359 -1.30094 3.6509 0.326903 7.69089 -12.3307 -6.68083 12.3413 -12.8569 3.60658 2.97079 0.34533 3.56176 2.03413 3.13507 2.84638 3.00808 0.439448 9.67416 3.10673 0.595196 1.79683 31.5218 226.642 -463.112 332.636 246.614 430.276 -227.727 -158.03 -246.027 168.498 27.1216 229.017 -1.76204 0.451441 5.20359 0.141107 -1.22027 4.87345 -1.13531 -0.710516 6.83375 -1.75502 0.763949 1.4527 0.825889 2.81088 -0.947847 6.5607 6.2843 3.43979 -1.54596 0.339568 -6.51863 -7.44881 -2.36842 5.34682 -0.65844 -0.88138 -1.21169 -4.94773 2.42023 -3.84582 -2.80317 -2.08441 0.845181 -1.0835 0.842466 -1.78586 3.35307 2.23518 1.12721 -0.515572 1.8931 -0.485356 1.28176 -1.39032 -0.444143 0.780468 2.60599 -1.18931 7.07284 4.11601 -5.46107 -3.48034 -0.550371 2.18601 0.563125 -3.76085 4.76879 -5.50029 -6.63799 2.55231 3.01723 7.16791 -4.35254 3.70926 -0.116625 4.56009 2.86967 2.13447 2.56635 2.62212 1.62623 1.76365 1.36956 1.68491 2.16952 1.68359 2.01625 8.33863 1.47881 2.14021 1.55457
10 0.4441 0.778265 0.254833 0.561247 0.337802 -0.531008 0.404929 -0.410074 -0.359681 -0.719357 -0.0731888 0.461917 0.23224 -0.461025 0.224607 0.00289572 0.901973 0.679927 0.87681 0.908072 0.513191 0.367488 0.499401 -0.667624 0.872853 0.140333 0.821925 0.867729 0.748115 0.779494 -0.510279 -0.272263 -0.704477 -0.378249 0.296087 0.949912 -0.183424 0.998845 -0.781382 -0.695783 0.705826 0.64514 -0.133942 -0.00665764 0.371788 -0.0570322 -0.414841 -0.177857 0.718617 0.702905 -0.933229 -0.50907 -0.837012 -0.393851 0.734017 0.590638 -0.221045 0.879832 0.0362347 -0.615697 0.906439 0.703653 -0.72091 -0.785686 0.566538 0.415721 0.452419 0.342525 0.409254 0.00762499 -0.999986 0.80341 -0.0883868 0.242158 0.0220413 0.511034 -0.82198 -0.445009 0.822718 -0.85623 0.709833 0.400822 -0.881856 0.689677 -0.0582886 0.482357 0.339671 0.416149 -0.834334 0.290406 0.466894 -0.759767 0.593477 666.149 1167.4 382.249 841.871 506.702 -796.511 607.393 -615.111 -539.521 -1079.04 -109.783 692.875 3.4836 -6.91537 3.3691 0.0434358 13.5296 10.1989 13.1522 13.6211 7.69787 5.51232 7.49102 -10.0144 13.0928 2.10499 12.3289 13.0159 11.2217 11.6924 -7.65419 -4.08395 -10.5672 -5.67373 4.4413 14.2487 -2.75136 14.9827 -11.7207 -10.4367 10.5874 9.6771 -2.00913 -0.0998645 5.57682 -0.855483 -6.22261 -2.66786 10.7793 10.5436 -13.9984 -7.63605 -12.5552 -5.90777 11.0103 8.85957 -3.31567 13.1975 0.543521 -9.23546 13.5966 10.5548 -10.8137 -11.7853 8.49807 6.23581 6.78629 5.13788 6.1388 0.114375 -14.9998 12.0512 -1.3258 3.63237 0.33062 7.6655 -12.3297 -6.67514 12.3408 -12.8435 3.60516 2.97169 0.342195 3.56384 2.03051 3.13883 2.84632 3.00311 0.439616 9.67805 3.10713 0.592478 1.79674 23.3851 264.963 -372.124 377.91 251.929 442.248 -219.535 -278.445 -237.944 68.7478 31.5201 246.005 -1.85583 0.177753 5.15153 0.886285 -1.71925 5.35229 -1.29276 -0.0672275 7.23869 -1.27471 1.3889 0.646693 2.51479 2.5707 -0.256442 7.48793 6.9131 4.42252 -1.86855 0.30019 -7.02299 -7.38834 -0.277781 6.69833 -0.759218 -0.0453542 -1.3682 -5.55809 3.13232 -3.4058 -2.0456 -1.99599 0.680236 -1.64766 0.0976295 -1.48726 3.18049 2.11902 0.337524 -0.255382 1.56582 -0.898673 0.601933 -1.02785 -0.367154 1.49861 3.11376 -1.559 8.77986 5.57173 -6.07264 -4.33578 0.549141 1.98185 0.301929 -3.14734 4.91951 -5.61847 -7.1032 2.55667 3.07655 7.82639 -4.1568 2.37808 -1.36299 3.557 3.31725 1.44684 2.5401 2.65174 1.51515 1.82459 1.24988 1.69996 2.2592 1.65793 1.64966 8.40088 1.45078 2.05774 1.58209
11 0.4441 0.778265 0.254833 0.561247 0.337802 -0.531008 0.404929 -0.410074 -0.359681 -0.719357 -0.0731888 0.461917 0.23224 -0.461025 0.224607 0.00289572 0.901973 0.679927 0.87681 0.908072 0.513191 0.367488 0.499401 -0.667624 0.872853 0.140333 0.821925 0.867729 0.748115 0.779494 -0.510279 -0.272263 -0.704477 -0.378249 0.296087 0.949912 -0.183424 0.998845 -0.781382 -0.695783 0.705826 0.64514 -0.133942 -0.00665764 0.371788 -0.0570322 -0.414841 -0.177857 0.718617 0.702905 -0.933229 -0.50907 -0.837012 -0.393851 0.734017 0.590638 -0.221045 0.879832 0.0362347 -0.615697 0.906439 0.703653 -0.72091 -0.785686 0.566538 0.415721 0.452419 0.342525 0.409254 0.00762499 -0.999986 0.80341 -0.0883868 0.242158 0.0220413 0.511034 -0.82198 -0.445009 0.822718 -0.85623 0.709833 0.400822 -0.881856 0.689677 -0.0582886 0.482357 0.339671 0.416149 -0.834334 0.290406 0.466894 -0.759767 0.593477 666.149 1167.4 382.249 841.871 506.702 -796.511 607.393 -615.111 -539.521 -1079.04 -109.783 692.875 3.4836 -6.91537 3.3691 0.0434358 13.5296 10.1989 13.1522 13.6211 7.69787 5.51232 7.49102 -10.0144 13.0928 2.10499 12.3289 13.0159 11.2217 11.6924 -7.65419 -4.08395 -10.5672 -5.67373 4.4413 14.2487 -2.75136 14.9827 -11.7207 -10.4367 10.5874 9.6771 -2.00913 -0.0998645 5.57682 -0.855483 -6.22261 -2.66786 10.7793 10.5436 -13.9984 -7.63605 -12.5552 -5.90777 11.0103 8.85957 -3.31567 13.1975 0.543521 -9.23546 13.5966 10.5548 -10.8137 -11.7853 8.49807 6.23581 6.78629 5.13788 6.1388 0.114375 -14.9998 12.0512 -1.3258 3.63237 0.33062 7.6655 -12.3297 -6.67514 12.3408 -12.8435 3.60516 2.97169 0.342195 3.56384 2.03051 3.13883 2.84632 3.00311 0.439616 9.67805 3.10713 0.592478 1.79674 -28.9864 241.055 -395.258 527.628 223.495 353.809 -212.478 -354.001 -149.275 -36.7656 71.8554 341.729 -2.64246 -0.131246 5.29717 -0.599692 -0.998111 6.20779 -1.79856 0.600505 7.12561 -0.65791 1.68099 -1.64502 3.72784 2.39649 -1.11764 8.04476 8.47549 4.53294 -1.12471 1.18091 -7.33118 -7.60067 2.31619 7.27431 -0.875476 0.335898 -3.52177 -5.81801 4.42801 -3.6253 -2.36058 -1.82924 1.00346 -1.85327 -2.26964 -1.27397 4.24704 2.39669 -1.15981 -1.09226 0.907583 -0.754524 1.17562 0.0857338 -0.66942 0.600727 3.36914 -2.18857 9.68012 6.96614 -5.9589 -4.54874 0.818688 1.30878 -0.666416 -2.67393 5.51421 -5.39502 -6.98443 2.92916 3.57311 7.68141 -4.46963 2.46964 -2.85347 2.02462 3.28383 1.31872 2.60858 2.68431 1.52012 1.98598 1.29746 1.83629 2.23296 1.60767 1.44828 8.32248 1.5978 2.06261 1.57564
12 0.4441 0.778265 0.254833 0.561247 0.337802 -0.531008 0.404929 -0.410074 -0.359681 -0.719357 -0.0731888 0.461917 0.23224 -0.461025 0.224607 0.00289572 0.901973 0.679927 0.87681 0.908072 0.513191 0.367488 0.499401 -0.667624 0.872853 0.140333 0.821925 0.867729 0.748115 0.779494 -0.510279 -0.272263 -0.704477 -0.378249 0.296087 0.949912 -0.183424 0.998845 -0.781382 -0.695783 0.705826 0.64514 -0.133942 -0.00665764 0.371788 -0.0570322 -0.414841 -0.177857 0.718617 0.702905 -0.933229 -0.50907 -0.837012 -0.393851 0.734017 0.590638 -0.221045 0.879832 0.0362347 -0.615697 0.906439 0.703653 -0.72091 -0.785686 0.566538 0.415721 0.452419 0.342525 0.409254 0.00762499 -0.999986 0.80341 -0.0883868 0.242158 0.0220413 0.511034 -0.82198 -0.445009 0.822718 -0.85623 0.709833 0.400822 -0.881856 0.689677 -0.0582886 0.482357 0.339671 0.416149 -0.834334 0.290406 0.466894 -0.759767 0.593477 666.149 1167.4 382.249 841.871 506.702 -796.511 607.393 -615.111 -539.521 -1079.04 -109.783 692.875 3.4836 -6.91537 3.3691 0.0434358 13.5296 10.1989 13.1522 13.6211 7.69787 5.51232 7.49102 -10.0144 13.0928 2.10499 12.3289 13.0159 11.2217 11.6924 -7.65419 -4.08395 -10.5672 -5.67373 4.4413 14.2487 -2.75136 14.9827 -11.7207 -10.4367 10.5874 9.6771 -2.00913 -0.0998645 5.57682 -0.855483 -6.22261 -2.66786 10.7793 10.5436 -13.9984 -7.63605 -12.5552 -5.90777 11.0103 8.85957 -3.31567 13.1975 0.543521 -9.23546 13.5966 10.5548 -10.8137 -11.7853 8.49807 6.23581 6.78629 5.13788 6.1388 0.114375 -14.9998 12.0512 -1.3258 3.63237 0.33062 7.6655 -12.3297 -6.67514 12.3408 -12.8435 3.60516 2.97169 0.342195 3.56384 2.03051 3.13883 2.84632 3.00311 0.439616 9.67805 3.10713 0.592478 1.79674 -36.3352 316.666 -349.739 533.692 205.355 376.595 -81.2947 -355.398 -137.47 -101.206 18.3405 451.781 -3.14895 -1.6884 6.19962 -1.30292 -0.414246 7.12232 -1.12169 0.517526 7.08147 0.236462 1.00007 -2.11655 5.4592 2.58451 0.201159 8.71116 9.16728 5.04198 -1.70075 0.602687 -7.7196 -7.61392 2.0773 7.66162 -1.40936 1.45789 -4.02776 -6.02705 4.65015 -3.04332 -2.50783 -1.43245 1.35633 -1.806 -3.06861 -1.56088 4.0523 3.85019 -1.02768 -1.0203 -0.52935 -1.41888 1.66756 0.60587 -0.422356 0.448722 3.00768 -2.46301 10.2901 7.71239 -6.30361 -5.46935 1.24254 1.52405 -0.363761 -2.68324 5.00888 -4.44343 -8.03986 3.20572 2.37812 7.20427 -3.63508 3.44444 -3.16461 1.11653 4.29321 0.590495 2.53031 2.63968 1.23331 2.06728 1.338 1.9489 2.37096 1.68474 1.21426 8.41566 1.84495 1.86787 1.61076
13 0.4441 0.778265 0.254833 0.561247 0.337802 -0.531008 0.404929 -0.410074 -0.359681 -0.719357 -0.0731888 0.461917 0.23224 -0.461025 0.224607 0.00289572 0.901973 0.679927 0.87681 0.908072 0.513191 0.367488 0.499401 -0.667624 0.872853 0.140333 0.821925 0.867729 0.748115 0.779494 -0.510279 -0.272263 -0.704477 -0.378249 0.296087 0.949912 -0.183424 0.998845 -0.781382 -0.695783 0.705826 0.64514 -0.133942 -0.00665764 0.371788 -0.0570322 -0.414841 -0.177857 0.718617 0.702905 -0.933229 -0.50907 -0.837012 -0.393851 0.734017 0.590638 -0.221045 0.879832 0.0362347 -0.615697 0.906439 0.703653 -0.72091 -0.785686 0.566538 0.415721 0.452419 0.342525 0.409254 0.00762499 -0.999986 0.80341 -0.0883868 0.242158 0.0220413 0.511034 -0.82198 -0.445009 0.822718 -0.85623 0.709833 0.400822 -0.881856 0.689677 -0.0582886 0.482357 0.339671 0.416149 -0.834334 0.290406 0.466894 -0.759767 0.593477 666.149 1167.4 382.249 841.871 506.702 -796.511 607.393 -615.111 -539.521 -1079.04 -109.783 692.875 3.4836 -6.91537 3.3691 0.0434358 13.5296 10.1989 13.1522 13.6211 7.69787 5.51232 7.49102 -10.0144 13.0928 2.10499 12.3289 13.0159 11.2217 11.6924 -7.65419 -4.08395 -10.5672 -5.67373 4.4413 14.2487 -2.75136 14.9827 -11.7207 -10.4367 10.5874 9.6771 -2.00913 -0.0998645 5.57682 -0.855483 -6.22261 -2.66786 10.7793 10.5436 -13.9984 -7.63605 -12.5552 -5.90777 11.0103 8.85957 -3.31567 13.1975 0.543521 -9.23546 13.5966 10.5548 -10.8137 -11.7853 8.49807 6.23581 6.78629 5.13788 6.1388 0.114375 -14.9998 12.0512 -1.3258 3.63237 0.33062 7.6655 -12.3297 -6.67514 12.3408 -12.8435 3.60516 2.97169 0.342195 3.56384 2.03051 3.13883 2.84632 3.00311 0.439616 9.67805 3.10713 0.592478 1.79674 -44.6841 403.953 -360.875 566.932 195.303 330.316 -119.614 -513.024 -72.9074 -193.667 83.9682 442.803 -2.0215 -1.22143 6.02224 -0.883246 -0.644584 6.98693 -1.72278 -0.495102 7.2105 0.681373 0.81978 -3.52504 6.80254 2.57105 0.243448 9.4149 9.72234 5.14973 -2.26568 0.532477 -7.61534 -6.49634 1.63846 7.89235 -1.40085 2.08527 -3.20152 -6.03407 4.38472 -2.01778 -2.91332 -1.56051 0.816594 -1.31377 -2.51131 -2.20534 4.47941 4.32259 -1.71954 -1.4225 -0.0614624 -0.925274 0.399128 1.0792 -0.80049 0.664872 3.32158 -3.16915 10.6883 7.6054 -6.69205 -5.79782 2.46824 2.36116 -0.986063 -1.5247 4.95847 -4.68013 -8.41194 5.06815 1.71019 7.78626 -2.84616 3.37998 -3.05325 0.556828 5.11787 1.59082 2.65687 2.70495 1.0628 2.13379 1.29986 2.22146 2.41837 1.71517 1.15218 8.74434 1.91342 1.87289 1.60963
14 0.448966 0.776231 0.249004 0.556865 0.298892 -0.592404 0.410961 -0.421275 -0.353744 -0.703244 -0.0749319 0.418965 0.216162 -0.467927 0.216731 0.0297458 0.897387 0.668168 0.867654 0.923181 0.517757 0.357695 0.495015 -0.651813 0.883027 0.18408 0.823675 0.886913 0.73595 0.764522 -0.489162 -0.269984 -0.746407 -0.369059 0.281431 0.934125 -0.175911 1 -0.756532 -0.726043 0.695222 0.674135 -0.143284 -0.0231801 0.329666 -0.0469459 -0.40569 -0.180434 0.697776 0.687854 -0.942341 -0.513021 -0.854621 -0.424192 0.725751 0.60963 -0.247328 0.850959 0.0472025 -0.610421 0.88299 0.685379 -0.742152 -0.788986 0.563291 0.424648 0.456883 0.355247 0.425927 -0.00613665 -0.984811 0.801962 -0.106555 0.235937 0.0264551 0.564753 -0.783292 -0.46796 0.818172 -0.840444 0.702679 0.366642 -0.908024 0.627296 -0.0366985 0.485894 0.318659 0.385717 -0.826027 0.283463 0.497986 -0.735198 0.595375 673.449 1164.35 373.505 835.298 448.338 -888.606 616.441 -631.912 -530.617 -1054.87 -112.398 628.448 3.24243 -7.01891 3.25096 0.446187 13.4608 10.0225 13.0148 13.8477 7.76635 5.36543 7.42523 -9.77719 13.2454 2.7612 12.3551 13.3037 11.0392 11.4678 -7.33744 -4.04976 -11.1961 -5.53589 4.22147 14.0119 -2.63866 15 -11.348 -10.8906 10.4283 10.112 -2.14925 -0.347702 4.94499 -0.704189 -6.08535 -2.70651 10.4666 10.3178 -14.1351 -7.69531 -12.8193 -6.36289 10.8863 9.14445 -3.70991 12.7644 0.708037 -9.15631 13.2448 10.2807 -11.1323 -11.8348 8.44936 6.36972 6.85324 5.3287 6.3889 -0.0920498 -14.7722 12.0294 -1.59832 3.53905 0.396826 8.4713 -11.7494 -7.01939 12.2726 -12.6067 3.59049 2.90162 0.28855 3.43596 2.07477 3.14608 2.80325 2.94072 0.456646 9.62597 3.17087 0.642844 1.79769 -13.1189 481.733 -259.972 627.476 190.842 203.931 -18.6243 -537.092 -116.607 -373.398 111.223 450.489 -1.44676 -1.34507 5.93158 -0.737643 0.606163 7.73547 -1.27931 1.07529 6.90754 0.715228 1.59773 -5.30126 8.55659 2.48367 3.26364 9.41236 9.49695 5.79796 -3.44605 0.98308 -8.88148 -6.3709 0.976378 8.01908 -0.141295 3.07981 -2.66301 -7.40188 5.93072 0.194493 -3.21229 -1.22838 0.847813 -0.874894 -2.63338 -2.30101 4.75361 5.21716 -1.98397 -1.3162 -1.85352 -0.282301 2.679 1.97761 -0.618499 1.78341 2.9879 -3.3387 11.0135 7.92906 -7.93635 -5.51017 2.66538 0.348675 0.346642 -0.251729 5.19002 -5.0097 -9.23099 6.27403 1.23345 8.60989 -1.72232 4.78911 -4.35928 0.368898 5.33776 -0.301259 2.87061 2.70331 1.08589 2.31661 1.32205 2.28725 2.46407 1.70765 1.05899 8.53977 2.11803 1.80481 1.61779
15 -0.604479 -0.327248 -0.932026 0.49688 0.0339128 -0.498872 -0.607094 -0.359649 0.399262 0.664118 -0.0906569 -0.543285 0.27555 -0.439344 -0.660676 0.219291 -0.80182 0.691674 -0.955379 0.302611 0.718963 -0.17372 0.496755 -0.700176 0.681645 0.14548 -0.95451 0.718091 1 0.159176 -0.780661 0.994171 -0.724254 -0.533063 -0.903009 0.931415 0.611672 -0.00994705 -0.714486 -0.549913 0.878482 -0.365943 -0.118902 0.110852 0.313458 -0.552102 0.16505 -0.132201 0.254722 0.773375 -0.961658 -0.529318 -0.445191 0.0392605 0.979368 -0.450986 -0.231889 -0.665103 0.153303 -0.000451013 0.972049 0.740409 -0.681933 0.041984 0.569356 -0.951755 0.531795 -0.0741853 -0.134791 -0.991711 -1 -0.160334 0.488304 0.885957 -0.94706 -0.252742 0.244643 0.827774 0.178757 0.716414 0.79493 -0.299665 -0.521536 -0.0190298 -0.909569 -0.686678 -0.373406 0.46858 -0.857102 -0.121488 0.642147 -0.572385 0.661222 -906.719 -490.872 -1398.04 745.32 50.8693 -748.308 -910.64 -539.473 598.893 996.176 -135.985 -814.928 4.13325 -6.59016 -9.91014 3.28936 -12.0273 10.3751 -14.3307 4.53916 10.7844 -2.60581 7.45132 -10.5026 10.2247 2.1822 -14.3176 10.7714 15 2.38764 -11.7099 14.9126 -10.8638 -7.99595 -13.5451 13.9712 9.17508 -0.149206 -10.7173 -8.24869 13.1772 -5.48914 -1.78354 1.66277 4.70187 -8.28153 2.47575 -1.98301 3.82083 11.6006 -14.4249 -7.93978 -6.67786 0.588907 14.6905 -6.76478 -3.47833 -9.97655 2.29954 -0.0067652 14.5807 11.1061 -10.229 0.62976 8.54034 -14.2763 7.97693 -1.11278 -2.02187 -14.8757 -15 -2.40501 7.32456 13.2894 -14.2059 -3.79113 3.66965 12.4166 2.68135 10.7462 3.77961 1.53569 1.08085 2.11099 0.285383 0.74231 1.38452 3.11059 0.392942 6.58884 3.4664 0.976611 1.83061 -85.708 559.61 -162.031 618.309 238.463 90.9169 43.6091 -582.81 -148.654 -557.196 127.595 570.422 -0.826461 -2.79576 5.67365 0.0206325 2.27688 8.04214 -0.971502 2.15996 6.90581 0.93126 1.8374 -5.6334 8.90223 1.63392 3.78765 9.75306 9.89129 6.85635 -3.31395 0.626791 -8.52897 -6.76692 0.86763 8.91411 -0.906804 3.78538 -3.09993 -7.64064 6.5986 2.59845 -2.53042 -1.29518 1.40737 -1.18113 -2.81808 -2.81885 5.88693 5.84226 -4.05063 -1.32083 -2.4059 -0.334446 2.59643 2.62578 -0.896423 3.23018 2.62075 -4.86103 11.1276 8.25275 -7.85537 -5.42489 3.44624 1.23404 0.407684 -0.196348 4.89845 -6.0885 -9.456 6.62925 0.331187 7.96484 -1.5106 4.49274 -4.44076 -0.378486 6.13571 -0.519432 2.93499 2.70793 1.10999 2.45943 1.29716 2.33978 2.49227 1.89232 1.01229 8.72199 2.26155 1.76351 1.60465
16 -0.604479 -0.327248 -0.932026 0.49688 0.0339128 -0.498872 -0.607094 -0.359649 0.399262 0.664118 -0.0906569 -0.543285 0.27555 -0.439344 -0.660676 0.219291 -0.80182 0.691674 -0.955379 0.302611 0.718963 -0.17372 0.496755 -0.700176 0.681645 0.14548 -0.95451 0.718091 1 0.159176 -0.780661 0.994171 -0.724254 -0.533063 -0.903009 0.931415 0.611672 -0.00994705 -0.714486 -0.549913 0.878482 -0.365943 -0.118902 0.110852 0.313458 -0.552102 0.16505 -0.132201 0.254722 0.773375 -0.961658 -0.529318 -0.445191 0.0392605 0.979368 -0.450986 -0.231889 -0.665103 0.153303 -0.000451013 0.972049 0.740409 -0.681933 0.041984 0.569356 -0.951755 0.531795 -0.0741853 -0.134791 -0.991711 -1 -0.160334 0.488304 0.885957 -0.94706 -0.252742 0.244643 0.827774 0.178757 0.716414 0.79493 -0.299665 -0.521536 -0.0190298 -0.909569 -0.686678 -0.373406 0.46858 -0.857102 -0.121488 0.642147 -0.572385 0.661222 -906.719 -490.872 -1398.04 745.32 50.8693 -748.308 -910.64 -539.473 598.893 996.176 -135.985 -814.928 4.13325 -6.59016 -9.91014 3.28936 -12.0273 10.3751 -14.3307 4.53916 10.7844 -2.60581 7.45132 -10.5026 10.2247 2.1822 -14.3176 10.7714 15 2.38764 -11.7099 14.9126 -10.8638 -7.99595 -13.5451 13.9712 9.17508 -0.149206 -10.7173 -8.24869 13.1772 -5.48914 -1.78354 1.66277 4.70187 -8.28153 2.47575 -1.98301 3.82083 11.6006 -14.4249 -7.93978 -6.67786 0.588907 14.6905 -6.76478 -3.47833 -9.97655 2.29954 -0.0067652 14.5807 11.1061 -10.229 0.62976 8.54034 -14.2763 7.97693 -1.11278 -2.02187 -14.8757 -15 -2.40501 7.32456 13.2894 -14.2059 -3.79113 3.66965 12.4166 2.68135 10.7462 3.77961 1.53569 1.08085 2.11099 0.285383 0.74231 1.38452 3.11059 0.392942 6.58884 3.4664 0.976611 1.83061 -79.8145 532.982 -50.1782 643.625 236.492 54.1574 57.3853 -643 -152.464 -631.94 130.747 443.211 -0.251125 -3.74994 5.88491 -0.0142621 2.88832 8.25634 0.65554 2.22946 7.22169 0.949463 2.82907 -6.29768 9.29375 2.24331 4.92479 9.92251 10.6588 7.45565 -2.77383 0.603587 -9.06917 -6.49798 0.870211 9.90858 -0.0448029 4.34873 -5.51554 -8.05661 8.13675 3.66283 -2.58101 -0.840604 1.57854 -1.10904 -3.22399 -1.97501 6.54237 6.76716 -5.73889 -1.91826 -3.33186 -1.0183 4.0866 3.21421 -1.25977 3.66177 2.38656 -4.49341 11.4616 9.34149 -7.86319 -5.87009 3.95624 0.283488 2.09064 1.03358 5.30226 -4.93957 -9.78154 6.97047 -0.677906 8.26789 -1.01639 4.86461 -4.52744 -0.99103 6.80685 -2.7027 2.99143 2.70047 1.05082 2.60847 1.38567 2.47226 2.56764 2.03717 0.919852 8.7854 2.33092 1.57864 1.59171
17 -0.604479 -0.327248 -0.932026 0.49688 0.0339128 -0.498872 -0.607094 -0.359649 0.399262 0.664118 -0.0906569 -0.543285 0.27555 -0.439344 -0.660676 0.219291 -0.80182 0.691674 -0.955379 0.302611 0.718963 -0.17372 0.496755 -0.700176 0.681645 0.14548 -0.95451 0.718091 1 0.159176 -0.780661 0.994171 -0.724254 -0.533063 -0.903009 0.931415 0.611672 -0.00994705 -0.714486 -0.549913 0.878482 -0.365943 -0.118902 0.110852 0.313458 -0.552102 0.16505 -0.132201 0.254722 0.773375 -0.961658 -0.529318 -0.445191 0.0392605 0.979368 -0.450986 -0.231889 -0.665103 0.153303 -0.000451013 0.972049 0.740409 -0.681933 0.041984 0.569356 -0.951755 0.531795 -0.0741853 -0.134791 -0.991711 -1 -0.160334 0.488304 0.885957 -0.94706 -0.252742 0.244643 0.827774 0.178757 0.716414 0.79493 -0.299665 -0.521536 -0.0190298 -0.909569 -0.686678 -0.373406 0.46858 -0.857102 -0.121488 0.642147 -0.572385 0.661222 -906.719 -490.872 -1398.04 745.32 50.8693 -748.308 -910.64 -539.473 598.893 996.176 -135.985 -814.928 4.13325 -6.59016 -9.91014 3.28936 -12.0273 10.3751 -14.3307 4.53916 10.7844 -2.60581 7.45132 -10.5026 10.2247 2.1822 -14.3176 10.7714 15 2.38764 -11.7099 14.9126 -10.8638 -7.99595 -13.5451 13.9712 9.17508 -0.149206 -10.7173 -8.24869 13.1772 -5.48914 -1.78354 1.66277 4.70187 -8.28153 2.47575 -1.98301 3.82083 11.6006 -14.4249 -7.93978 -6.67786 0.588907 14.6905 -6.76478 -3.47833 -9.97655 2.29954 -0.0067652 14.5807 11.1061 -10.229 0.62976 8.54034 -14.2763 7.97693 -1.11278 -2.02187 -14.8757 -15 -2.40501 7.32456 13.2894 -14.2059 -3.79113 3.66965 12.4166 2.68135 10.7462 3.77961 1.53569 1.08085 2.11099 0.285383 0.74231 1.38452 3.11059 0.392942 6.58884 3.4664 0.976611 1.83061 62.002 535.779 -38.8974 615.012 245.192 -100.447 195.096 -562.208 -254.919 -718.817 105.387 490.843 0.819351 -4.85369 5.98944 -0.388703 3.48815 8.39139 2.10901 2.70633 8.25369 1.1718 3.01758 -5.78865 9.6824 2.05548 6.06464 10.7455 10.8117 8.51785 -2.98823 0.20489 -9.07022 -7.02235 0.445824 10.9325 -0.290458 4.4486 -6.64514 -8.22305 8.3903 4.82626 -2.49276 -0.770089 2.07029 -0.671154 -3.36196 -1.55486 7.19227 6.94519 -7.23277 -3.07537 -4.21595 -1.2151 6.03173 2.92355 -1.60128 3.34205 2.18684 -5.20067 12.4101 9.7521 -7.92261 -6.16738 4.39724 -0.64983 1.95641 1.1707 5.03095 -4.33342 -10.1837 7.72904 -0.511552 8.23668 -1.40843 4.8723 -4.65104 -1.31069 6.87162 -3.03688 2.83937 2.73231 1.07187 2.76918 1.44877 2.44281 2.57017 2.19416 0.861145 8.96412 2.45666 1.39521 1.611
18 -0.604479 -0.327248 -0.932026 0.49688 0.0339128 -0.498872 -0.607094 -0.359649 0.399262 0.664118 -0.0906569 -0.543285 0.27555 -0.439344 -0.660676 0.219291 -0.80182 0.691674 -0.955379 0.302611 0.718963 -0.17372 0.496755 -0.700176 0.681645 0.14548 -0.95451 0.718091 1 0.159176 -0.780661 0.994171 -0.724254 -0.533063 -0.903009 0.931415 0.611672 -0.00994705 -0.714486 -0.549913 0.878482 -0.365943 -0.118902 0.110852 0.313458 -0.552102 0.16505 -0.132201 0.254722 0.773375 -0.961658 -0.529318 -0.445191 0.0392605 0.979368 -0.450986 -0.231889 -0.665103 0.153303 -0.000451013 0.972049 0.740409 -0.681933 0.041984 0.569356 -0.951755 0.531795 -0.0741853 -0.134791 -0.991711 -1 -0.160334 0.488304 0.885957 -0.94706 -0.252742 0.244643 0.827774 0.178757 0.716414 0.79493 -0.299665 -0.521536 -0.0190298 -0.909569 -0.686678 -0.373406 0.46858 -0.857102 -0.121488 0.642147 -0.572385 0.661222 -906.719 -490.872 -1398.04 745.32 50.8693 -748.308 -910.64 -539.473 598.893 996.176 -135.985 -814.928 4.13325 -6.59016 -9.91014 3.28936 -12.0273 10.3751 -14.3307 4.53916 10.7844 -2.60581 7.45132 -10.5026 10.2247 2.1822 -14.3176 10.7714 15 2.38764 -11.7099 14.9126 -10.8638 -7.99595 -13.5451 13.9712 9.17508 -0.149206 -10.7173 -8.24869 13.1772 -5.48914 -1.78354 1.66277 4.70187 -8.28153 2.47575 -1.98301 3.82083 11.6006 -14.4249 -7.93978 -6.67786 0.588907 14.6905 -6.76478 -3.47833 -9.97655 2.29954 -0.0067652 14.5807 11.1061 -10.229 0.62976 8.54034 -14.2763 7.97693 -1.11278 -2.02187 -14.8757 -15 -2.40501 7.32456 13.2894 -14.2059 -3.79113 3.66965 12.4166 2.68135 10.7462 3.77961 1.53569 1.08085 2.11099 0.285383 0.74231 1.38452 3.11059 0.392942 6.58884 3.4664 0.976611 1.83061 22.5701 576.239 10.2243 648.858 273.915 -47.7374 165.065 -598.481 -209.708 -783.425 41.79 543.311 0.398011 -5.65383 5.76858 -0.664959 4.3801 8.91051 2.45397 3.86271 8.13873 1.15124 3.51999 -6.55564 10.3984 1.96507 5.55677 11.2342 10.7258 9.14714 -4.76296 0.278288 -9.1771 -6.58116 1.21972 11.4919 0.378156 5.74796 -7.13298 -8.40489 9.08519 5.34066 -2.29678 -0.2261 1.77209 -0.988794 -3.35207 -2.08855 6.82144 7.147 -8.95691 -4.27422 -4.50603 -2.04624 5.05547 3.25253 -1.40658 3.54618 1.85917 -4.87047 12.9636 9.98496 -7.39077 -6.36565 4.8321 -2.64647 1.57581 1.01424 5.47229 -3.44927 -11.0117 7.52328 -0.720815 7.81104 -0.918574 5.52409 -5.33662 -1.57566 6.51456 -3.69692 3.0066 2.68918 0.989319 2.75848 1.47375 2.40913 2.57092 2.20386 0.857887 9.03933 2.44179 1.30873 1.61214
19 -0.604479 -0.327248 -0.932026 0.49688 0.0339128 -0.498872 -0.607094 -0.359649 0.399262 0.664118 -0.0906569 -0.543285 0.27555 -0.439344 -0.660676 0.219291 -0.80182 0.691674 -0.955379 0.302611 0.718963 -0.17372 0.496755 -0.700176 0.681645 0.14548 -0.95451 0.718091 1 0.159176 -0.780661 0.994171 -0.724254 -0.533063 -0.903009 0.931415 0.611672 -0.00994705 -0.714486 -0.549913 0.878482 -0.365943 -0.118902 0.110852 0.313458 -0.552102 0.16505 -0.132201 0.254722 0.773375 -0.961658 -0.529318 -0.445191 0.0392605 0.979368 -0.450986 -0.231889 -0.665103 0.153303 -0.000451013 0.972049 0.740409 -0.681933 0.041984 0.569356 -0.951755 0.531795 -0.0741853 -0.134791 -0.991711 -1 -0.160334 0.488304 0.885957 -0.94706 -0.252742 0.244643 0.827774 0.178757 0.716414 0.79493 -0.299665 -0.521536 -0.0190298 -0.909569 -0.686678 -0.373406 0.46858 -0.857102 -0.121488 0.642147 -0.572385 0.661222 -906.719 -490.872 -1398.04 745.32 50.8693 -748.308 -910.64 -539.473 598.893 996.176 -135.985 -814.928 4.13325 -6.59016 -9.91014 3.28936 -12.0273 10.3751 -14.3307 4.53916 10.7844 -2.60581 7.45132 -10.5026 10.2247 2.1822 -14.3176 10.7714 15 2.38764 -11.7099 14.9126 -10.8638 -7.99595 -13.5451 13.9712 9.17508 -0.149206 -10.7173 -8.24869 13.1772 -5.48914 -1.78354 1.66277 4.70187 -8.28153 2.47575 -1.98301 3.82083 11.6006 -14.4249 -7.93978 -6.67786 0.588907 14.6905 -6.76478 -3.47833 -9.97655 2.29954 -0.0067652 14.5807 11.1061 -10.229 0.62976 8.54034 -14.2763 7.97693 -1.11278 -2.02187 -14.8757 -15 -2.40501 7.32456 13.2894 -14.2059 -3.79113 3.66965 12.4166 2.68135 10.7462 3.77961 1.53569 1.08085 2.11099 0.285383 0.74231 1.38452 3.11059 0.392942 6.58884 3.4664 0.976611 1.83061 -27.109 597.096 2.99615 645.986 276.194 -77.8209 84.9138 -660.977 -206.594 -783.966 63.0478 611.06 0.447798 -5.84656 5.89005 -0.526422 3.51145 8.76113 2.59172 2.43728 8.40054 1.01622 3.29442 -6.92496 10.069 1.85342 5.29253 11.6863 10.8845 8.9191 -6.05171 0.416975 -9.17491 -6.85925 1.62071 11.8721 0.228765 6.22272 -7.53124 -8.64977 9.12883 6.63689 -2.67277 -0.154954 1.62791 -0.461822 -3.73193 -2.30904 7.27342 6.82327 -8.515 -4.50914 -4.52662 -2.2948 4.37095 3.3986 -1.93308 3.64998 1.62823 -4.82713 12.9432 10.4526 -7.20183 -6.84824 4.61149 -2.04906 0.803843 1.82335 5.72211 -3.12768 -11.4862 7.26255 -0.368168 8.18391 -0.53399 5.42148 -5.06492 -2.5295 6.57953 -3.50851 3.02756 2.62155 0.937957 2.69751 1.46075 2.38697 2.62919 2.23875 0.847741 9.02514 2.31736 1.20397 1.60295
20 -0.604479 -0.327248 -0.932026 0.49688 0.0339128 -0.498872 -0.607094 -0.359649 0.399262 0.664118 -0.0906569 -0.543285 0.27555 -0.439344 -0.660676 0.219291 -0.80182 0.691674 -0.955379 0.302611 0.718963 -0.17372 0.496755 -0.700176 0.681645 0.14548 -0.95451 0.718091 1 0.159176 -0.780661 0.994171 -0.724254 -0.533063 -0.903009 0.931415 0.611672 -0.00994705 -0.714486 -0.549913 0.878482 -0.365943 -0.118902 0.110852 0.313458 -0.552102 0.16505 -0.132201 0.254722 0.773375 -0.961658 -0.529318 -0.445191 0.0392605 0.979368 -0.450986 -0.231889 -0.665103 0.153303 -0.000451013 0.972049 0.740409 -0.681933 0.041984 0.569356 -0.951755 0.531795 -0.0741853 -0.134791 -0.991711 -1 -0.160334 0.488304 0.885957 -0.94706 -0.252742 0.244643 0.827774 0.178757 0.716414 0.79493 -0.299665 -0.521536 -0.0190298 -0.909569 -0.686678 -0.373406 0.46858 -0.857102 -0.121488 0.642147 -0.572385 0.661222 -906.719 -490.872 -1398.04 745.32 50.8693 -748.308 -910.64 -539.473 598.893 996.176 -135.985 -814.928 4.13325 -6.59016 -9.91014 3.28936 -12.0273 10.3751 -14.3307 4.53916 10.7844 -2.60581 7.45132 -10.5026 10.2247 2.1822 -14.3176 10.7714 15 2.38764 -11.7099 14.9126 -10.8638 -7.99595 -13.5451 13.9712 9.17508 -0.149206 -10.7173 -8.24869 13.1772 -5.48914 -1.78354 1.66277 4.70187 -8.28153 2.47575 -1.98301 3.82083 11.6006 -14.4249 -7.93978 -6.67786 0.588907 14.6905 -6.76478 -3.47833 -9.97655 2.29954 -0.0067652 14.5807 11.1061 -10.229 0.62976 8.54034 -14.2763 7.97693 -1.11278 -2.02187 -14.8757 -15 -2.40501 7.32456 13.2894 -14.2059 -3.79113 3.66965 12.4166 2.68135 10.7462 3.77961 1.53569 1.08085 2.11099 0.285383 0.74231 1.38452 3.11059 0.392942 6.58884 3.4664 0.976611 1.83061 -106.784 631.459 88.1714 612.736 210.927 -23.9961 -13.5767 -628.802 -185.804 -643.876 118.879 601.308 0.484533 -5.67686 5.45505 -0.799829 2.27476 8.79855 1.86315 2.60701 7.54963 -0.273627 2.78697 -8.16578 9.1915 2.05368 6.26712 11.7863 11.0271 8.15849 -5.65777 0.85943 -9.06585 -6.87573 1.15261 11.7011 0.449567 6.66666 -7.81353 -8.71577 9.96671 6.34603 -2.7558 -0.123818 1.98228 -0.0552414 -3.54431 -3.61245 7.21079 7.46644 -8.11166 -3.9063 -4.86672 -2.85773 4.69054 3.57882 -0.720432 3.68817 1.33042 -5.27066 13.4138 10.3859 -7.54329 -6.90462 4.90601 -3.18359 0.681482 2.71024 5.79407 -3.34493 -11.4725 7.38092 -0.210234 8.47431 -0.576121 4.771 -3.38586 -2.93575 7.46943 -2.83208 3.23542 2.57564 0.859984 2.44415 1.43016 2.53363 2.63125 2.19097 0.755134 9.03729 2.3665 1.09585 1.62078
21 -0.604479 -0.327248 -0.932026 0.49688 0.0339128 -0.498872 -0.607094 -0.359649 0.399262 0.664118 -0.0906569 -0.543285 0.27555 -0.439344 -0.660676 0.219291 -0.80182 0.691674 -0.955379 0.302611 0.718963 -0.17372 0.496755 -0.700176 0.681645 0.14548 -0.95451 0.718091 1 0.159176 -0.780661 0.994171 -0.724254 -0.533063 -0.903009 0.931415 0.611672 -0.00994705 -0.714486 -0.549913 0.878482 -0.365943 -0.118902 0.110852 0.313458 -0.552102 0.16505 -0.132201 0.254722 0.773375 -0.961658 -0.529318 -0.445191 0.0392605 0.979368 -0.450986 -0.231889 -0.665103 0.153303 -0.000451013 0.972049 0.740409 -0.681933 0.041984 0.569356 -0.951755 0.531795 -0.0741853 -0.134791 -0.991711 -1 -0.160334 0.488304 0.885957 -0.94706 -0.252742 0.244643 0.827774 0.178757 0.716414 0.79493 -0.299665 -0.521536 -0.0190298 -0.909569 -0.686678 -0.373406 0.46858 -0.857102 -0.121488 0.642147 -0.572385 0.661222 -906.719 -490.872 -1398.04 745.32 50.8693 -748.308 -910.64 -539.473 598.893 996.176 -135.985 -814.928 4.13325 -6.59016 -9.91014 3.28936 -12.0273 10.3751 -14.3307 4.53916 10.7844 -2.60581 7.45132 -10.5026 10.2247 2.1822 -14.3176 10.7714 15 2.38764 -11.7099 14.9126 -10.8638 -7.99595 -13.5451 13.9712 9.17508 -0.149206 -10.7173 -8.24869 13.1772 -5.48914 -1.78354 1.66277 4.70187 -8.28153 2.47575 -1.98301 3.82083 11.6006 -14.4249 -7.93978 -6.67786 0.588907 14.6905 -6.76478 -3.47833 -9.97655 2.29954 -0.0067652 14.5807 11.1061 -10.229 0.62976 8.54034 -14.2763 7.97693 -1.11278 -2.02187 -14.8757 -15 -2.40501 7.32456 13.2894 -14.2059 -3.79113 3.66965 12.4166 2.68135 10.7462 3.77961 1.53569 1.08085 2.11099 0.285383 0.74231 1.38452 3.11059 0.392942 6.58884 3.4664 0.976611 1.83061 -34.8786 557.449 149.986 647.127 288.479 43.7633 -24.1894 -676.376 -184.693 -597.003 165.138 543.102 0.0620603 -5.18075 5.96406 -0.804217 2.0879 8.72807 2.376 2.64969 8.01687 -0.178262 2.47643 -8.63195 8.6584 2.06765 6.43105 11.9142 11.6226 8.0195 -6.40667 2.53715 -8.96953 -7.03387 1.73712 12.0199 0.666263 6.38172 -8.60673 -9.13193 10.0132 6.6698 -3.09251 -0.206682 2.09655 0.767612 -3.51644 -4.34789 7.17042 7.24227 -8.20407 -3.9813 -3.93253 -1.91336 4.70561 4.19869 -0.958757 4.86516 1.97789 -5.87113 13.3204 10.6177 -6.97973 -6.73854 4.93036 -3.50781 0.643798 2.52359 5.75545 -3.13876 -11.4488 7.21633 0.201619 8.43044 -0.0014693 4.49132 -3.31052 -2.68224 6.11726 -3.0461 3.22394 2.6507 0.945471 2.48281 1.46326 2.55051 2.54668 2.15154 0.689103 9.09323 2.31732 1.10391 1.60267
22 -0.613253 -0.342686 -0.92987 0.51737 0.0566879 -0.49521 -0.634267 -0.344869 0.372846 0.673008 -0.0963718 -0.526461 0.256856 -0.450803 -0.665868 0.226482 -0.816632 0.687987 -0.961357 0.319423 0.726554 -0.173949 0.499843 -0.693175 0.710037 0.122843 -0.939673 0.713445 1 0.154644 -0.781123 0.970919 -0.707701 -0.556192 -0.935824 0.907853 0.594604 -0.00893906 -0.705381 -0.570845 0.886175 -0.356133 -0.121633 0.131735 0.301762 -0.53923 0.159378 -0.144526 0.270918 0.792983 -0.952351 -0.521229 -0.442631 0.0322543 0.989175 -0.472659 -0.229821 -0.643007 0.148712 0.00135605 0.981644 0.732405 -0.689096 0.0212141 0.566486 -0.959197 0.522063 -0.071886 -0.13438 -0.997763 -1 -0.172726 0.494959 0.880464 -0.928491 -0.248672 0.22622 0.835565 0.185108 0.723224 0.780548 -0.296795 -0.511268 -0.0159896 -0.938149 -0.668314 -0.380763 0.487534 -0.841354 -0.113906 0.651425 -0.598043 0.646717 -919.88 -514.03 -1394.81 776.055 85.0319 -742.814 -951.401 -517.303 559.269 1009.51 -144.558 -789.691 3.85285 -6.76204 -9.98802 3.39723 -12.2495 10.3198 -14.4203 4.79135 10.8983 -2.60924 7.49764 -10.3976 10.6505 1.84264 -14.0951 10.7017 15 2.31967 -11.7168 14.5638 -10.6155 -8.34288 -14.0374 13.6178 8.91907 -0.134086 -10.5807 -8.56268 13.2926 -5.342 -1.8245 1.97602 4.52643 -8.08844 2.39067 -2.16789 4.06377 11.8947 -14.2853 -7.81843 -6.63946 0.483815 14.8376 -7.08988 -3.44732 -9.6451 2.23067 0.0203407 14.7247 10.9861 -10.3364 0.318212 8.49729 -14.388 7.83095 -1.07829 -2.0157 -14.9664 -15 -2.59088 7.42439 13.207 -13.9274 -3.73008 3.39331 12.5335 2.77662 10.8484 3.75012 1.54157 1.1019 2.11722 0.226794 0.779955 1.36944 3.14944 0.425224 6.6457 3.48542 0.924011 1.82336 -32.218 522.644 244.643 636.363 267.008 80.1933 -34.7938 -684.69 -153.091 -614.926 222.333 521.586 1.3763 -4.85065 5.7557 -0.928363 2.90835 8.70948 2.90265 1.56502 7.49644 0.188672 1.74034 -8.9753 9.08888 1.84032 6.53561 12.0612 11.0225 8.47245 -6.64874 2.47236 -8.81619 -6.82836 2.37095 11.7475 1.34933 7.10628 -7.65557 -9.16173 10.084 6.16401 -2.93028 -0.170127 1.87571 0.58703 -3.6418 -4.69686 7.50429 7.07087 -10.2551 -3.99625 -4.06373 -1.78441 4.60056 4.24261 -1.12275 4.54891 2.13342 -6.40865 13.2957 10.4465 -7.65333 -7.39413 4.85054 -3.09503 0.937269 3.17306 5.95103 -2.88386 -11.5814 7.11156 -0.600232 8.5003 0.0739187 5.20004 -3.6105 -2.43509 6.28737 -1.94095 3.3673 2.65126 1.00252 2.54016 1.46685 2.59715 2.54646 2.25028 0.653395 9.21973 2.31262 1.14368 1.59894
23 -0.613253 -0.342686 -0.92987 0.51737 0.0566879 -0.49521 -0.634267 -0.344869 0.372846 0.673008 -0.0963718 -0.526461 0.256856 -0.450803 -0.665868 0.226482 -0.816632 0.687987 -0.961357 0.319423 0.726554 -0.173949 0.499843 -0.693175 0.710037 0.122843 -0.939673 0.713445 1 0.154644 -0.781123 0.970919 -0.707701 -0.556192 -0.935824 0.907853 0.594604 -0.00893906 -0.705381 -0.570845 0.886175 -0.356133 -0.121633 0.131735 0.301762 -0.53923 0.159378 -0.144526 0.270918 0.792983 -0.952351 -0.521229 -0.442631 0.0322543 0.989175 -0.472659 -0.229821 -0.643007 0.148712 0.00135605 0.981644 0.732405 -0.689096 0.0212141 0.566486 -0.959197 0.522063 -0.071886 -0.13438 -0.997763 -1 -0.172726 0.494959 0.880464 -0.928491 -0.248672 0.22622 0.835565 0.185108 0.723224 0.780548 -0.296795 -0.511268 -0.0159896 -0.938149 -0.668314 -0.380763 0.487534 -0.841354 -0.113906 0.651425 -0.598043 0.646717 -919.88 -514.03 -1394.81 776.055 85.0319 -742.814 -951.401 -517.303 559.269 1009.51 -144.558 -789.691 3.85285 -6.76204 -9.98802 3.39723 -12.2495 10.3198 -14.4203 4.79135 10.8983 -2.60924 7.49764 -10.3976 10.6505 1.84264 -14.0951 10.7017 15 2.31967 -11.7168 14.5638 -10.6155 -8.34288 -14.0374 13.6178 8.91907 -0.134086 -10.5807 -8.56268 13.2926 -5.342 -1.8245 1.97602 4.52643 -8.08844 2.39067 -2.16789 4.06377 11.8947 -14.2853 -7.81843 -6.63946 0.483815 14.8376 -7.08988 -3.44732 -9.6451 2.23067 0.0203407 14.7247 10.9861 -10.3364 0.318212 8.49729 -14.388 7.83095 -1.07829 -2.0157 -14.9664 -15 -2.59088 7.42439 13.207 -13.9274 -3.73008 3.39331 12.5335 2.77662 10.8484 3.75012 1.54157 1.1019 2.11722 0.226794 0.779955 1.36944 3.14944 0.425224 6.6457 3.48542 0.924011 1.82336 -151.353 450.648 153.266 734.72 267.016 136.836 -134.188 -691.557 -116.68 -569.449 179.494 432.442 1.79467 -4.30107 5.28738 -2.0656 0.24215 8.66786 0.570241 1.09827 7.34935 -0.50464 2.85223 -9.14428 9.6182 1.85485 5.13796 11.902 11.2236 8.51009 -7.37039 3.58725 -8.90715 -6.8703 4.43187 12.1117 1.82342 7.49204 -8.11487 -8.96122 9.95945 6.15641 -2.49248 -0.167716 1.22972 0.459724 -3.05668 -5.50999 6.15245 6.08205 -11.0477 -3.59957 -4.23398 -1.68784 4.70188 3.07929 -0.704865 3.82962 2.00255 -6.20457 13.4739 10.5889 -7.5032 -6.90208 4.46587 -5.42232 0.321176 3.49005 5.67238 -3.15398 -11.4459 6.40538 -0.122401 8.7901 -0.274508 4.29478 -4.03576 -2.15285 5.88713 0.196318 3.38662 2.60301 1.0421 2.5056 1.43939 2.53229 2.48873 2.42513 0.679757 9.03385 2.3475 1.07156 1.58629
24 -0.55284 -0.343319 0.305162 0.638309 0.0681214 0.811389 -0.647618 -0.712909 0.35316 -0.0538848 0.571435 0.897742 0.314477 0.153044 0.908709 -0.807772 -0.824626 0.478736 -0.9094 -0.920001 0.467363 -0.473931 -0.143472 -0.646879 0.583565 0.145314 0.80781 0.873074 0.935905 0.172403 -0.748742 0.90323 -0.447386 -0.547469 0.872603 0.770937 0.642681 -0.0304421 -0.769851 -0.57158 0.785613 0.772759 -0.562178 -0.0550301 -0.182198 0.418487 -0.169817 -0.699489 0.691342 0.408282 -0.950794 0.466286 0.515848 0.0369432 -0.930028 0.0947122 0.0982801 -0.616098 0.14612 -0.647562 0.945197 0.724837 -0.587732 -0.073774 0.122181 -0.942571 -0.704306 0.748133 0.549481 -0.392981 -0.410917 0.180078 -0.443287 0.731318 0.0272883 -0.255548 0.152734 -0.308813 -0.0336212 0.683266 0.726417 -0.0329998 -0.149564 -0.0334948 -0.327541 0.508323 0.28964 -0.52671 -0.70731 0.183778 -0.833722 -0.692596 -0.290554 -829.26 -514.979 457.743 957.463 102.182 1217.08 -971.427 -1069.36 529.74 -80.8271 857.152 1346.61 4.71716 2.29567 13.6306 -12.1166 -12.3694 7.18105 -13.641 -13.8 7.01044 -7.10897 -2.15208 -9.70318 8.75348 2.17971 12.1171 13.0961 14.0386 2.58604 -11.2311 13.5484 -6.71079 -8.21203 13.0891 11.5641 9.64021 -0.456631 -11.5478 -8.5737 11.7842 11.5914 -8.43267 -0.825452 -2.73296 6.2773 -2.54725 -10.4923 10.3701 6.12422 -14.2619 6.99429 7.73771 0.554149 -13.9504 1.42068 1.4742 -9.24147 2.19181 -9.71343 14.1779 10.8726 -8.81598 -1.10661 1.83272 -14.1386 -10.5646 11.222 8.24222 -5.89471 -6.16375 2.70118 -6.6493 10.9698 0.409325 -3.83321 2.29102 -4.6322 -0.504318 10.249 3.63916 2.08235 1.84339 2.08134 1.47854 3.19206 2.74376 1.07024 0.700015 8.87833 0.440869 0.730178 1.35472 -260.555 245.967 134.525 763.305 246.871 152.312 -276.161 -746.231 -40.2076 -489.555 94.7104 436.765 2.16746 -4.31455 4.65934 -3.08523 -1.42721 8.54114 -0.289362 0.573952 6.99524 -1.11245 3.33301 -9.47026 9.35244 2.00283 5.23834 11.8387 11.2981 8.11234 -8.32559 4.8844 -8.59096 -7.2689 4.72336 12.1945 2.45891 6.64918 -8.49646 -8.8949 10.3315 5.5949 -2.68494 -0.144544 0.802095 0.800797 -2.19969 -6.27236 5.78421 5.83531 -11.9081 -4.07103 -4.47101 -1.6814 4.63361 2.61901 -0.21694 3.17774 1.93034 -6.53069 13.608 10.5826 -7.5325 -7.24224 4.86866 -5.89492 0.87907 4.29675 5.1945 -4.37851 -11.2303 5.75078 -0.388043 9.60087 -1.23064 4.48504 -3.38344 -1.96177 4.79706 1.07682 3.44575 2.60181 1.06796 2.37292 1.37472 2.56582 2.43152 2.52636 0.761849 8.9196 2.371 1.03235 1.58769
25 -0.551163 -0.377274 0.295388 0.634656 0.00849667 0.828038 -0.648788 -0.727397 0.368343 -0.0557 0.566029 0.96542 0.34227 0.215725 0.89274 -0.845937 -0.836569 0.565589 -0.979862 -0.875889 0.442602 -0.494585 -0.0863696 -0.654971 0.595881 0.144195 0.841644 0.875693 0.994727 0.166644 -0.784763 0.908786 -0.475164 -0.511801 0.886426 0.821647 0.643638 -0.0480149 -0.801371 -0.584063 0.74642 0.803037 -0.554427 -0.0249469 -0.17668 0.394517 -0.129082 -0.689057 0.6603 0.338454 -0.961974 0.398616 0.540812 0.0158697 -0.929923 0.139335 0.141046 -0.652752 0.157384 -0.627242 0.940161 0.682574 -0.581901 -0.0825614 0.164092 -0.911756 -0.735719 0.716891 0.567707 -0.371464 -0.408841 0.153 -0.469647 0.7552 0.0190174 -0.201358 0.161912 -0.309019 -0.00295124 0.685418 0.743398 -0.0357019 -0.150466 -0.071967 -0.319499 0.492114 0.334967 -0.50933 -0.750735 0.192586 -0.839025 -0.693696 -0.30869 -826.745 -565.911 443.083 951.984 12.745 1242.06 -973.182 -1091.09 552.515 -83.5501 849.043 1448.13 5.13404 3.23587 13.3911 -12.6891 -12.5485 8.48383 -14.6979 -13.1383 6.63903 -7.41878 -1.29554 -9.82457 8.93822 2.16293 12.6247 13.1354 14.9209 2.49966 -11.7714 13.6318 -7.12746 -7.67702 13.2964 12.3247 9.65456 -0.720224 -12.0206 -8.76094 11.1963 12.0456 -8.31641 -0.374203 -2.6502 5.91776 -1.93623 -10.3359 9.9045 5.07681 -14.4296 5.97924 8.11217 0.238046 -13.9488 2.09002 2.11569 -9.79129 2.36076 -9.40863 14.1024 10.2386 -8.72852 -1.23842 2.46138 -13.6763 -11.0358 10.7534 8.5156 -5.57196 -6.13261 2.295 -7.0447 11.328 0.285262 -3.02037 2.42868 -4.63528 -0.0442687 10.2813 3.67397 2.07681 1.84154 2.00247 1.49503 3.15883 2.83668 1.10587 0.610993 8.94439 0.429999 0.727923 1.34566 -392.129 69.4629 56.8081 779.982 244.616 145.066 -343.974 -758.995 14.3223 -285.231 144.565 417.092 2.65947 -4.1456 4.6045 -3.16292 -4.14741 8.3083 -0.456254 -0.361292 7.87324 -0.852731 2.86967 -9.65976 9.74458 1.98867 4.12906 11.9476 11.2023 7.51553 -8.39501 6.2312 -8.30942 -7.63541 3.1809 11.8549 3.58463 6.34166 -9.21916 -8.79982 10.6653 5.14227 -2.86483 -0.188683 0.950866 0.666059 -1.18589 -6.12529 6.12439 5.74972 -12.883 -3.56318 -3.62085 -1.53796 4.96636 0.911013 -0.273999 2.05328 1.7751 -5.65899 13.635 10.3598 -7.97074 -6.55202 4.76885 -7.48742 1.0711 4.63518 4.57243 -5.56974 -11.3813 4.8139 0.347064 9.82239 -2.30314 3.3208 -3.16103 -1.01982 4.36142 1.96834 3.50598 2.53386 1.0906 2.27086 1.35993 2.55147 2.35548 2.47964 0.803593 8.73705 2.35701 1.03892 1.59184
