10 10 10

3.6739650668687744428098085336387 2.0768111267618656334832394350087 1.8415441257895235338537531788461 2.0024676702286252627516205393476 1.4950276458217914843373819167027 3.1588344990755623520328754239017 2.8366819224215524819499023578828 1.1058724795973022825279485914507 0.61099304865843717671225476806285 0.61099304865843717671225476806285 

2.2949998641276878608152856031666 -7.0446980570067170290826652490068 11.327997520596966296579921618104 0.28526151670201782550861935305875 -3.020370287037781764638566528447 2.4286761839800363738106625532964 -4.6352809154787992795831996772904 -0.04426866742296634016362588681659 10.281266997591512080134634743445 10.281266997591512080134634743445 

1 1 1 1 1 1 1 1 1 1 

0 0 0 0 0 0 0 0 0 0 

6  1 5.1340445431937808962175040505826  2 -14.697927648794749444505214341916  3 8.9382157274829356907730470993556  4 -11.771447483696652724916020815726  5 9.6545629754713626624607059056871  6 -8.3164116530123610715463655651547  
6  1 3.235871554932979954344318684889  2 -13.138336662678849364738198346458  3 2.1629251967609000040226874261862  4 13.631791188475109066757795517333  5 -0.72022382913746241239749679152737  6 -0.37420309564695064530326362728374  
6  1 13.391095894514622344217968930025  2 6.6390291092121751503896120993886  3 12.624654695179373220526031218469  4 -7.1274637007159729051863905624487  5 -12.020561706974341120712779229507  6 -2.650199160962528388552073010942  
6  1 -12.689052431561547606975182134192  2 -7.4187822584616016641234637063462  3 13.135401861976314208391158899758  4 -7.677017414259946548327206983231  5 -8.7609386367314296961694708443247  6 5.9177611515299792799282840860542  
6  1 -12.548532464128035357475710043218  2 -1.2955438470551701168886893356103  3 14.920903321266212770979109336622  4 13.296392832744224676844169152901  5 11.196294303901922262411972042173  6 -1.9362323685457207833593429313623  
6  1 8.4838303942680681757337879389524  2 -9.8245720343211608849287586053833  3 2.4996561483266472869502194953384  4 12.324707172422911582998494850472  5 12.045562379546321807310960139148  6 -10.335857087309863189261704974342  
8  1 9.9044961599730321211154659977183  2 -14.429604514729600595046576927416  3 8.1121743656283999968081843690015  4 -13.948837558852952511756484454963  5 2.1156905809728816514336813270347  6 2.3607602309331952028514933772385  7 14.102414202270701082397863501683  8 -8.7285210037728493404074470163323  
8  1 5.0768058312215682548185213818215  2 5.9792432811807678660898091038689  3 0.23804577998858841847429346216813  4 2.0900213373415157391832508437801  5 -9.7912870830888465434327372349799  6 -9.4086325587299572958954740897752  7 10.238614472800271926189452642575  8 -1.2384215155135751551540579384891  
7  1 2.4613801976711964236699259345187  2 -13.676340913325452319782016274985  3 -11.035781658347699973887756641489  4 10.753359883274340447201211645734  5 8.5156031588211629212992193060927  6 -5.5719640419715199541883521305863  9 -6.1326124036254192617434455314651  
7  1 2.4613801976711964236699259345187  2 -13.676340913325452319782016274985  3 -11.035781658347699973887756641489  4 10.753359883274340447201211645734  5 8.5156031588211629212992193060927  6 -5.5719640419715199541883521305863  10 -6.1326124036254192617434455314651  

0  
0  
0  
0  
0  
0  
0  
0  
0  
0  
