50.02 1.63208
50.03 1.63206
50.04 1.63203
50.05 1.632
50.06 1.63197
50.07 1.63195
50.08 1.63192
50.09 1.63189
50.1 1.63187
50.11 1.63184
50.12 1.63182
50.13 1.63179
50.14 1.63176
50.15 1.63174
50.16 1.63171
50.17 1.63169
50.18 1.63166
50.19 1.63164
50.2 1.63162
50.21 1.63159
50.22 1.63157
50.23 1.63155
50.24 1.63152
50.25 1.6315
50.26 1.63148
50.27 1.63146
50.28 1.63144
50.29 1.63142
50.3 1.63139
50.31 1.63138
50.32 1.63136
50.33 1.63134
50.34 1.63132
50.35 1.6313
50.36 1.63128
50.37 1.63127
50.38 1.63125
50.39 1.63123
50.4 1.63122
50.41 1.6312
50.42 1.63119
50.43 1.63117
50.44 1.63116
50.45 1.63115
50.46 1.63113
50.47 1.63112
50.48 1.63111
50.49 1.6311
50.5 1.63109
50.51 1.63107
50.52 1.63106
50.53 1.63105
50.54 1.63105
50.55 1.63104
50.56 1.63103
50.57 1.63102
50.58 1.63101
50.59 1.63101
50.6 1.631
50.61 1.63099
50.62 1.63099
50.63 1.63098
50.64 1.63098
50.65 1.63097
50.66 1.63097
50.67 1.63096
50.68 1.63096
50.69 1.63096
50.7 1.63096
50.71 1.63095
50.72 1.63095
50.73 1.63095
50.74 1.63095
50.75 1.63095
50.76 1.63095
50.77 1.63095
50.78 1.63095
50.79 1.63095
50.8 1.63095
50.81 1.63095
50.82 1.63095
50.83 1.63094
50.84 1.63094
50.85 1.63093
50.86 1.63093
50.87 1.63092
50.88 1.63091
50.89 1.6309
50.9 1.6309
50.91 1.63089
50.92 1.63087
50.93 1.63086
50.94 1.63085
50.95 1.63084
50.96 1.63082
50.97 1.63081
50.98 1.63079
50.99 1.63077
51 1.63075
51.01 1.63073
51.02 1.63071
51.03 1.63069
51.04 1.63067
51.05 1.63065
51.06 1.63063
51.07 1.6306
51.08 1.63058
51.09 1.63055
51.1 1.63053
51.11 1.6305
51.12 1.63048
51.13 1.63045
51.14 1.63042
51.15 1.6304
51.16 1.63037
51.17 1.63035
51.18 1.63032
51.19 1.6303
51.2 1.63027
51.21 1.63025
51.22 1.63023
51.23 1.6302
51.24 1.63018
51.25 1.63016
51.26 1.63013
51.27 1.63011
51.28 1.63009
51.29 1.63007
51.3 1.63005
51.31 1.63003
51.32 1.63001
51.33 1.62999
51.34 1.62998
51.35 1.62996
51.36 1.62994
51.37 1.62992
51.38 1.62991
51.39 1.62989
51.4 1.62988
51.41 1.62986
51.42 1.62985
51.43 1.62983
51.44 1.62982
51.45 1.62981
51.46 1.62979
51.47 1.62978
51.48 1.62977
51.49 1.62975
51.5 1.62974
51.51 1.62973
51.52 1.62972
51.53 1.62971
51.54 1.62969
51.55 1.62968
51.56 1.62967
51.57 1.62966
51.58 1.62965
51.59 1.62964
51.6 1.62963
51.61 1.62962
51.62 1.62961
51.63 1.6296
51.64 1.62959
51.65 1.62958
51.66 1.62957
51.67 1.62957
51.68 1.62956
51.69 1.62955
51.7 1.62954
51.71 1.62953
51.72 1.62952
51.73 1.62951
51.74 1.62951
51.75 1.6295
51.76 1.62949
51.77 1.62948
51.78 1.62947
51.79 1.62947
51.8 1.62946
51.81 1.62945
51.82 1.62944
51.83 1.62944
51.84 1.62943
51.85 1.62942
51.86 1.62942
51.87 1.62941
51.88 1.6294
51.89 1.62939
51.9 1.62939
51.91 1.62938
51.92 1.62937
51.93 1.62937
51.94 1.62936
51.95 1.62936
51.96 1.62935
51.97 1.62934
51.98 1.62934
51.99 1.62933
52 1.62933
52.01 1.62932
52.02 1.62932
52.03 1.62931
52.04 1.62931
52.05 1.6293
52.06 1.6293
52.07 1.62929
52.08 1.62929
52.09 1.62928
52.1 1.62928
52.11 1.62927
52.12 1.62927
52.13 1.62927
52.14 1.62926
52.15 1.62926
52.16 1.62926
52.17 1.62925
52.18 1.62925
52.19 1.62925
52.2 1.62925
52.21 1.62924
52.22 1.62924
52.23 1.62924
52.24 1.62924
52.25 1.62924
52.26 1.62924
52.27 1.62923
52.28 1.62923
52.29 1.62923
52.3 1.62923
52.31 1.62923
52.32 1.62923
52.33 1.62923
52.34 1.62923
52.35 1.62924
52.36 1.62924
52.37 1.62924
52.38 1.62924
52.39 1.62924
52.4 1.62924
52.41 1.62924
52.42 1.62925
52.43 1.62925
52.44 1.62925
52.45 1.62925
52.46 1.62925
52.47 1.62926
52.48 1.62926
52.49 1.62926
52.5 1.62927
52.51 1.62927
52.52 1.62927
52.53 1.62927
52.54 1.62928
52.55 1.62928
52.56 1.62928
52.57 1.62929
52.58 1.62929
52.59 1.62929
52.6 1.6293
52.61 1.6293
52.62 1.6293
52.63 1.62931
52.64 1.62931
52.65 1.62931
52.66 1.62932
52.67 1.62932
52.68 1.62932
52.69 1.62932
52.7 1.62933
52.71 1.62933
52.72 1.62933
52.73 1.62934
52.74 1.62934
52.75 1.62934
52.76 1.62934
52.77 1.62935
52.78 1.62935
52.79 1.62935
52.8 1.62935
52.81 1.62935
52.82 1.62935
52.83 1.62936
52.84 1.62936
52.85 1.62936
52.86 1.62936
52.87 1.62936
52.88 1.62936
52.89 1.62936
52.9 1.62936
52.91 1.62936
52.92 1.62936
52.93 1.62936
52.94 1.62936
52.95 1.62936
52.96 1.62937
52.97 1.62937
52.98 1.62937
52.99 1.62937
53 1.62938
53.01 1.62938
53.02 1.62938
53.03 1.62939
53.04 1.6294
53.05 1.6294
53.06 1.62941
53.07 1.62942
53.08 1.62942
53.09 1.62943
53.1 1.62944
53.11 1.62945
53.12 1.62946
53.13 1.62947
53.14 1.62949
53.15 1.6295
53.16 1.62951
53.17 1.62953
53.18 1.62954
53.19 1.62956
53.2 1.62958
53.21 1.62959
53.22 1.62961
53.23 1.62963
53.24 1.62965
53.25 1.62967
53.26 1.62969
53.27 1.62971
53.28 1.62973
53.29 1.62975
53.3 1.62977
53.31 1.62979
53.32 1.62981
53.33 1.62983
53.34 1.62985
53.35 1.62987
53.36 1.62989
53.37 1.62992
53.38 1.62994
53.39 1.62996
53.4 1.62998
53.41 1.63
53.42 1.63002
53.43 1.63004
53.44 1.63006
53.45 1.63008
53.46 1.6301
53.47 1.63012
53.48 1.63014
53.49 1.63016
53.5 1.63018
53.51 1.6302
53.52 1.63022
53.53 1.63024
53.54 1.63026
53.55 1.63028
53.56 1.6303
53.57 1.63032
53.58 1.63033
53.59 1.63035
53.6 1.63037
53.61 1.63039
53.62 1.63041
53.63 1.63043
53.64 1.63045
53.65 1.63046
53.66 1.63048
53.67 1.6305
53.68 1.63052
53.69 1.63054
53.7 1.63055
53.71 1.63057
53.72 1.63059
53.73 1.63061
53.74 1.63063
53.75 1.63064
53.76 1.63066
53.77 1.63068
53.78 1.6307
53.79 1.63072
53.8 1.63073
53.81 1.63075
53.82 1.63077
53.83 1.63079
53.84 1.63081
53.85 1.63083
53.86 1.63084
53.87 1.63086
53.88 1.63088
53.89 1.6309
53.9 1.63092
53.91 1.63094
53.92 1.63095
53.93 1.63097
53.94 1.63099
53.95 1.63101
53.96 1.63103
53.97 1.63105
53.98 1.63107
53.99 1.63109
54 1.63111
54.01 1.63113
54.02 1.63115
54.03 1.63117
54.04 1.63119
54.05 1.63121
54.06 1.63123
54.07 1.63125
54.08 1.63127
54.09 1.63129
54.1 1.63131
54.11 1.63133
54.12 1.63135
54.13 1.63137
54.14 1.63139
54.15 1.63141
54.16 1.63143
54.17 1.63146
54.18 1.63148
54.19 1.6315
54.2 1.63152
54.21 1.63154
54.22 1.63156
54.23 1.63158
54.24 1.6316
54.25 1.63162
54.26 1.63164
54.27 1.63167
54.28 1.63169
54.29 1.63171
54.3 1.63173
54.31 1.63175
54.32 1.63177
54.33 1.63179
54.34 1.63181
54.35 1.63183
54.36 1.63185
54.37 1.63187
54.38 1.63189
54.39 1.63191
54.4 1.63193
54.41 1.63194
54.42 1.63196
54.43 1.63198
54.44 1.632
54.45 1.63201
54.46 1.63203
54.47 1.63205
54.48 1.63206
54.49 1.63208
54.5 1.6321
54.51 1.63211
54.52 1.63213
54.53 1.63214
54.54 1.63216
54.55 1.63217
54.56 1.63218
54.57 1.6322
54.58 1.63221
54.59 1.63222
54.6 1.63223
54.61 1.63224
54.62 1.63226
54.63 1.63227
54.64 1.63228
54.65 1.63229
54.66 1.6323
54.67 1.6323
54.68 1.63231
54.69 1.63232
54.7 1.63233
54.71 1.63234
54.72 1.63235
54.73 1.63235
54.74 1.63236
54.75 1.63237
54.76 1.63237
54.77 1.63238
54.78 1.63238
54.79 1.63239
54.8 1.63239
54.81 1.6324
54.82 1.6324
54.83 1.6324
54.84 1.63241
54.85 1.63241
54.86 1.63241
54.87 1.63242
54.88 1.63242
54.89 1.63242
54.9 1.63242
54.91 1.63242
54.92 1.63242
54.93 1.63243
54.94 1.63243
54.95 1.63243
54.96 1.63243
54.97 1.63242
54.98 1.63242
54.99 1.63242
55 1.63242
55.01 1.63242
55.02 1.63243
55.03 1.63243
55.04 1.63243
55.05 1.63244
55.06 1.63244
55.07 1.63245
55.08 1.63245
55.09 1.63246
55.1 1.63246
55.11 1.63247
55.12 1.63248
55.13 1.63248
55.14 1.63249
55.15 1.6325
55.16 1.63251
55.17 1.63252
55.18 1.63253
55.19 1.63254
55.2 1.63255
55.21 1.63256
55.22 1.63258
55.23 1.63259
55.24 1.6326
55.25 1.63261
55.26 1.63263
55.27 1.63264
55.28 1.63266
55.29 1.63267
55.3 1.63269
55.31 1.6327
55.32 1.63271
55.33 1.63273
55.34 1.63274
55.35 1.63276
55.36 1.63277
55.37 1.63278
55.38 1.6328
55.39 1.63281
55.4 1.63282
55.41 1.63283
55.42 1.63285
55.43 1.63286
55.44 1.63287
55.45 1.63288
55.46 1.63289
55.47 1.6329
55.48 1.63291
55.49 1.63292
55.5 1.63293
55.51 1.63294
55.52 1.63294
55.53 1.63295
55.54 1.63296
55.55 1.63297
55.56 1.63297
55.57 1.63298
55.58 1.63298
55.59 1.63299
55.6 1.633
55.61 1.633
55.62 1.63301
55.63 1.63301
55.64 1.63301
55.65 1.63302
55.66 1.63302
55.67 1.63303
55.68 1.63303
55.69 1.63303
55.7 1.63304
55.71 1.63304
55.72 1.63304
55.73 1.63304
55.74 1.63305
55.75 1.63305
55.76 1.63305
55.77 1.63305
55.78 1.63305
55.79 1.63306
55.8 1.63306
55.81 1.63306
55.82 1.63306
55.83 1.63306
55.84 1.63306
55.85 1.63306
55.86 1.63306
55.87 1.63306
55.88 1.63306
55.89 1.63306
55.9 1.63306
55.91 1.63306
55.92 1.63306
55.93 1.63306
55.94 1.63306
55.95 1.63306
55.96 1.63306
55.97 1.63306
55.98 1.63306
55.99 1.63306
56 1.63306
56.01 1.63306
56.02 1.63306
56.03 1.63306
56.04 1.63306
56.05 1.63306
56.06 1.63305
56.07 1.63305
56.08 1.63305
56.09 1.63305
56.1 1.63305
56.11 1.63305
56.12 1.63304
56.13 1.63304
56.14 1.63304
56.15 1.63304
56.16 1.63303
56.17 1.63303
56.18 1.63303
56.19 1.63303
56.2 1.63302
56.21 1.63302
56.22 1.63302
56.23 1.63301
56.24 1.63301
56.25 1.63301
56.26 1.633
56.27 1.633
56.28 1.633
56.29 1.63299
56.3 1.63299
56.31 1.63299
56.32 1.63298
56.33 1.63298
56.34 1.63297
56.35 1.63297
56.36 1.63296
56.37 1.63296
56.38 1.63295
56.39 1.63295
56.4 1.63294
56.41 1.63294
56.42 1.63293
56.43 1.63293
56.44 1.63292
56.45 1.63292
56.46 1.63291
56.47 1.63291
56.48 1.6329
56.49 1.6329
56.5 1.63289
56.51 1.63289
56.52 1.63288
56.53 1.63288
56.54 1.63287
56.55 1.63286
56.56 1.63286
56.57 1.63285
56.58 1.63285
56.59 1.63284
56.6 1.63284
56.61 1.63283
56.62 1.63283
56.63 1.63282
56.64 1.63282
56.65 1.63281
56.66 1.63281
56.67 1.6328
56.68 1.63279
56.69 1.63279
56.7 1.63279
56.71 1.63278
56.72 1.63278
56.73 1.63277
56.74 1.63277
56.75 1.63276
56.76 1.63276
56.77 1.63275
56.78 1.63275
56.79 1.63275
56.8 1.63274
56.81 1.63274
56.82 1.63273
56.83 1.63273
56.84 1.63273
56.85 1.63272
56.86 1.63272
56.87 1.63272
56.88 1.63271
56.89 1.63271
56.9 1.63271
56.91 1.63271
56.92 1.6327
56.93 1.6327
56.94 1.6327
56.95 1.6327
56.96 1.6327
56.97 1.63269
56.98 1.63269
56.99 1.63269
57 1.63269
57.01 1.63269
57.02 1.63269
57.03 1.63269
57.04 1.63269
57.05 1.63268
57.06 1.63268
57.07 1.63268
57.08 1.63268
57.09 1.63268
57.1 1.63268
57.11 1.63268
57.12 1.63268
57.13 1.63268
57.14 1.63268
57.15 1.63268
57.16 1.63268
57.17 1.63267
57.18 1.63267
57.19 1.63267
57.2 1.63267
57.21 1.63266
57.22 1.63266
57.23 1.63266
57.24 1.63265
57.25 1.63265
57.26 1.63264
57.27 1.63263
57.28 1.63263
57.29 1.63262
57.3 1.63261
57.31 1.63261
57.32 1.6326
57.33 1.63259
57.34 1.63258
57.35 1.63257
57.36 1.63256
57.37 1.63255
57.38 1.63254
57.39 1.63253
57.4 1.63252
57.41 1.63251
57.42 1.6325
57.43 1.63249
57.44 1.63248
57.45 1.63247
57.46 1.63246
57.47 1.63244
57.48 1.63243
57.49 1.63242
57.5 1.63241
57.51 1.6324
57.52 1.63239
57.53 1.63238
57.54 1.63237
57.55 1.63235
57.56 1.63234
57.57 1.63233
57.58 1.63232
57.59 1.63231
57.6 1.6323
57.61 1.63229
57.62 1.63228
57.63 1.63227
57.64 1.63226
57.65 1.63225
57.66 1.63224
57.67 1.63223
57.68 1.63222
57.69 1.63222
57.7 1.63221
57.71 1.6322
57.72 1.63219
57.73 1.63218
57.74 1.63217
57.75 1.63216
57.76 1.63216
57.77 1.63215
57.78 1.63214
57.79 1.63213
57.8 1.63213
57.81 1.63212
57.82 1.63211
57.83 1.6321
57.84 1.6321
57.85 1.63209
57.86 1.63208
57.87 1.63208
57.88 1.63207
57.89 1.63206
57.9 1.63205
57.91 1.63205
57.92 1.63204
57.93 1.63203
57.94 1.63203
57.95 1.63202
57.96 1.63201
57.97 1.63201
57.98 1.632
57.99 1.63199
58 1.63199
58.01 1.63198
58.02 1.63198
58.03 1.63197
58.04 1.63196
58.05 1.63196
58.06 1.63195
58.07 1.63194
58.08 1.63194
58.09 1.63193
58.1 1.63193
58.11 1.63192
58.12 1.63191
58.13 1.63191
58.14 1.6319
58.15 1.63189
58.16 1.63189
58.17 1.63188
58.18 1.63187
58.19 1.63187
58.2 1.63186
58.21 1.63186
58.22 1.63185
58.23 1.63184
58.24 1.63184
58.25 1.63183
58.26 1.63182
58.27 1.63182
58.28 1.63181
58.29 1.6318
58.3 1.6318
58.31 1.63179
58.32 1.63179
58.33 1.63178
58.34 1.63177
58.35 1.63177
58.36 1.63176
58.37 1.63175
58.38 1.63175
58.39 1.63174
58.4 1.63173
58.41 1.63173
58.42 1.63172
58.43 1.63171
58.44 1.63171
58.45 1.6317
58.46 1.6317
58.47 1.63169
58.48 1.63168
58.49 1.63168
58.5 1.63167
58.51 1.63166
58.52 1.63166
58.53 1.63165
58.54 1.63165
58.55 1.63164
58.56 1.63163
58.57 1.63163
58.58 1.63162
58.59 1.63162
58.6 1.63161
58.61 1.63161
58.62 1.6316
58.63 1.6316
58.64 1.63159
58.65 1.63158
58.66 1.63158
58.67 1.63157
58.68 1.63157
58.69 1.63157
58.7 1.63156
58.71 1.63156
58.72 1.63155
58.73 1.63155
58.74 1.63154
58.75 1.63154
58.76 1.63153
58.77 1.63153
58.78 1.63153
58.79 1.63152
58.8 1.63152
58.81 1.63152
58.82 1.63151
58.83 1.63151
58.84 1.63151
58.85 1.6315
58.86 1.6315
58.87 1.6315
58.88 1.63149
58.89 1.63149
58.9 1.63149
58.91 1.63149
58.92 1.63148
58.93 1.63148
58.94 1.63148
58.95 1.63148
58.96 1.63148
58.97 1.63147
58.98 1.63147
58.99 1.63147
59 1.63147
59.01 1.63147
59.02 1.63147
59.03 1.63147
59.04 1.63146
59.05 1.63146
59.06 1.63146
59.07 1.63146
59.08 1.63146
59.09 1.63146
59.1 1.63146
59.11 1.63146
59.12 1.63146
59.13 1.63146
59.14 1.63146
59.15 1.63146
59.16 1.63146
59.17 1.63146
59.18 1.63146
59.19 1.63146
59.2 1.63146
59.21 1.63146
59.22 1.63146
59.23 1.63146
59.24 1.63145
59.25 1.63145
59.26 1.63145
59.27 1.63145
59.28 1.63145
59.29 1.63145
59.3 1.63144
59.31 1.63144
59.32 1.63144
59.33 1.63144
59.34 1.63143
59.35 1.63143
59.36 1.63143
59.37 1.63142
59.38 1.63142
59.39 1.63141
59.4 1.63141
59.41 1.63141
59.42 1.6314
59.43 1.6314
59.44 1.63139
59.45 1.63138
59.46 1.63138
59.47 1.63137
59.48 1.63137
59.49 1.63136
59.5 1.63135
59.51 1.63135
59.52 1.63134
59.53 1.63134
59.54 1.63133
59.55 1.63132
59.56 1.63132
59.57 1.63131
59.58 1.6313
59.59 1.6313
59.6 1.63129
59.61 1.63128
59.62 1.63128
59.63 1.63127
59.64 1.63127
59.65 1.63126
59.66 1.63126
59.67 1.63125
59.68 1.63124
59.69 1.63124
59.7 1.63123
59.71 1.63123
59.72 1.63122
59.73 1.63122
59.74 1.63121
59.75 1.63121
59.76 1.6312
59.77 1.6312
59.78 1.6312
59.79 1.63119
59.8 1.63119
59.81 1.63118
59.82 1.63118
59.83 1.63118
59.84 1.63117
59.85 1.63117
59.86 1.63116
59.87 1.63116
59.88 1.63116
59.89 1.63115
59.9 1.63115
59.91 1.63115
59.92 1.63114
59.93 1.63114
59.94 1.63114
59.95 1.63113
59.96 1.63113
59.97 1.63113
59.98 1.63113
59.99 1.63112
60 1.63112
60.01 1.63112
60.02 1.63111
60.03 1.63111
60.04 1.63111
60.05 1.63111
60.06 1.6311
60.07 1.6311
60.08 1.6311
60.09 1.63109
60.1 1.63109
60.11 1.63109
60.12 1.63109
60.13 1.63108
60.14 1.63108
60.15 1.63108
60.16 1.63108
60.17 1.63107
60.18 1.63107
60.19 1.63107
60.2 1.63107
60.21 1.63107
60.22 1.63106
60.23 1.63106
60.24 1.63106
60.25 1.63106
60.26 1.63105
60.27 1.63105
60.28 1.63105
60.29 1.63105
60.3 1.63104
60.31 1.63104
60.32 1.63104
60.33 1.63104
60.34 1.63104
60.35 1.63103
60.36 1.63103
60.37 1.63103
60.38 1.63103
60.39 1.63103
60.4 1.63102
60.41 1.63102
60.42 1.63102
60.43 1.63102
60.44 1.63102
60.45 1.63102
60.46 1.63101
60.47 1.63101
60.48 1.63101
60.49 1.63101
60.5 1.63101
60.51 1.63101
60.52 1.631
60.53 1.631
60.54 1.631
60.55 1.631
60.56 1.631
60.57 1.631
60.58 1.631
60.59 1.63099
60.6 1.63099
60.61 1.63099
60.62 1.63099
60.63 1.63099
60.64 1.63099
60.65 1.63099
60.66 1.63099
60.67 1.63099
60.68 1.63099
60.69 1.63099
60.7 1.63099
60.71 1.63099
60.72 1.63099
60.73 1.63099
60.74 1.63099
60.75 1.63098
60.76 1.63098
60.77 1.63098
60.78 1.63098
60.79 1.63099
60.8 1.63099
60.81 1.63099
60.82 1.63099
60.83 1.63099
60.84 1.63099
60.85 1.63099
60.86 1.63099
60.87 1.63099
60.88 1.63099
60.89 1.63099
60.9 1.63099
60.91 1.63099
60.92 1.63099
60.93 1.63099
60.94 1.63099
60.95 1.63099
60.96 1.63099
60.97 1.63099
60.98 1.63099
60.99 1.631
61 1.631
61.01 1.631
61.02 1.631
61.03 1.631
61.04 1.631
61.05 1.631
61.06 1.631
61.07 1.631
61.08 1.631
61.09 1.631
61.1 1.631
61.11 1.631
61.12 1.63101
61.13 1.63101
61.14 1.63101
61.15 1.63101
61.16 1.63101
61.17 1.63101
61.18 1.63101
61.19 1.63101
61.2 1.63101
61.21 1.63101
61.22 1.63101
61.23 1.63101
61.24 1.63101
61.25 1.63101
61.26 1.63101
61.27 1.63101
61.28 1.63101
61.29 1.63101
61.3 1.63101
61.31 1.63101
61.32 1.63101
61.33 1.63101
61.34 1.63101
61.35 1.63101
61.36 1.63101
61.37 1.63102
61.38 1.63102
61.39 1.63102
61.4 1.63102
61.41 1.63102
61.42 1.63102
61.43 1.63102
61.44 1.63102
61.45 1.63102
61.46 1.63103
61.47 1.63103
61.48 1.63103
61.49 1.63103
61.5 1.63104
61.51 1.63104
61.52 1.63104
61.53 1.63105
61.54 1.63105
61.55 1.63105
61.56 1.63106
61.57 1.63106
61.58 1.63107
61.59 1.63107
61.6 1.63107
61.61 1.63108
61.62 1.63108
61.63 1.63109
61.64 1.6311
61.65 1.6311
61.66 1.63111
61.67 1.63111
61.68 1.63112
61.69 1.63113
61.7 1.63113
61.71 1.63114
61.72 1.63114
61.73 1.63115
61.74 1.63116
61.75 1.63116
61.76 1.63117
61.77 1.63117
61.78 1.63118
61.79 1.63119
61.8 1.63119
61.81 1.6312
61.82 1.63121
61.83 1.63121
61.84 1.63122
61.85 1.63122
61.86 1.63123
61.87 1.63124
61.88 1.63124
61.89 1.63125
61.9 1.63126
61.91 1.63126
61.92 1.63127
61.93 1.63127
61.94 1.63128
61.95 1.63128
61.96 1.63129
61.97 1.6313
61.98 1.6313
61.99 1.63131
62 1.63131
62.01 1.63132
62.02 1.63133
62.03 1.63133
62.04 1.63134
62.05 1.63134
62.06 1.63135
62.07 1.63135
62.08 1.63136
62.09 1.63136
62.1 1.63137
62.11 1.63138
62.12 1.63138
62.13 1.63139
62.14 1.63139
62.15 1.6314
62.16 1.6314
62.17 1.63141
62.18 1.63142
62.19 1.63142
62.2 1.63143
62.21 1.63143
62.22 1.63144
62.23 1.63144
62.24 1.63145
62.25 1.63146
62.26 1.63146
62.27 1.63147
62.28 1.63147
62.29 1.63148
62.3 1.63148
62.31 1.63149
62.32 1.6315
62.33 1.6315
62.34 1.63151
62.35 1.63151
62.36 1.63152
62.37 1.63153
62.38 1.63153
62.39 1.63154
62.4 1.63154
62.41 1.63155
62.42 1.63156
62.43 1.63156
62.44 1.63157
62.45 1.63158
62.46 1.63158
62.47 1.63159
62.48 1.63159
62.49 1.6316
62.5 1.63161
62.51 1.63161
62.52 1.63162
62.53 1.63163
62.54 1.63163
62.55 1.63164
62.56 1.63165
62.57 1.63165
62.58 1.63166
62.59 1.63167
62.6 1.63167
62.61 1.63168
62.62 1.63169
62.63 1.63169
62.64 1.6317
62.65 1.63171
62.66 1.63171
62.67 1.63172
62.68 1.63173
62.69 1.63173
62.7 1.63174
62.71 1.63175
62.72 1.63175
62.73 1.63176
62.74 1.63177
62.75 1.63177
62.76 1.63178
62.77 1.63178
62.78 1.63179
62.79 1.6318
62.8 1.6318
62.81 1.63181
62.82 1.63181
62.83 1.63182
62.84 1.63182
62.85 1.63183
62.86 1.63184
62.87 1.63184
62.88 1.63185
62.89 1.63185
62.9 1.63186
62.91 1.63186
62.92 1.63186
62.93 1.63187
62.94 1.63187
62.95 1.63188
62.96 1.63188
62.97 1.63189
62.98 1.63189
62.99 1.63189
63 1.6319
63.01 1.6319
63.02 1.6319
63.03 1.63191
63.04 1.63191
63.05 1.63191
63.06 1.63192
63.07 1.63192
63.08 1.63192
63.09 1.63193
63.1 1.63193
63.11 1.63193
63.12 1.63193
63.13 1.63193
63.14 1.63194
63.15 1.63194
63.16 1.63194
63.17 1.63194
63.18 1.63194
63.19 1.63194
63.2 1.63195
63.21 1.63195
63.22 1.63195
63.23 1.63195
63.24 1.63195
63.25 1.63195
63.26 1.63195
63.27 1.63195
63.28 1.63195
63.29 1.63195
63.3 1.63195
63.31 1.63196
63.32 1.63196
63.33 1.63196
63.34 1.63196
63.35 1.63196
63.36 1.63196
63.37 1.63196
63.38 1.63196
63.39 1.63195
63.4 1.63196
63.41 1.63196
63.42 1.63196
63.43 1.63196
63.44 1.63196
63.45 1.63196
63.46 1.63196
63.47 1.63196
63.48 1.63196
63.49 1.63197
63.5 1.63197
63.51 1.63197
63.52 1.63197
63.53 1.63197
63.54 1.63198
63.55 1.63198
63.56 1.63198
63.57 1.63198
63.58 1.63199
63.59 1.63199
63.6 1.63199
63.61 1.632
63.62 1.632
63.63 1.632
63.64 1.63201
63.65 1.63201
63.66 1.63201
63.67 1.63202
63.68 1.63202
63.69 1.63203
63.7 1.63203
63.71 1.63203
63.72 1.63204
63.73 1.63204
63.74 1.63205
63.75 1.63205
63.76 1.63205
63.77 1.63206
63.78 1.63206
63.79 1.63206
63.8 1.63207
63.81 1.63207
63.82 1.63207
63.83 1.63207
63.84 1.63208
63.85 1.63208
63.86 1.63208
63.87 1.63208
63.88 1.63209
63.89 1.63209
63.9 1.63209
63.91 1.63209
63.92 1.63209
63.93 1.6321
63.94 1.6321
63.95 1.6321
63.96 1.6321
63.97 1.6321
63.98 1.6321
63.99 1.6321
64 1.6321
64.01 1.63211
64.02 1.63211
64.03 1.63211
64.04 1.63211
64.05 1.63211
64.06 1.63211
64.07 1.63211
64.08 1.63211
64.09 1.63211
64.1 1.63211
64.11 1.63211
64.12 1.63211
64.13 1.63211
64.14 1.63211
64.15 1.63211
64.16 1.63211
64.17 1.63211
64.18 1.63211
64.19 1.63211
64.2 1.63211
64.21 1.63211
64.22 1.63211
64.23 1.63211
64.24 1.63211
64.25 1.63211
64.26 1.63211
64.27 1.63211
64.28 1.63211
64.29 1.63211
64.3 1.6321
64.31 1.6321
64.32 1.6321
64.33 1.6321
64.34 1.6321
64.35 1.6321
64.36 1.6321
64.37 1.6321
64.38 1.6321
64.39 1.6321
64.4 1.6321
64.41 1.6321
64.42 1.63209
64.43 1.63209
64.44 1.63209
64.45 1.63209
64.46 1.63209
64.47 1.63209
64.48 1.63209
64.49 1.63209
64.5 1.63208
64.51 1.63208
64.52 1.63208
64.53 1.63208
64.54 1.63208
64.55 1.63208
64.56 1.63208
64.57 1.63207
64.58 1.63207
64.59 1.63207
64.6 1.63207
64.61 1.63207
64.62 1.63207
64.63 1.63206
64.64 1.63206
64.65 1.63206
64.66 1.63206
64.67 1.63206
64.68 1.63205
64.69 1.63205
64.7 1.63205
64.71 1.63205
64.72 1.63205
64.73 1.63204
64.74 1.63204
64.75 1.63204
64.76 1.63204
64.77 1.63204
64.78 1.63203
64.79 1.63203
64.8 1.63203
64.81 1.63203
64.82 1.63202
64.83 1.63202
64.84 1.63202
64.85 1.63202
64.86 1.63201
64.87 1.63201
64.88 1.63201
64.89 1.63201
64.9 1.63201
64.91 1.632
64.92 1.632
64.93 1.632
64.94 1.632
64.95 1.63199
64.96 1.63199
64.97 1.63199
64.98 1.63199
64.99 1.63198
65 1.63198
65.01 1.63198
65.02 1.63198
65.03 1.63198
65.04 1.63197
65.05 1.63197
65.06 1.63197
65.07 1.63197
65.08 1.63197
65.09 1.63196
65.1 1.63196
65.11 1.63196
65.12 1.63196
65.13 1.63196
65.14 1.63195
65.15 1.63195
65.16 1.63195
65.17 1.63195
65.18 1.63195
65.19 1.63195
65.2 1.63195
65.21 1.63194
65.22 1.63194
65.23 1.63194
65.24 1.63194
65.25 1.63194
65.26 1.63194
65.27 1.63194
65.28 1.63194
65.29 1.63193
65.3 1.63193
65.31 1.63193
65.32 1.63193
65.33 1.63193
65.34 1.63193
65.35 1.63193
65.36 1.63193
65.37 1.63193
65.38 1.63193
65.39 1.63193
65.4 1.63193
65.41 1.63193
65.42 1.63193
65.43 1.63193
65.44 1.63193
65.45 1.63193
65.46 1.63193
65.47 1.63193
65.48 1.63193
65.49 1.63193
65.5 1.63193
65.51 1.63193
65.52 1.63192
65.53 1.63192
65.54 1.63192
65.55 1.63192
65.56 1.63192
65.57 1.63192
65.58 1.63192
65.59 1.63192
65.6 1.63192
65.61 1.63192
65.62 1.63192
65.63 1.63192
65.64 1.63191
65.65 1.63191
65.66 1.63191
65.67 1.63191
65.68 1.63191
65.69 1.6319
65.7 1.6319
65.71 1.6319
65.72 1.6319
65.73 1.63189
65.74 1.63189
65.75 1.63189
65.76 1.63189
65.77 1.63188
65.78 1.63188
65.79 1.63188
65.8 1.63187
65.81 1.63187
65.82 1.63187
65.83 1.63186
65.84 1.63186
65.85 1.63186
65.86 1.63185
65.87 1.63185
65.88 1.63184
65.89 1.63184
65.9 1.63184
65.91 1.63183
65.92 1.63183
65.93 1.63183
65.94 1.63182
65.95 1.63182
65.96 1.63182
65.97 1.63182
65.98 1.63181
65.99 1.63181
66 1.63181
66.01 1.6318
66.02 1.6318
66.03 1.6318
66.04 1.6318
66.05 1.63179
66.06 1.63179
66.07 1.63179
66.08 1.63179
66.09 1.63178
66.1 1.63178
66.11 1.63178
66.12 1.63178
66.13 1.63177
66.14 1.63177
66.15 1.63177
66.16 1.63177
66.17 1.63177
66.18 1.63176
66.19 1.63176
66.2 1.63176
66.21 1.63176
66.22 1.63176
66.23 1.63175
66.24 1.63175
66.25 1.63175
66.26 1.63175
66.27 1.63175
66.28 1.63175
66.29 1.63174
66.3 1.63174
66.31 1.63174
66.32 1.63174
66.33 1.63174
66.34 1.63174
66.35 1.63173
66.36 1.63173
66.37 1.63173
66.38 1.63173
66.39 1.63173
66.4 1.63173
66.41 1.63173
66.42 1.63172
66.43 1.63172
66.44 1.63172
66.45 1.63172
66.46 1.63172
66.47 1.63172
66.48 1.63172
66.49 1.63171
66.5 1.63171
66.51 1.63171
66.52 1.63171
66.53 1.63171
66.54 1.63171
66.55 1.63171
66.56 1.6317
66.57 1.6317
66.58 1.6317
66.59 1.6317
66.6 1.6317
66.61 1.6317
66.62 1.6317
66.63 1.6317
66.64 1.63169
66.65 1.63169
66.66 1.63169
66.67 1.63169
66.68 1.63169
66.69 1.63169
66.7 1.63169
66.71 1.63169
66.72 1.63168
66.73 1.63168
66.74 1.63168
66.75 1.63168
66.76 1.63168
66.77 1.63168
66.78 1.63168
66.79 1.63168
66.8 1.63167
66.81 1.63167
66.82 1.63167
66.83 1.63167
66.84 1.63167
66.85 1.63167
66.86 1.63167
66.87 1.63167
66.88 1.63166
66.89 1.63166
66.9 1.63166
66.91 1.63166
66.92 1.63166
66.93 1.63166
66.94 1.63166
66.95 1.63166
66.96 1.63166
66.97 1.63165
66.98 1.63165
66.99 1.63165
67 1.63165
67.01 1.63165
67.02 1.63165
67.03 1.63165
67.04 1.63165
67.05 1.63165
67.06 1.63165
67.07 1.63165
67.08 1.63164
67.09 1.63164
67.1 1.63164
67.11 1.63164
67.12 1.63164
67.13 1.63164
67.14 1.63164
67.15 1.63164
67.16 1.63164
67.17 1.63164
67.18 1.63164
67.19 1.63164
67.2 1.63164
67.21 1.63163
67.22 1.63163
67.23 1.63163
67.24 1.63163
67.25 1.63163
67.26 1.63163
67.27 1.63163
67.28 1.63163
67.29 1.63163
67.3 1.63163
67.31 1.63163
67.32 1.63163
67.33 1.63163
67.34 1.63163
67.35 1.63163
67.36 1.63163
67.37 1.63163
67.38 1.63163
67.39 1.63163
67.4 1.63163
67.41 1.63163
67.42 1.63163
67.43 1.63163
67.44 1.63163
67.45 1.63162
67.46 1.63162
67.47 1.63162
67.48 1.63162
67.49 1.63162
67.5 1.63162
67.51 1.63162
67.52 1.63162
67.53 1.63162
67.54 1.63162
67.55 1.63162
67.56 1.63162
67.57 1.63162
67.58 1.63162
67.59 1.63162
67.6 1.63162
67.61 1.63162
67.62 1.63162
67.63 1.63162
67.64 1.63162
67.65 1.63162
67.66 1.63162
67.67 1.63162
67.68 1.63162
67.69 1.63162
67.7 1.63162
67.71 1.63162
67.72 1.63162
67.73 1.63162
67.74 1.63162
67.75 1.63162
67.76 1.63162
67.77 1.63162
67.78 1.63162
67.79 1.63161
67.8 1.63161
67.81 1.63161
67.82 1.63161
67.83 1.63161
67.84 1.63161
67.85 1.63161
67.86 1.63161
67.87 1.63161
67.88 1.6316
67.89 1.6316
67.9 1.6316
67.91 1.6316
67.92 1.6316
67.93 1.6316
67.94 1.6316
67.95 1.63159
67.96 1.63159
67.97 1.63159
67.98 1.63159
67.99 1.63159
68 1.63159
68.01 1.63158
68.02 1.63158
68.03 1.63158
68.04 1.63158
68.05 1.63158
68.06 1.63158
68.07 1.63158
68.08 1.63157
68.09 1.63157
68.1 1.63157
68.11 1.63157
68.12 1.63157
68.13 1.63157
68.14 1.63157
68.15 1.63156
68.16 1.63156
68.17 1.63156
68.18 1.63156
68.19 1.63156
68.2 1.63156
68.21 1.63156
68.22 1.63156
68.23 1.63155
68.24 1.63155
68.25 1.63155
68.26 1.63155
68.27 1.63155
68.28 1.63155
68.29 1.63155
68.3 1.63155
68.31 1.63155
68.32 1.63155
68.33 1.63154
68.34 1.63154
68.35 1.63154
68.36 1.63154
68.37 1.63154
68.38 1.63154
68.39 1.63154
68.4 1.63154
68.41 1.63154
68.42 1.63154
68.43 1.63153
68.44 1.63153
68.45 1.63153
68.46 1.63153
68.47 1.63153
68.48 1.63153
68.49 1.63153
68.5 1.63153
68.51 1.63153
68.52 1.63153
68.53 1.63153
68.54 1.63152
68.55 1.63152
68.56 1.63152
68.57 1.63152
68.58 1.63152
68.59 1.63152
68.6 1.63152
68.61 1.63152
68.62 1.63152
68.63 1.63152
68.64 1.63152
68.65 1.63151
68.66 1.63151
68.67 1.63151
68.68 1.63151
68.69 1.63151
68.7 1.63151
68.71 1.63151
68.72 1.63151
68.73 1.63151
68.74 1.63151
68.75 1.63151
68.76 1.63151
68.77 1.6315
68.78 1.6315
68.79 1.6315
68.8 1.6315
68.81 1.6315
68.82 1.6315
68.83 1.6315
68.84 1.6315
68.85 1.6315
68.86 1.6315
68.87 1.6315
68.88 1.6315
68.89 1.6315
68.9 1.63149
68.91 1.63149
68.92 1.63149
68.93 1.63149
68.94 1.63149
68.95 1.63149
68.96 1.63149
68.97 1.63149
68.98 1.63149
68.99 1.63149
69 1.63149
69.01 1.63149
69.02 1.63149
69.03 1.63149
69.04 1.63149
69.05 1.63148
69.06 1.63148
69.07 1.63148
69.08 1.63148
69.09 1.63148
69.1 1.63148
69.11 1.63148
69.12 1.63148
69.13 1.63148
69.14 1.63148
69.15 1.63148
69.16 1.63148
69.17 1.63148
69.18 1.63148
69.19 1.63148
69.2 1.63148
69.21 1.63148
69.22 1.63148
69.23 1.63148
69.24 1.63148
69.25 1.63148
69.26 1.63148
69.27 1.63148
69.28 1.63148
69.29 1.63148
69.3 1.63148
69.31 1.63148
69.32 1.63148
69.33 1.63148
69.34 1.63148
69.35 1.63148
69.36 1.63148
69.37 1.63148
69.38 1.63148
69.39 1.63148
69.4 1.63148
69.41 1.63148
69.42 1.63148
69.43 1.63148
69.44 1.63148
69.45 1.63148
69.46 1.63148
69.47 1.63148
69.48 1.63148
69.49 1.63148
69.5 1.63148
69.51 1.63148
69.52 1.63148
69.53 1.63148
69.54 1.63148
69.55 1.63148
69.56 1.63148
69.57 1.63148
69.58 1.63148
69.59 1.63148
69.6 1.63148
69.61 1.63148
69.62 1.63148
69.63 1.63148
69.64 1.63148
69.65 1.63148
69.66 1.63148
69.67 1.63148
69.68 1.63148
69.69 1.63148
69.7 1.63148
69.71 1.63148
69.72 1.63148
69.73 1.63148
69.74 1.63148
69.75 1.63148
69.76 1.63148
69.77 1.63148
69.78 1.63148
69.79 1.63148
69.8 1.63148
69.81 1.63148
69.82 1.63148
69.83 1.63149
69.84 1.63149
69.85 1.63149
69.86 1.63149
69.87 1.63149
69.88 1.63149
69.89 1.63149
69.9 1.63149
69.91 1.63149
69.92 1.63149
69.93 1.63149
69.94 1.63149
69.95 1.63149
69.96 1.63149
69.97 1.6315
69.98 1.6315
69.99 1.6315
70 1.6315
70.01 1.6315
70.02 1.6315
70.03 1.6315
70.04 1.63151
70.05 1.63151
70.06 1.63151
70.07 1.63151
70.08 1.63151
70.09 1.63151
70.1 1.63152
70.11 1.63152
70.12 1.63152
70.13 1.63152
70.14 1.63152
70.15 1.63152
70.16 1.63153
70.17 1.63153
70.18 1.63153
70.19 1.63153
70.2 1.63153
70.21 1.63154
70.22 1.63154
70.23 1.63154
70.24 1.63154
70.25 1.63154
70.26 1.63155
70.27 1.63155
70.28 1.63155
70.29 1.63155
70.3 1.63155
70.31 1.63156
70.32 1.63156
70.33 1.63156
70.34 1.63156
70.35 1.63156
70.36 1.63156
70.37 1.63157
70.38 1.63157
70.39 1.63157
70.4 1.63157
70.41 1.63157
70.42 1.63158
70.43 1.63158
70.44 1.63158
70.45 1.63158
70.46 1.63158
70.47 1.63158
70.48 1.63159
70.49 1.63159
70.5 1.63159
70.51 1.63159
70.52 1.63159
70.53 1.6316
70.54 1.6316
70.55 1.6316
70.56 1.6316
70.57 1.6316
70.58 1.6316
70.59 1.63161
70.6 1.63161
70.61 1.63161
70.62 1.63161
70.63 1.63161
70.64 1.63162
70.65 1.63162
70.66 1.63162
70.67 1.63162
70.68 1.63162
70.69 1.63163
70.7 1.63163
70.71 1.63163
70.72 1.63163
70.73 1.63163
70.74 1.63164
70.75 1.63164
70.76 1.63164
70.77 1.63164
70.78 1.63164
70.79 1.63165
70.8 1.63165
70.81 1.63165
70.82 1.63165
70.83 1.63165
70.84 1.63166
70.85 1.63166
70.86 1.63166
70.87 1.63166
70.88 1.63166
70.89 1.63167
70.9 1.63167
70.91 1.63167
70.92 1.63167
70.93 1.63167
70.94 1.63168
70.95 1.63168
70.96 1.63168
70.97 1.63168
70.98 1.63169
70.99 1.63169
71 1.63169
71.01 1.63169
71.02 1.6317
71.03 1.6317
71.04 1.6317
71.05 1.6317
71.06 1.6317
71.07 1.63171
71.08 1.63171
71.09 1.63171
71.1 1.63171
71.11 1.63171
71.12 1.63172
71.13 1.63172
71.14 1.63172
71.15 1.63172
71.16 1.63173
71.17 1.63173
71.18 1.63173
71.19 1.63173
71.2 1.63173
71.21 1.63174
71.22 1.63174
71.23 1.63174
71.24 1.63174
71.25 1.63174
71.26 1.63174
71.27 1.63175
71.28 1.63175
71.29 1.63175
71.3 1.63175
71.31 1.63175
71.32 1.63175
71.33 1.63176
71.34 1.63176
71.35 1.63176
71.36 1.63176
71.37 1.63176
71.38 1.63176
71.39 1.63176
71.4 1.63177
71.41 1.63177
71.42 1.63177
71.43 1.63177
71.44 1.63177
71.45 1.63177
71.46 1.63177
71.47 1.63177
71.48 1.63177
71.49 1.63177
71.5 1.63178
71.51 1.63178
71.52 1.63178
71.53 1.63178
71.54 1.63178
71.55 1.63178
71.56 1.63178
71.57 1.63178
71.58 1.63178
71.59 1.63178
71.6 1.63178
71.61 1.63178
71.62 1.63178
71.63 1.63178
71.64 1.63178
71.65 1.63178
71.66 1.63178
71.67 1.63178
71.68 1.63178
71.69 1.63178
71.7 1.63178
71.71 1.63178
71.72 1.63178
71.73 1.63178
71.74 1.63178
71.75 1.63178
71.76 1.63178
71.77 1.63178
71.78 1.63178
71.79 1.63178
71.8 1.63178
71.81 1.63178
71.82 1.63178
71.83 1.63178
71.84 1.63179
71.85 1.63179
71.86 1.63179
71.87 1.63179
71.88 1.63179
71.89 1.63179
71.9 1.63179
71.91 1.63179
71.92 1.63179
71.93 1.63179
71.94 1.63179
71.95 1.63179
71.96 1.63179
71.97 1.63179
71.98 1.63179
71.99 1.63179
72 1.6318
72.01 1.6318
72.02 1.6318
72.03 1.6318
72.04 1.6318
72.05 1.6318
72.06 1.6318
72.07 1.6318
72.08 1.6318
72.09 1.63181
72.1 1.63181
72.11 1.63181
72.12 1.63181
72.13 1.63181
72.14 1.63181
72.15 1.63181
72.16 1.63181
72.17 1.63181
72.18 1.63181
72.19 1.63181
72.2 1.63182
72.21 1.63182
72.22 1.63182
72.23 1.63182
72.24 1.63182
72.25 1.63182
72.26 1.63182
72.27 1.63182
72.28 1.63182
72.29 1.63182
72.3 1.63182
72.31 1.63182
72.32 1.63182
72.33 1.63182
72.34 1.63182
72.35 1.63182
72.36 1.63182
72.37 1.63182
72.38 1.63182
72.39 1.63182
72.4 1.63182
72.41 1.63182
72.42 1.63182
72.43 1.63182
72.44 1.63182
72.45 1.63182
72.46 1.63182
72.47 1.63182
72.48 1.63182
72.49 1.63182
72.5 1.63182
72.51 1.63182
72.52 1.63182
72.53 1.63182
72.54 1.63182
72.55 1.63182
72.56 1.63182
72.57 1.63182
72.58 1.63182
72.59 1.63182
72.6 1.63182
72.61 1.63182
72.62 1.63182
72.63 1.63182
72.64 1.63182
72.65 1.63182
72.66 1.63182
72.67 1.63182
72.68 1.63182
72.69 1.63182
72.7 1.63181
72.71 1.63181
72.72 1.63181
72.73 1.63181
72.74 1.63181
72.75 1.63181
72.76 1.63181
72.77 1.63181
72.78 1.63181
72.79 1.63181
72.8 1.63181
72.81 1.63181
72.82 1.63181
72.83 1.63181
72.84 1.63181
72.85 1.63181
72.86 1.63181
72.87 1.63181
72.88 1.6318
72.89 1.6318
72.9 1.6318
72.91 1.6318
72.92 1.6318
72.93 1.6318
72.94 1.6318
72.95 1.6318
72.96 1.6318
72.97 1.6318
72.98 1.6318
72.99 1.6318
73 1.63179
73.01 1.63179
73.02 1.63179
73.03 1.63179
73.04 1.63179
73.05 1.63179
73.06 1.63179
73.07 1.63179
73.08 1.63179
73.09 1.63179
73.1 1.63179
73.11 1.63178
73.12 1.63178
73.13 1.63178
73.14 1.63178
73.15 1.63178
73.16 1.63178
73.17 1.63178
73.18 1.63178
73.19 1.63178
73.2 1.63178
73.21 1.63177
73.22 1.63177
73.23 1.63177
73.24 1.63177
73.25 1.63177
73.26 1.63177
73.27 1.63177
73.28 1.63177
73.29 1.63177
73.3 1.63177
73.31 1.63176
73.32 1.63176
73.33 1.63176
73.34 1.63176
73.35 1.63176
73.36 1.63176
73.37 1.63176
73.38 1.63176
73.39 1.63176
73.4 1.63176
73.41 1.63176
73.42 1.63175
73.43 1.63175
73.44 1.63175
73.45 1.63175
73.46 1.63175
73.47 1.63175
73.48 1.63175
73.49 1.63175
73.5 1.63175
73.51 1.63175
73.52 1.63175
73.53 1.63175
73.54 1.63175
73.55 1.63174
73.56 1.63174
73.57 1.63174
73.58 1.63174
73.59 1.63174
73.6 1.63174
73.61 1.63174
73.62 1.63174
73.63 1.63174
73.64 1.63174
73.65 1.63174
73.66 1.63174
73.67 1.63174
73.68 1.63174
73.69 1.63174
73.7 1.63174
73.71 1.63174
73.72 1.63174
73.73 1.63174
73.74 1.63174
73.75 1.63174
73.76 1.63174
73.77 1.63174
73.78 1.63174
73.79 1.63174
73.8 1.63173
73.81 1.63173
73.82 1.63173
73.83 1.63173
73.84 1.63173
73.85 1.63173
73.86 1.63173
73.87 1.63173
73.88 1.63173
73.89 1.63173
73.9 1.63173
73.91 1.63173
73.92 1.63173
73.93 1.63173
73.94 1.63173
73.95 1.63173
73.96 1.63173
73.97 1.63173
73.98 1.63173
73.99 1.63173
74 1.63173
74.01 1.63173
74.02 1.63173
74.03 1.63173
74.04 1.63173
74.05 1.63173
74.06 1.63173
74.07 1.63173
74.08 1.63173
74.09 1.63173
74.1 1.63173
74.11 1.63173
74.12 1.63172
74.13 1.63172
74.14 1.63172
74.15 1.63172
74.16 1.63172
74.17 1.63172
74.18 1.63172
74.19 1.63172
74.2 1.63172
74.21 1.63172
74.22 1.63171
74.23 1.63171
74.24 1.63171
74.25 1.63171
74.26 1.63171
74.27 1.63171
74.28 1.63171
74.29 1.63171
74.3 1.63171
74.31 1.6317
74.32 1.6317
74.33 1.6317
74.34 1.6317
74.35 1.6317
74.36 1.6317
74.37 1.6317
74.38 1.6317
74.39 1.6317
74.4 1.6317
74.41 1.6317
74.42 1.6317
74.43 1.63169
74.44 1.63169
74.45 1.63169
74.46 1.63169
74.47 1.63169
74.48 1.63169
74.49 1.63169
74.5 1.63169
74.51 1.63169
74.52 1.63169
74.53 1.63169
74.54 1.63169
74.55 1.63169
74.56 1.63169
74.57 1.63169
74.58 1.63169
74.59 1.63169
74.6 1.63169
74.61 1.63168
74.62 1.63168
74.63 1.63168
74.64 1.63168
74.65 1.63168
74.66 1.63168
74.67 1.63168
74.68 1.63168
74.69 1.63168
74.7 1.63168
74.71 1.63168
74.72 1.63168
74.73 1.63168
74.74 1.63168
74.75 1.63168
74.76 1.63168
74.77 1.63168
74.78 1.63168
74.79 1.63168
74.8 1.63168
74.81 1.63168
74.82 1.63168
74.83 1.63168
74.84 1.63168
74.85 1.63168
74.86 1.63168
74.87 1.63168
74.88 1.63168
74.89 1.63168
74.9 1.63168
74.91 1.63168
74.92 1.63168
74.93 1.63168
74.94 1.63168
74.95 1.63168
74.96 1.63168
74.97 1.63168
74.98 1.63168
74.99 1.63168
75 1.63168
75.01 1.63168
75.02 1.63168
75.03 1.63168
75.04 1.63167
75.05 1.63167
75.06 1.63167
75.07 1.63167
75.08 1.63167
75.09 1.63167
75.1 1.63167
75.11 1.63167
75.12 1.63167
75.13 1.63167
75.14 1.63167
75.15 1.63167
75.16 1.63167
75.17 1.63167
75.18 1.63167
75.19 1.63167
75.2 1.63167
75.21 1.63167
75.22 1.63167
75.23 1.63167
75.24 1.63167
75.25 1.63167
75.26 1.63167
75.27 1.63167
75.28 1.63167
75.29 1.63167
75.3 1.63167
75.31 1.63167
75.32 1.63167
75.33 1.63167
75.34 1.63167
75.35 1.63167
75.36 1.63167
75.37 1.63167
75.38 1.63167
75.39 1.63167
75.4 1.63167
75.41 1.63167
75.42 1.63167
75.43 1.63167
75.44 1.63167
75.45 1.63167
75.46 1.63167
75.47 1.63167
75.48 1.63167
75.49 1.63167
75.5 1.63167
75.51 1.63167
75.52 1.63167
75.53 1.63167
75.54 1.63167
75.55 1.63167
75.56 1.63167
75.57 1.63167
75.58 1.63167
75.59 1.63167
75.6 1.63167
75.61 1.63167
75.62 1.63167
75.63 1.63167
75.64 1.63167
75.65 1.63167
75.66 1.63167
75.67 1.63167
75.68 1.63167
75.69 1.63167
75.7 1.63167
75.71 1.63167
75.72 1.63167
75.73 1.63167
75.74 1.63167
75.75 1.63167
75.76 1.63167
75.77 1.63167
75.78 1.63167
75.79 1.63167
75.8 1.63167
75.81 1.63167
75.82 1.63167
75.83 1.63167
75.84 1.63167
75.85 1.63167
75.86 1.63167
75.87 1.63167
75.88 1.63167
75.89 1.63167
75.9 1.63167
75.91 1.63167
75.92 1.63167
75.93 1.63167
75.94 1.63167
75.95 1.63167
75.96 1.63167
75.97 1.63167
75.98 1.63167
75.99 1.63167
76 1.63167
76.01 1.63167
76.02 1.63167
76.03 1.63167
76.04 1.63167
76.05 1.63167
76.06 1.63167
76.07 1.63167
76.08 1.63167
76.09 1.63167
76.1 1.63167
76.11 1.63167
76.12 1.63167
76.13 1.63167
76.14 1.63167
76.15 1.63167
76.16 1.63167
76.17 1.63167
76.18 1.63167
76.19 1.63167
76.2 1.63167
76.21 1.63167
76.22 1.63167
76.23 1.63167
76.24 1.63167
76.25 1.63167
76.26 1.63167
76.27 1.63167
76.28 1.63167
76.29 1.63167
76.3 1.63167
76.31 1.63167
76.32 1.63167
76.33 1.63167
76.34 1.63167
76.35 1.63167
76.36 1.63167
76.37 1.63167
76.38 1.63167
76.39 1.63167
76.4 1.63167
76.41 1.63166
76.42 1.63166
76.43 1.63166
76.44 1.63166
76.45 1.63166
76.46 1.63166
76.47 1.63166
76.48 1.63166
76.49 1.63166
76.5 1.63166
76.51 1.63166
76.52 1.63166
76.53 1.63166
76.54 1.63166
76.55 1.63166
76.56 1.63166
76.57 1.63166
76.58 1.63166
76.59 1.63166
76.6 1.63166
76.61 1.63166
76.62 1.63166
76.63 1.63166
76.64 1.63166
76.65 1.63166
76.66 1.63166
76.67 1.63165
76.68 1.63165
76.69 1.63165
76.7 1.63165
76.71 1.63165
76.72 1.63165
76.73 1.63165
76.74 1.63165
76.75 1.63165
76.76 1.63165
76.77 1.63165
76.78 1.63165
76.79 1.63165
76.8 1.63165
76.81 1.63165
76.82 1.63165
76.83 1.63165
76.84 1.63165
76.85 1.63165
76.86 1.63165
76.87 1.63165
76.88 1.63165
76.89 1.63165
76.9 1.63165
76.91 1.63165
76.92 1.63165
76.93 1.63165
76.94 1.63164
76.95 1.63164
76.96 1.63164
76.97 1.63164
76.98 1.63164
76.99 1.63164
77 1.63164
77.01 1.63164
77.02 1.63164
77.03 1.63164
77.04 1.63164
77.05 1.63164
77.06 1.63164
77.07 1.63164
77.08 1.63164
77.09 1.63164
77.1 1.63164
77.11 1.63164
77.12 1.63164
77.13 1.63164
77.14 1.63164
77.15 1.63164
77.16 1.63164
77.17 1.63164
77.18 1.63164
77.19 1.63164
77.2 1.63163
77.21 1.63163
77.22 1.63163
77.23 1.63163
77.24 1.63163
77.25 1.63163
77.26 1.63163
77.27 1.63163
77.28 1.63163
77.29 1.63163
77.3 1.63163
77.31 1.63163
77.32 1.63163
77.33 1.63163
77.34 1.63163
77.35 1.63163
77.36 1.63163
77.37 1.63163
77.38 1.63163
77.39 1.63163
77.4 1.63163
77.41 1.63163
77.42 1.63163
77.43 1.63163
77.44 1.63163
77.45 1.63163
77.46 1.63163
77.47 1.63162
77.48 1.63162
77.49 1.63162
77.5 1.63162
77.51 1.63162
77.52 1.63162
77.53 1.63162
77.54 1.63162
77.55 1.63162
77.56 1.63162
77.57 1.63162
77.58 1.63162
77.59 1.63162
77.6 1.63162
77.61 1.63162
77.62 1.63162
77.63 1.63162
77.64 1.63162
77.65 1.63162
77.66 1.63162
77.67 1.63162
77.68 1.63162
77.69 1.63162
77.7 1.63162
77.71 1.63162
77.72 1.63162
77.73 1.63162
77.74 1.63162
77.75 1.63162
77.76 1.63162
77.77 1.63162
77.78 1.63162
77.79 1.63162
77.8 1.63162
77.81 1.63162
77.82 1.63162
77.83 1.63162
77.84 1.63162
77.85 1.63162
77.86 1.63162
77.87 1.63162
77.88 1.63162
77.89 1.63162
77.9 1.63162
77.91 1.63162
77.92 1.63162
77.93 1.63162
77.94 1.63162
77.95 1.63162
77.96 1.63162
77.97 1.63162
77.98 1.63162
77.99 1.63162
78 1.63162
78.01 1.63162
78.02 1.63162
78.03 1.63162
78.04 1.63162
78.05 1.63162
78.06 1.63162
78.07 1.63162
78.08 1.63162
78.09 1.63162
78.1 1.63162
78.11 1.63162
78.12 1.63162
78.13 1.63162
78.14 1.63162
78.15 1.63162
78.16 1.63162
78.17 1.63162
78.18 1.63162
78.19 1.63162
78.2 1.63162
78.21 1.63162
78.22 1.63162
78.23 1.63162
78.24 1.63162
78.25 1.63162
78.26 1.63162
78.27 1.63162
78.28 1.63162
78.29 1.63162
78.3 1.63162
78.31 1.63162
78.32 1.63162
78.33 1.63162
78.34 1.63162
78.35 1.63162
78.36 1.63162
78.37 1.63162
78.38 1.63162
78.39 1.63162
78.4 1.63162
78.41 1.63162
78.42 1.63162
78.43 1.63163
78.44 1.63163
78.45 1.63163
78.46 1.63163
78.47 1.63163
78.48 1.63163
78.49 1.63163
78.5 1.63163
78.51 1.63163
78.52 1.63163
78.53 1.63163
78.54 1.63163
78.55 1.63163
78.56 1.63163
78.57 1.63163
78.58 1.63163
78.59 1.63163
78.6 1.63163
78.61 1.63163
78.62 1.63164
78.63 1.63164
78.64 1.63164
78.65 1.63164
78.66 1.63164
78.67 1.63164
78.68 1.63164
78.69 1.63164
78.7 1.63164
78.71 1.63164
78.72 1.63164
78.73 1.63164
78.74 1.63164
78.75 1.63164
78.76 1.63164
78.77 1.63164
78.78 1.63164
78.79 1.63165
78.8 1.63165
78.81 1.63165
78.82 1.63165
78.83 1.63165
78.84 1.63165
78.85 1.63165
78.86 1.63165
78.87 1.63165
78.88 1.63165
78.89 1.63165
78.9 1.63165
78.91 1.63165
78.92 1.63165
78.93 1.63165
78.94 1.63165
78.95 1.63166
78.96 1.63166
78.97 1.63166
78.98 1.63166
78.99 1.63166
79 1.63166
79.01 1.63166
79.02 1.63166
79.03 1.63166
79.04 1.63166
79.05 1.63166
79.06 1.63166
79.07 1.63166
79.08 1.63166
79.09 1.63166
79.1 1.63166
79.11 1.63167
79.12 1.63167
79.13 1.63167
79.14 1.63167
79.15 1.63167
79.16 1.63167
79.17 1.63167
79.18 1.63167
79.19 1.63167
79.2 1.63167
79.21 1.63167
79.22 1.63167
79.23 1.63167
79.24 1.63168
79.25 1.63168
79.26 1.63168
79.27 1.63168
79.28 1.63168
79.29 1.63168
79.3 1.63168
79.31 1.63168
79.32 1.63168
79.33 1.63168
79.34 1.63168
79.35 1.63168
79.36 1.63168
79.37 1.63169
79.38 1.63169
79.39 1.63169
79.4 1.63169
79.41 1.63169
79.42 1.63169
79.43 1.63169
79.44 1.63169
79.45 1.63169
79.46 1.63169
79.47 1.63169
79.48 1.63169
79.49 1.63169
79.5 1.6317
79.51 1.6317
79.52 1.6317
79.53 1.6317
79.54 1.6317
79.55 1.6317
79.56 1.6317
79.57 1.6317
79.58 1.6317
79.59 1.6317
79.6 1.6317
79.61 1.6317
79.62 1.6317
79.63 1.63171
79.64 1.63171
79.65 1.63171
79.66 1.63171
79.67 1.63171
79.68 1.63171
79.69 1.63171
79.7 1.63171
79.71 1.63171
79.72 1.63171
79.73 1.63171
79.74 1.63171
79.75 1.63171
79.76 1.63171
79.77 1.63171
79.78 1.63171
79.79 1.63171
79.8 1.63171
79.81 1.63172
79.82 1.63172
79.83 1.63172
79.84 1.63172
79.85 1.63172
79.86 1.63172
79.87 1.63172
79.88 1.63172
79.89 1.63172
79.9 1.63172
79.91 1.63172
79.92 1.63172
79.93 1.63172
79.94 1.63172
79.95 1.63172
79.96 1.63172
79.97 1.63172
79.98 1.63172
79.99 1.63172
80 1.63172
80.01 1.63172
80.02 1.63172
80.03 1.63172
80.04 1.63172
80.05 1.63172
80.06 1.63172
80.07 1.63172
80.08 1.63172
80.09 1.63172
80.1 1.63172
80.11 1.63172
80.12 1.63172
80.13 1.63172
80.14 1.63172
80.15 1.63172
80.16 1.63172
80.17 1.63172
80.18 1.63172
80.19 1.63172
80.2 1.63172
80.21 1.63172
80.22 1.63172
80.23 1.63172
80.24 1.63172
80.25 1.63172
80.26 1.63172
80.27 1.63172
80.28 1.63172
80.29 1.63172
80.3 1.63172
80.31 1.63172
80.32 1.63172
80.33 1.63172
80.34 1.63172
80.35 1.63172
80.36 1.63172
80.37 1.63172
80.38 1.63172
80.39 1.63172
80.4 1.63173
80.41 1.63173
80.42 1.63173
80.43 1.63173
80.44 1.63173
80.45 1.63173
80.46 1.63173
80.47 1.63173
80.48 1.63173
80.49 1.63173
80.5 1.63173
80.51 1.63173
80.52 1.63173
80.53 1.63173
80.54 1.63173
80.55 1.63173
80.56 1.63173
80.57 1.63173
80.58 1.63173
80.59 1.63173
80.6 1.63173
80.61 1.63173
80.62 1.63173
80.63 1.63173
80.64 1.63173
80.65 1.63173
80.66 1.63173
80.67 1.63173
80.68 1.63173
80.69 1.63173
80.7 1.63173
80.71 1.63173
80.72 1.63173
80.73 1.63173
80.74 1.63173
80.75 1.63173
80.76 1.63173
80.77 1.63173
80.78 1.63173
80.79 1.63173
80.8 1.63173
80.81 1.63173
80.82 1.63173
80.83 1.63173
80.84 1.63173
80.85 1.63173
80.86 1.63173
80.87 1.63173
80.88 1.63173
80.89 1.63173
80.9 1.63173
80.91 1.63173
80.92 1.63173
80.93 1.63173
80.94 1.63173
80.95 1.63173
80.96 1.63173
80.97 1.63173
80.98 1.63173
80.99 1.63173
81 1.63173
81.01 1.63173
81.02 1.63173
81.03 1.63173
81.04 1.63173
81.05 1.63173
81.06 1.63173
81.07 1.63173
81.08 1.63173
81.09 1.63173
81.1 1.63173
81.11 1.63173
81.12 1.63173
81.13 1.63173
81.14 1.63172
81.15 1.63172
81.16 1.63172
81.17 1.63172
81.18 1.63172
81.19 1.63172
81.2 1.63172
81.21 1.63172
81.22 1.63172
81.23 1.63172
81.24 1.63172
81.25 1.63172
81.26 1.63172
81.27 1.63172
81.28 1.63172
81.29 1.63172
81.3 1.63172
81.31 1.63172
81.32 1.63172
81.33 1.63172
81.34 1.63172
81.35 1.63172
81.36 1.63172
81.37 1.63172
81.38 1.63172
81.39 1.63172
81.4 1.63172
81.41 1.63172
81.42 1.63172
81.43 1.63171
81.44 1.63171
81.45 1.63171
81.46 1.63171
81.47 1.63171
81.48 1.63171
81.49 1.63171
81.5 1.63171
81.51 1.63171
81.52 1.63171
81.53 1.63171
81.54 1.63171
81.55 1.63171
81.56 1.63171
81.57 1.63171
81.58 1.63171
81.59 1.63171
81.6 1.63171
81.61 1.63171
81.62 1.63171
81.63 1.63171
81.64 1.63171
81.65 1.6317
81.66 1.6317
81.67 1.6317
81.68 1.6317
81.69 1.6317
81.7 1.6317
81.71 1.6317
81.72 1.6317
81.73 1.6317
81.74 1.6317
81.75 1.6317
81.76 1.6317
81.77 1.6317
81.78 1.6317
81.79 1.6317
81.8 1.6317
81.81 1.6317
81.82 1.6317
81.83 1.6317
81.84 1.6317
81.85 1.6317
81.86 1.6317
81.87 1.6317
81.88 1.6317
81.89 1.6317
81.9 1.6317
81.91 1.6317
81.92 1.63169
81.93 1.63169
81.94 1.63169
81.95 1.63169
81.96 1.63169
81.97 1.63169
81.98 1.63169
81.99 1.63169
82 1.63169
82.01 1.63169
82.02 1.63169
82.03 1.63169
82.04 1.63169
82.05 1.63169
82.06 1.63169
82.07 1.63169
82.08 1.63169
82.09 1.63169
82.1 1.63169
82.11 1.63169
82.12 1.63169
82.13 1.63169
82.14 1.63169
82.15 1.63169
82.16 1.63169
82.17 1.63169
82.18 1.63169
82.19 1.63169
82.2 1.63169
82.21 1.63169
82.22 1.63169
82.23 1.63169
82.24 1.63169
82.25 1.63169
82.26 1.63169
82.27 1.63169
82.28 1.63169
82.29 1.63169
82.3 1.63169
82.31 1.63169
82.32 1.63169
82.33 1.63169
82.34 1.63169
82.35 1.63169
82.36 1.63169
82.37 1.63169
82.38 1.63169
82.39 1.63169
82.4 1.63169
82.41 1.63169
82.42 1.63169
82.43 1.63169
82.44 1.63169
82.45 1.63169
82.46 1.63169
82.47 1.63169
82.48 1.63169
82.49 1.63169
82.5 1.63169
82.51 1.63169
82.52 1.63169
82.53 1.63169
82.54 1.63169
82.55 1.63169
82.56 1.63169
82.57 1.63168
82.58 1.63168
82.59 1.63168
82.6 1.63168
82.61 1.63168
82.62 1.63168
82.63 1.63168
82.64 1.63168
82.65 1.63168
82.66 1.63168
82.67 1.63168
82.68 1.63168
82.69 1.63168
82.7 1.63168
82.71 1.63168
82.72 1.63168
82.73 1.63168
82.74 1.63168
82.75 1.63168
82.76 1.63168
82.77 1.63168
82.78 1.63168
82.79 1.63168
82.8 1.63168
82.81 1.63168
82.82 1.63168
82.83 1.63168
82.84 1.63168
82.85 1.63168
82.86 1.63168
82.87 1.63168
82.88 1.63168
82.89 1.63168
82.9 1.63168
82.91 1.63168
82.92 1.63168
82.93 1.63168
82.94 1.63168
82.95 1.63168
82.96 1.63168
82.97 1.63168
82.98 1.63168
82.99 1.63168
83 1.63168
83.01 1.63168
83.02 1.63168
83.03 1.63168
83.04 1.63168
83.05 1.63168
83.06 1.63168
83.07 1.63168
83.08 1.63168
83.09 1.63168
83.1 1.63168
83.11 1.63168
83.12 1.63168
83.13 1.63168
83.14 1.63168
83.15 1.63168
83.16 1.63168
83.17 1.63168
83.18 1.63168
83.19 1.63168
83.2 1.63168
83.21 1.63168
83.22 1.63168
83.23 1.63168
83.24 1.63168
83.25 1.63168
83.26 1.63168
83.27 1.63168
83.28 1.63168
83.29 1.63168
83.3 1.63168
83.31 1.63168
83.32 1.63168
83.33 1.63168
83.34 1.63168
83.35 1.63168
83.36 1.63168
83.37 1.63168
83.38 1.63168
83.39 1.63168
83.4 1.63168
83.41 1.63168
83.42 1.63168
83.43 1.63168
83.44 1.63168
83.45 1.63168
83.46 1.63168
83.47 1.63168
83.48 1.63168
83.49 1.63168
83.5 1.63168
83.51 1.63168
83.52 1.63168
83.53 1.63168
83.54 1.63168
83.55 1.63168
83.56 1.63168
83.57 1.63168
83.58 1.63168
83.59 1.63168
83.6 1.63168
83.61 1.63168
83.62 1.63168
83.63 1.63168
83.64 1.63168
83.65 1.63168
83.66 1.63168
83.67 1.63168
83.68 1.63168
83.69 1.63168
83.7 1.63168
83.71 1.63168
83.72 1.63168
83.73 1.63168
83.74 1.63168
83.75 1.63168
83.76 1.63168
83.77 1.63168
83.78 1.63168
83.79 1.63168
83.8 1.63168
83.81 1.63168
83.82 1.63168
83.83 1.63168
83.84 1.63168
83.85 1.63168
83.86 1.63168
83.87 1.63168
83.88 1.63168
83.89 1.63168
83.9 1.63168
83.91 1.63168
83.92 1.63168
83.93 1.63168
83.94 1.63168
83.95 1.63168
83.96 1.63168
83.97 1.63168
83.98 1.63168
83.99 1.63168
84 1.63168
84.01 1.63168
84.02 1.63168
84.03 1.63168
84.04 1.63168
84.05 1.63168
84.06 1.63168
84.07 1.63168
84.08 1.63168
84.09 1.63168
84.1 1.63168
84.11 1.63168
84.12 1.63168
84.13 1.63168
84.14 1.63168
84.15 1.63168
84.16 1.63168
84.17 1.63168
84.18 1.63168
84.19 1.63168
84.2 1.63168
84.21 1.63168
84.22 1.63168
84.23 1.63168
84.24 1.63168
84.25 1.63168
84.26 1.63168
84.27 1.63168
84.28 1.63168
84.29 1.63168
84.3 1.63168
84.31 1.63168
84.32 1.63168
84.33 1.63168
84.34 1.63168
84.35 1.63168
84.36 1.63168
84.37 1.63168
84.38 1.63168
84.39 1.63168
84.4 1.63168
84.41 1.63168
84.42 1.63168
84.43 1.63168
84.44 1.63168
84.45 1.63168
84.46 1.63168
84.47 1.63168
84.48 1.63168
84.49 1.63168
84.5 1.63168
84.51 1.63168
84.52 1.63168
84.53 1.63168
84.54 1.63168
84.55 1.63168
84.56 1.63168
84.57 1.63168
84.58 1.63168
84.59 1.63168
84.6 1.63168
84.61 1.63168
84.62 1.63168
84.63 1.63168
84.64 1.63168
84.65 1.63168
84.66 1.63168
84.67 1.63168
84.68 1.63168
84.69 1.63168
84.7 1.63168
84.71 1.63168
84.72 1.63168
84.73 1.63168
84.74 1.63168
84.75 1.63168
84.76 1.63168
84.77 1.63168
84.78 1.63168
84.79 1.63168
84.8 1.63168
84.81 1.63168
84.82 1.63168
84.83 1.63168
84.84 1.63168
84.85 1.63168
84.86 1.63168
84.87 1.63168
84.88 1.63168
84.89 1.63168
84.9 1.63168
84.91 1.63168
84.92 1.63168
84.93 1.63168
84.94 1.63168
84.95 1.63168
84.96 1.63168
84.97 1.63168
84.98 1.63168
84.99 1.63168
85 1.63168
85.01 1.63168
85.02 1.63168
85.03 1.63168
85.04 1.63168
85.05 1.63168
85.06 1.63168
85.07 1.63168
85.08 1.63168
85.09 1.63168
85.1 1.63168
85.11 1.63168
85.12 1.63168
85.13 1.63168
85.14 1.63168
85.15 1.63168
85.16 1.63168
85.17 1.63168
85.18 1.63168
85.19 1.63168
85.2 1.63168
85.21 1.63168
85.22 1.63168
85.23 1.63168
85.24 1.63168
85.25 1.63168
85.26 1.63168
85.27 1.63168
85.28 1.63168
85.29 1.63168
85.3 1.63168
85.31 1.63168
85.32 1.63168
85.33 1.63168
85.34 1.63168
85.35 1.63168
85.36 1.63168
85.37 1.63168
85.38 1.63167
85.39 1.63167
85.4 1.63167
85.41 1.63167
85.42 1.63167
85.43 1.63167
85.44 1.63167
85.45 1.63167
85.46 1.63167
85.47 1.63167
85.48 1.63167
85.49 1.63167
85.5 1.63167
85.51 1.63167
85.52 1.63167
85.53 1.63167
85.54 1.63167
85.55 1.63167
85.56 1.63167
85.57 1.63167
85.58 1.63167
85.59 1.63167
85.6 1.63167
85.61 1.63167
85.62 1.63167
85.63 1.63167
85.64 1.63167
85.65 1.63167
85.66 1.63167
85.67 1.63167
85.68 1.63167
85.69 1.63167
85.7 1.63167
85.71 1.63167
85.72 1.63167
85.73 1.63167
85.74 1.63167
85.75 1.63167
85.76 1.63167
85.77 1.63167
85.78 1.63167
85.79 1.63167
85.8 1.63167
85.81 1.63167
85.82 1.63167
85.83 1.63167
85.84 1.63167
85.85 1.63167
85.86 1.63167
85.87 1.63167
85.88 1.63167
85.89 1.63167
85.9 1.63167
85.91 1.63166
85.92 1.63166
85.93 1.63166
85.94 1.63166
85.95 1.63166
85.96 1.63166
85.97 1.63166
85.98 1.63166
85.99 1.63166
86 1.63166
86.01 1.63166
86.02 1.63166
86.03 1.63166
86.04 1.63166
86.05 1.63166
86.06 1.63166
86.07 1.63166
86.08 1.63166
86.09 1.63166
86.1 1.63166
86.11 1.63166
86.12 1.63166
86.13 1.63166
86.14 1.63166
86.15 1.63166
86.16 1.63166
86.17 1.63166
86.18 1.63166
86.19 1.63166
86.2 1.63166
86.21 1.63166
86.22 1.63166
86.23 1.63166
86.24 1.63166
86.25 1.63166
86.26 1.63166
86.27 1.63166
86.28 1.63166
86.29 1.63166
86.3 1.63166
86.31 1.63166
86.32 1.63166
86.33 1.63166
86.34 1.63166
86.35 1.63166
86.36 1.63166
86.37 1.63166
86.38 1.63166
86.39 1.63166
86.4 1.63166
86.41 1.63166
86.42 1.63166
86.43 1.63166
86.44 1.63166
86.45 1.63166
86.46 1.63166
86.47 1.63166
86.48 1.63166
86.49 1.63166
86.5 1.63166
86.51 1.63166
86.52 1.63166
86.53 1.63166
86.54 1.63166
86.55 1.63166
86.56 1.63166
86.57 1.63166
86.58 1.63166
86.59 1.63166
86.6 1.63166
86.61 1.63166
86.62 1.63166
86.63 1.63166
86.64 1.63166
86.65 1.63166
86.66 1.63166
86.67 1.63166
86.68 1.63166
86.69 1.63166
86.7 1.63166
86.71 1.63166
86.72 1.63166
86.73 1.63166
86.74 1.63166
86.75 1.63166
86.76 1.63166
86.77 1.63166
86.78 1.63166
86.79 1.63166
86.8 1.63166
86.81 1.63166
86.82 1.63166
86.83 1.63166
86.84 1.63166
86.85 1.63166
86.86 1.63166
86.87 1.63166
86.88 1.63166
86.89 1.63166
86.9 1.63166
86.91 1.63166
86.92 1.63166
86.93 1.63166
86.94 1.63166
86.95 1.63166
86.96 1.63166
86.97 1.63166
86.98 1.63166
86.99 1.63166
87 1.63167
87.01 1.63167
87.02 1.63167
87.03 1.63167
87.04 1.63167
87.05 1.63167
87.06 1.63167
87.07 1.63167
87.08 1.63167
87.09 1.63167
87.1 1.63167
87.11 1.63167
87.12 1.63167
87.13 1.63167
87.14 1.63167
87.15 1.63167
87.16 1.63167
87.17 1.63167
87.18 1.63167
87.19 1.63167
87.2 1.63167
87.21 1.63167
87.22 1.63167
87.23 1.63167
87.24 1.63167
87.25 1.63167
87.26 1.63167
87.27 1.63167
87.28 1.63167
87.29 1.63167
87.3 1.63167
87.31 1.63167
87.32 1.63167
87.33 1.63167
87.34 1.63167
87.35 1.63167
87.36 1.63167
87.37 1.63167
87.38 1.63167
87.39 1.63167
87.4 1.63167
87.41 1.63167
87.42 1.63167
87.43 1.63167
87.44 1.63167
87.45 1.63167
87.46 1.63168
87.47 1.63168
87.48 1.63168
87.49 1.63168
87.5 1.63168
87.51 1.63168
87.52 1.63168
87.53 1.63168
87.54 1.63168
87.55 1.63168
87.56 1.63168
87.57 1.63168
87.58 1.63168
87.59 1.63168
87.6 1.63168
87.61 1.63168
87.62 1.63168
87.63 1.63168
87.64 1.63168
87.65 1.63168
87.66 1.63168
87.67 1.63168
87.68 1.63168
87.69 1.63168
87.7 1.63168
87.71 1.63168
87.72 1.63168
87.73 1.63168
87.74 1.63168
87.75 1.63168
87.76 1.63168
87.77 1.63168
87.78 1.63168
87.79 1.63168
87.8 1.63168
87.81 1.63169
87.82 1.63169
87.83 1.63169
87.84 1.63169
87.85 1.63169
87.86 1.63169
87.87 1.63169
87.88 1.63169
87.89 1.63169
87.9 1.63169
87.91 1.63169
87.92 1.63169
87.93 1.63169
87.94 1.63169
87.95 1.63169
87.96 1.63169
87.97 1.63169
87.98 1.63169
87.99 1.63169
88 1.63169
88.01 1.63169
88.02 1.63169
88.03 1.63169
88.04 1.63169
88.05 1.63169
88.06 1.63169
88.07 1.63169
88.08 1.63169
88.09 1.63169
88.1 1.63169
88.11 1.63169
88.12 1.63169
88.13 1.63169
88.14 1.63169
88.15 1.63169
88.16 1.6317
88.17 1.6317
88.18 1.6317
88.19 1.6317
88.2 1.6317
88.21 1.6317
88.22 1.6317
88.23 1.6317
88.24 1.6317
88.25 1.6317
88.26 1.6317
88.27 1.6317
88.28 1.6317
88.29 1.6317
88.3 1.6317
88.31 1.6317
88.32 1.6317
88.33 1.6317
88.34 1.6317
88.35 1.6317
88.36 1.6317
88.37 1.6317
88.38 1.6317
88.39 1.6317
88.4 1.6317
88.41 1.6317
88.42 1.6317
88.43 1.6317
88.44 1.6317
88.45 1.6317
88.46 1.6317
88.47 1.6317
88.48 1.6317
88.49 1.6317
88.5 1.6317
88.51 1.6317
88.52 1.6317
88.53 1.6317
88.54 1.6317
88.55 1.6317
88.56 1.6317
88.57 1.6317
88.58 1.6317
88.59 1.6317
88.6 1.6317
88.61 1.6317
88.62 1.6317
88.63 1.6317
88.64 1.6317
88.65 1.6317
88.66 1.6317
88.67 1.6317
88.68 1.6317
88.69 1.6317
88.7 1.6317
88.71 1.6317
88.72 1.6317
88.73 1.6317
88.74 1.6317
88.75 1.6317
88.76 1.6317
88.77 1.6317
88.78 1.6317
88.79 1.6317
88.8 1.6317
88.81 1.6317
88.82 1.6317
88.83 1.6317
88.84 1.6317
88.85 1.6317
88.86 1.6317
88.87 1.6317
88.88 1.6317
88.89 1.6317
88.9 1.6317
88.91 1.6317
88.92 1.6317
88.93 1.6317
88.94 1.6317
88.95 1.6317
88.96 1.6317
88.97 1.6317
88.98 1.6317
88.99 1.6317
89 1.6317
89.01 1.6317
89.02 1.6317
89.03 1.6317
89.04 1.6317
89.05 1.6317
89.06 1.6317
89.07 1.6317
89.08 1.6317
89.09 1.6317
89.1 1.6317
89.11 1.6317
89.12 1.6317
89.13 1.6317
89.14 1.6317
89.15 1.6317
89.16 1.6317
89.17 1.6317
89.18 1.6317
89.19 1.6317
89.2 1.6317
89.21 1.6317
89.22 1.6317
89.23 1.6317
89.24 1.6317
89.25 1.6317
89.26 1.6317
89.27 1.6317
89.28 1.6317
89.29 1.6317
89.3 1.6317
89.31 1.6317
89.32 1.6317
89.33 1.6317
89.34 1.6317
89.35 1.6317
89.36 1.6317
89.37 1.6317
89.38 1.6317
89.39 1.6317
89.4 1.6317
89.41 1.6317
89.42 1.6317
89.43 1.6317
89.44 1.6317
89.45 1.6317
89.46 1.6317
89.47 1.6317
89.48 1.6317
89.49 1.6317
89.5 1.6317
89.51 1.6317
89.52 1.6317
89.53 1.6317
89.54 1.6317
89.55 1.6317
89.56 1.6317
89.57 1.6317
89.58 1.6317
89.59 1.6317
89.6 1.6317
89.61 1.6317
89.62 1.6317
89.63 1.6317
89.64 1.6317
89.65 1.6317
89.66 1.6317
89.67 1.6317
89.68 1.6317
89.69 1.63169
89.7 1.63169
89.71 1.63169
89.72 1.63169
89.73 1.63169
89.74 1.63169
89.75 1.63169
89.76 1.63169
89.77 1.63169
89.78 1.63169
89.79 1.63169
89.8 1.63169
89.81 1.63169
89.82 1.63169
89.83 1.63169
89.84 1.63169
89.85 1.63169
89.86 1.63169
89.87 1.63169
89.88 1.63169
89.89 1.63169
89.9 1.63169
89.91 1.63169
89.92 1.63169
89.93 1.63169
89.94 1.63169
89.95 1.63169
89.96 1.63169
89.97 1.63169
89.98 1.63169
89.99 1.63169
90 1.63169
90.01 1.63169
90.02 1.63169
90.03 1.63169
90.04 1.63169
90.05 1.63169
90.06 1.63169
90.07 1.63169
90.08 1.63169
90.09 1.63169
90.1 1.63169
90.11 1.63169
90.12 1.63169
90.13 1.63169
90.14 1.63169
90.15 1.63169
90.16 1.63169
90.17 1.63169
90.18 1.63169
90.19 1.63169
90.2 1.63169
90.21 1.63169
90.22 1.63169
90.23 1.63168
90.24 1.63168
90.25 1.63168
90.26 1.63168
90.27 1.63168
90.28 1.63168
90.29 1.63168
90.3 1.63168
90.31 1.63168
90.32 1.63168
90.33 1.63168
90.34 1.63168
90.35 1.63168
90.36 1.63168
90.37 1.63168
90.38 1.63168
90.39 1.63168
90.4 1.63168
90.41 1.63168
90.42 1.63168
90.43 1.63168
90.44 1.63168
90.45 1.63168
90.46 1.63168
90.47 1.63168
90.48 1.63168
90.49 1.63168
90.5 1.63168
90.51 1.63168
90.52 1.63168
90.53 1.63168
90.54 1.63168
90.55 1.63168
90.56 1.63168
90.57 1.63168
90.58 1.63168
90.59 1.63168
90.6 1.63168
90.61 1.63168
90.62 1.63168
90.63 1.63168
90.64 1.63168
90.65 1.63168
90.66 1.63168
90.67 1.63168
90.68 1.63168
90.69 1.63168
90.7 1.63168
90.71 1.63168
90.72 1.63168
90.73 1.63168
90.74 1.63168
90.75 1.63168
90.76 1.63168
90.77 1.63168
90.78 1.63168
90.79 1.63168
90.8 1.63168
90.81 1.63168
90.82 1.63168
90.83 1.63168
90.84 1.63168
90.85 1.63168
90.86 1.63168
90.87 1.63168
90.88 1.63168
90.89 1.63168
90.9 1.63168
90.91 1.63168
90.92 1.63168
90.93 1.63168
90.94 1.63168
90.95 1.63168
90.96 1.63168
90.97 1.63168
90.98 1.63168
90.99 1.63168
91 1.63168
91.01 1.63168
91.02 1.63168
91.03 1.63168
91.04 1.63168
91.05 1.63168
91.06 1.63168
91.07 1.63168
91.08 1.63168
91.09 1.63168
91.1 1.63168
91.11 1.63168
91.12 1.63168
91.13 1.63168
91.14 1.63168
91.15 1.63168
91.16 1.63168
91.17 1.63168
91.18 1.63168
91.19 1.63168
91.2 1.63168
91.21 1.63168
91.22 1.63168
91.23 1.63168
91.24 1.63168
91.25 1.63168
91.26 1.63168
91.27 1.63168
91.28 1.63168
91.29 1.63168
91.3 1.63168
91.31 1.63168
91.32 1.63168
91.33 1.63168
91.34 1.63168
91.35 1.63168
91.36 1.63168
91.37 1.63168
91.38 1.63168
91.39 1.63168
91.4 1.63168
91.41 1.63168
91.42 1.63168
91.43 1.63168
91.44 1.63168
91.45 1.63168
91.46 1.63168
91.47 1.63168
91.48 1.63168
91.49 1.63168
91.5 1.63168
91.51 1.63168
91.52 1.63168
91.53 1.63168
91.54 1.63168
91.55 1.63168
91.56 1.63168
91.57 1.63168
91.58 1.63168
91.59 1.63168
91.6 1.63168
91.61 1.63168
91.62 1.63168
91.63 1.63168
91.64 1.63168
91.65 1.63168
91.66 1.63168
91.67 1.63168
91.68 1.63168
91.69 1.63168
91.7 1.63168
91.71 1.63168
91.72 1.63168
91.73 1.63168
91.74 1.63168
91.75 1.63168
91.76 1.63168
91.77 1.63168
91.78 1.63168
91.79 1.63168
91.8 1.63168
91.81 1.63168
91.82 1.63168
91.83 1.63168
91.84 1.63168
91.85 1.63168
91.86 1.63168
91.87 1.63168
91.88 1.63168
91.89 1.63168
91.9 1.63168
91.91 1.63168
91.92 1.63168
91.93 1.63168
91.94 1.63168
91.95 1.63168
91.96 1.63168
91.97 1.63168
91.98 1.63168
91.99 1.63168
92 1.63168
92.01 1.63168
92.02 1.63168
92.03 1.63168
92.04 1.63168
92.05 1.63168
92.06 1.63168
92.07 1.63168
92.08 1.63168
92.09 1.63168
92.1 1.63168
92.11 1.63168
92.12 1.63168
92.13 1.63168
92.14 1.63168
92.15 1.63168
92.16 1.63168
92.17 1.63168
92.18 1.63168
92.19 1.63168
92.2 1.63168
92.21 1.63168
92.22 1.63168
92.23 1.63168
92.24 1.63168
92.25 1.63168
92.26 1.63168
92.27 1.63168
92.28 1.63168
92.29 1.63168
92.3 1.63168
92.31 1.63168
92.32 1.63168
92.33 1.63168
92.34 1.63168
92.35 1.63168
92.36 1.63168
92.37 1.63168
92.38 1.63168
92.39 1.63168
92.4 1.63169
92.41 1.63169
92.42 1.63169
92.43 1.63169
92.44 1.63169
92.45 1.63169
92.46 1.63169
92.47 1.63169
92.48 1.63169
92.49 1.63169
92.5 1.63169
92.51 1.63169
92.52 1.63169
92.53 1.63169
92.54 1.63169
92.55 1.63169
92.56 1.63169
92.57 1.63169
92.58 1.63169
92.59 1.63169
92.6 1.63169
92.61 1.63169
92.62 1.63169
92.63 1.63169
92.64 1.63169
92.65 1.63169
92.66 1.63169
92.67 1.63169
92.68 1.63169
92.69 1.63169
92.7 1.63169
92.71 1.63169
92.72 1.63169
92.73 1.63169
92.74 1.63169
92.75 1.63169
92.76 1.63169
92.77 1.63169
92.78 1.63169
92.79 1.63169
92.8 1.63169
92.81 1.63169
92.82 1.63169
92.83 1.63169
92.84 1.63169
92.85 1.63169
92.86 1.63169
92.87 1.63169
92.88 1.63169
92.89 1.63169
92.9 1.63169
92.91 1.63169
92.92 1.63169
92.93 1.63169
92.94 1.63169
92.95 1.63169
92.96 1.63169
92.97 1.63169
92.98 1.63169
92.99 1.63169
93 1.63169
93.01 1.63169
93.02 1.63169
93.03 1.63169
93.04 1.63169
93.05 1.63169
93.06 1.63169
93.07 1.63169
93.08 1.63169
93.09 1.63169
93.1 1.63169
93.11 1.63169
93.12 1.63169
93.13 1.63169
93.14 1.63169
93.15 1.63169
93.16 1.63169
93.17 1.63169
93.18 1.63169
93.19 1.63169
93.2 1.63169
93.21 1.63169
93.22 1.63169
93.23 1.63169
93.24 1.63169
93.25 1.63169
93.26 1.63169
93.27 1.63169
93.28 1.63169
93.29 1.63169
93.3 1.63169
93.31 1.63169
93.32 1.63169
93.33 1.63169
93.34 1.63169
93.35 1.63169
93.36 1.63169
93.37 1.63169
93.38 1.63169
93.39 1.63169
93.4 1.63169
93.41 1.63169
93.42 1.63169
93.43 1.63169
93.44 1.63168
93.45 1.63168
93.46 1.63168
93.47 1.63168
93.48 1.63168
93.49 1.63168
93.5 1.63168
93.51 1.63168
93.52 1.63168
93.53 1.63168
93.54 1.63168
93.55 1.63168
93.56 1.63168
93.57 1.63168
93.58 1.63168
93.59 1.63168
93.6 1.63168
93.61 1.63168
93.62 1.63168
93.63 1.63168
93.64 1.63168
93.65 1.63168
93.66 1.63168
93.67 1.63168
93.68 1.63168
93.69 1.63168
93.7 1.63168
93.71 1.63168
93.72 1.63168
93.73 1.63168
93.74 1.63168
93.75 1.63168
93.76 1.63168
93.77 1.63168
93.78 1.63168
93.79 1.63168
93.8 1.63168
93.81 1.63168
93.82 1.63168
93.83 1.63168
93.84 1.63168
93.85 1.63168
93.86 1.63168
93.87 1.63168
93.88 1.63168
93.89 1.63168
93.9 1.63168
93.91 1.63168
93.92 1.63168
93.93 1.63168
93.94 1.63168
93.95 1.63168
93.96 1.63168
93.97 1.63168
93.98 1.63168
93.99 1.63168
94 1.63168
94.01 1.63168
94.02 1.63168
94.03 1.63168
94.04 1.63168
94.05 1.63168
94.06 1.63168
94.07 1.63168
94.08 1.63168
94.09 1.63168
94.1 1.63168
94.11 1.63168
94.12 1.63168
94.13 1.63168
94.14 1.63168
94.15 1.63168
94.16 1.63168
94.17 1.63168
94.18 1.63168
94.19 1.63168
94.2 1.63168
94.21 1.63168
94.22 1.63168
94.23 1.63168
94.24 1.63168
94.25 1.63168
94.26 1.63168
94.27 1.63168
94.28 1.63168
94.29 1.63168
94.3 1.63168
94.31 1.63168
94.32 1.63168
94.33 1.63168
94.34 1.63168
94.35 1.63168
94.36 1.63168
94.37 1.63168
94.38 1.63168
94.39 1.63168
94.4 1.63168
94.41 1.63168
94.42 1.63168
94.43 1.63168
94.44 1.63168
94.45 1.63168
94.46 1.63168
94.47 1.63168
94.48 1.63168
94.49 1.63168
94.5 1.63168
94.51 1.63168
94.52 1.63168
94.53 1.63168
94.54 1.63168
94.55 1.63168
94.56 1.63168
94.57 1.63168
94.58 1.63168
94.59 1.63168
94.6 1.63168
94.61 1.63168
94.62 1.63168
94.63 1.63168
94.64 1.63168
94.65 1.63168
94.66 1.63168
94.67 1.63168
94.68 1.63168
94.69 1.63168
94.7 1.63168
94.71 1.63168
94.72 1.63168
94.73 1.63168
94.74 1.63168
94.75 1.63168
94.76 1.63168
94.77 1.63168
94.78 1.63168
94.79 1.63168
94.8 1.63168
94.81 1.63168
94.82 1.63168
94.83 1.63168
94.84 1.63168
94.85 1.63168
94.86 1.63168
94.87 1.63168
94.88 1.63168
94.89 1.63168
94.9 1.63168
94.91 1.63168
94.92 1.63168
94.93 1.63168
94.94 1.63168
94.95 1.63168
94.96 1.63168
94.97 1.63168
94.98 1.63168
94.99 1.63168
95 1.63168
95.01 1.63168
95.02 1.63168
95.03 1.63168
95.04 1.63168
95.05 1.63168
95.06 1.63168
95.07 1.63168
95.08 1.63168
95.09 1.63168
95.1 1.63168
95.11 1.63168
95.12 1.63168
95.13 1.63168
95.14 1.63168
95.15 1.63168
95.16 1.63168
95.17 1.63168
95.18 1.63168
95.19 1.63168
95.2 1.63168
95.21 1.63168
95.22 1.63168
95.23 1.63168
95.24 1.63168
95.25 1.63168
95.26 1.63168
95.27 1.63168
95.28 1.63168
95.29 1.63168
95.3 1.63168
95.31 1.63168
95.32 1.63168
95.33 1.63168
95.34 1.63168
95.35 1.63168
95.36 1.63168
95.37 1.63168
95.38 1.63168
95.39 1.63168
95.4 1.63168
95.41 1.63168
95.42 1.63168
95.43 1.63168
95.44 1.63168
95.45 1.63168
95.46 1.63168
95.47 1.63168
95.48 1.63168
95.49 1.63168
95.5 1.63168
95.51 1.63168
95.52 1.63168
95.53 1.63168
95.54 1.63168
95.55 1.63168
95.56 1.63168
95.57 1.63168
95.58 1.63168
95.59 1.63168
95.6 1.63168
95.61 1.63168
95.62 1.63168
95.63 1.63168
95.64 1.63168
95.65 1.63168
95.66 1.63168
95.67 1.63168
95.68 1.63168
95.69 1.63168
95.7 1.63168
95.71 1.63168
95.72 1.63168
95.73 1.63168
95.74 1.63168
95.75 1.63168
95.76 1.63168
95.77 1.63168
95.78 1.63168
95.79 1.63168
95.8 1.63168
95.81 1.63168
95.82 1.63168
95.83 1.63168
95.84 1.63168
95.85 1.63168
95.86 1.63168
95.87 1.63168
95.88 1.63168
95.89 1.63168
95.9 1.63168
95.91 1.63168
95.92 1.63168
95.93 1.63168
95.94 1.63168
95.95 1.63168
95.96 1.63168
95.97 1.63168
95.98 1.63168
95.99 1.63168
96 1.63168
96.01 1.63168
96.02 1.63168
96.03 1.63168
96.04 1.63168
96.05 1.63168
96.06 1.63168
96.07 1.63168
96.08 1.63168
96.09 1.63168
96.1 1.63168
96.11 1.63168
96.12 1.63168
96.13 1.63168
96.14 1.63168
96.15 1.63168
96.16 1.63168
96.17 1.63168
96.18 1.63168
96.19 1.63168
96.2 1.63168
96.21 1.63168
96.22 1.63168
96.23 1.63168
96.24 1.63168
96.25 1.63168
96.26 1.63168
96.27 1.63168
96.28 1.63168
96.29 1.63168
96.3 1.63169
96.31 1.63169
96.32 1.63169
96.33 1.63169
96.34 1.63169
96.35 1.63169
96.36 1.63169
96.37 1.63169
96.38 1.63169
96.39 1.63169
96.4 1.63169
96.41 1.63169
96.42 1.63169
96.43 1.63169
96.44 1.63169
96.45 1.63169
96.46 1.63169
96.47 1.63169
96.48 1.63169
96.49 1.63169
96.5 1.63169
96.51 1.63169
96.52 1.63169
96.53 1.63169
96.54 1.63169
96.55 1.63169
96.56 1.63169
96.57 1.63169
96.58 1.63169
96.59 1.63169
96.6 1.63169
96.61 1.63169
96.62 1.63169
96.63 1.63169
96.64 1.63169
96.65 1.63169
96.66 1.63169
96.67 1.63169
96.68 1.63169
96.69 1.63169
96.7 1.63169
96.71 1.63169
96.72 1.63169
96.73 1.63169
96.74 1.63169
96.75 1.63169
96.76 1.63169
96.77 1.63169
96.78 1.63169
96.79 1.63169
96.8 1.63169
96.81 1.63169
96.82 1.63169
96.83 1.63169
96.84 1.63169
96.85 1.63169
96.86 1.63169
96.87 1.63169
96.88 1.63169
96.89 1.63169
96.9 1.63169
96.91 1.63169
96.92 1.63169
96.93 1.63169
96.94 1.63169
96.95 1.63169
96.96 1.63169
96.97 1.63169
96.98 1.63169
96.99 1.63169
97 1.63169
97.01 1.63169
97.02 1.63169
97.03 1.63169
97.04 1.63169
97.05 1.63169
97.06 1.63169
97.07 1.63169
97.08 1.63169
97.09 1.63169
97.1 1.63169
97.11 1.63169
97.12 1.63169
97.13 1.63169
97.14 1.63169
97.15 1.63169
97.16 1.63169
97.17 1.63169
97.18 1.63169
97.19 1.63169
97.2 1.63169
97.21 1.63169
97.22 1.63169
97.23 1.63169
97.24 1.63169
97.25 1.63169
97.26 1.63169
97.27 1.63169
97.28 1.63169
97.29 1.63169
97.3 1.63169
97.31 1.63169
97.32 1.63169
97.33 1.63169
97.34 1.63169
97.35 1.63169
97.36 1.63169
97.37 1.63169
97.38 1.63169
97.39 1.63169
97.4 1.63169
97.41 1.63169
97.42 1.63169
97.43 1.63169
97.44 1.63169
97.45 1.63169
97.46 1.63169
97.47 1.63169
97.48 1.63169
97.49 1.63169
97.5 1.63169
97.51 1.63169
97.52 1.63169
97.53 1.63169
97.54 1.63169
97.55 1.63169
97.56 1.63169
97.57 1.63169
97.58 1.63169
97.59 1.63169
97.6 1.63169
97.61 1.63169
97.62 1.63169
97.63 1.63169
97.64 1.63169
97.65 1.63169
97.66 1.63169
97.67 1.63169
97.68 1.63169
97.69 1.63169
97.7 1.63169
97.71 1.63169
97.72 1.63169
97.73 1.63169
97.74 1.63169
97.75 1.63169
97.76 1.63169
97.77 1.63169
97.78 1.63169
97.79 1.63169
97.8 1.63169
97.81 1.63169
97.82 1.63169
97.83 1.63169
97.84 1.63169
97.85 1.63169
97.86 1.63169
97.87 1.63169
97.88 1.63169
97.89 1.63169
97.9 1.63169
97.91 1.63169
97.92 1.63169
97.93 1.63169
97.94 1.63169
97.95 1.63169
97.96 1.63169
97.97 1.63169
97.98 1.63169
97.99 1.63169
98 1.63169
98.01 1.63169
98.02 1.63169
98.03 1.63169
98.04 1.63169
98.05 1.63169
98.06 1.63169
98.07 1.63169
98.08 1.63169
98.09 1.63169
98.1 1.63169
98.11 1.63169
98.12 1.63169
98.13 1.63169
98.14 1.63169
98.15 1.63169
98.16 1.63169
98.17 1.63169
98.18 1.63169
98.19 1.63169
98.2 1.63169
98.21 1.63169
98.22 1.63169
98.23 1.63169
98.24 1.63169
98.25 1.63169
98.26 1.63169
98.27 1.63169
98.28 1.63169
98.29 1.63169
98.3 1.63169
98.31 1.63169
98.32 1.63169
98.33 1.63169
98.34 1.63168
98.35 1.63168
98.36 1.63168
98.37 1.63168
98.38 1.63168
98.39 1.63168
98.4 1.63168
98.41 1.63168
98.42 1.63168
98.43 1.63168
98.44 1.63168
98.45 1.63168
98.46 1.63168
98.47 1.63168
98.48 1.63168
98.49 1.63168
98.5 1.63168
98.51 1.63168
98.52 1.63168
98.53 1.63168
98.54 1.63168
98.55 1.63168
98.56 1.63168
98.57 1.63168
98.58 1.63168
98.59 1.63168
98.6 1.63168
98.61 1.63168
98.62 1.63168
98.63 1.63168
98.64 1.63168
98.65 1.63168
98.66 1.63168
98.67 1.63168
98.68 1.63168
98.69 1.63168
98.7 1.63168
98.71 1.63168
98.72 1.63168
98.73 1.63168
98.74 1.63168
98.75 1.63168
98.76 1.63168
98.77 1.63168
98.78 1.63168
98.79 1.63168
98.8 1.63168
98.81 1.63168
98.82 1.63168
98.83 1.63168
98.84 1.63168
98.85 1.63168
98.86 1.63168
98.87 1.63168
98.88 1.63168
98.89 1.63168
98.9 1.63168
98.91 1.63168
98.92 1.63168
98.93 1.63168
98.94 1.63168
98.95 1.63168
98.96 1.63168
98.97 1.63168
98.98 1.63168
98.99 1.63168
99 1.63168
99.01 1.63168
99.02 1.63168
99.03 1.63168
99.04 1.63168
99.05 1.63168
99.06 1.63168
99.07 1.63168
99.08 1.63168
99.09 1.63168
99.1 1.63168
99.11 1.63168
99.12 1.63168
99.13 1.63168
99.14 1.63168
99.15 1.63168
99.16 1.63168
99.17 1.63168
99.18 1.63168
99.19 1.63168
99.2 1.63168
99.21 1.63168
99.22 1.63168
99.23 1.63168
99.24 1.63168
99.25 1.63168
99.26 1.63168
99.27 1.63168
99.28 1.63168
99.29 1.63168
99.3 1.63168
99.31 1.63168
99.32 1.63168
99.33 1.63168
99.34 1.63168
99.35 1.63168
99.36 1.63168
99.37 1.63168
99.38 1.63168
99.39 1.63168
99.4 1.63168
99.41 1.63168
99.42 1.63168
99.43 1.63168
99.44 1.63168
99.45 1.63168
99.46 1.63168
99.47 1.63168
99.48 1.63168
99.49 1.63168
99.5 1.63168
99.51 1.63168
99.52 1.63168
99.53 1.63168
99.54 1.63168
99.55 1.63168
99.56 1.63168
99.57 1.63168
99.58 1.63168
99.59 1.63168
99.6 1.63168
99.61 1.63168
99.62 1.63168
99.63 1.63168
99.64 1.63168
99.65 1.63168
99.66 1.63168
99.67 1.63168
99.68 1.63168
99.69 1.63168
99.7 1.63168
99.71 1.63168
99.72 1.63168
99.73 1.63168
99.74 1.63168
99.75 1.63168
99.76 1.63168
99.77 1.63168
99.78 1.63168
99.79 1.63168
99.8 1.63168
99.81 1.63168
99.82 1.63168
99.83 1.63168
99.84 1.63168
99.85 1.63168
99.86 1.63168
99.87 1.63168
99.88 1.63168
99.89 1.63168
99.9 1.63168
99.91 1.63168
99.92 1.63168
99.93 1.63168
99.94 1.63168
99.95 1.63168
99.96 1.63168
99.97 1.63168
99.98 1.63168
99.99 1.63168
100 1.63168
100.01 1.63168
100.02 1.63168
100.03 1.63168
100.04 1.63168
100.05 1.63168
100.06 1.63168
100.07 1.63168
100.08 1.63168
100.09 1.63168
100.1 1.63168
100.11 1.63168
100.12 1.63168
100.13 1.63168
100.14 1.63168
100.15 1.63168
100.16 1.63168
100.17 1.63168
100.18 1.63168
100.19 1.63168
100.2 1.63168
100.21 1.63168
100.22 1.63168
100.23 1.63168
100.24 1.63168
100.25 1.63168
100.26 1.63168
100.27 1.63168
100.28 1.63168
100.29 1.63168
100.3 1.63168
100.31 1.63168
100.32 1.63168
100.33 1.63168
100.34 1.63168
100.35 1.63168
100.36 1.63168
100.37 1.63168
100.38 1.63168
100.39 1.63168
100.4 1.63168
100.41 1.63168
100.42 1.63168
100.43 1.63168
100.44 1.63168
100.45 1.63168
100.46 1.63168
100.47 1.63168
100.48 1.63168
100.49 1.63168
100.5 1.63168
100.51 1.63168
100.52 1.63168
100.53 1.63168
100.54 1.63168
100.55 1.63168
100.56 1.63168
100.57 1.63168
100.58 1.63168
100.59 1.63168
100.6 1.63168
100.61 1.63168
100.62 1.63168
100.63 1.63168
100.64 1.63168
100.65 1.63168
100.66 1.63168
100.67 1.63168
100.68 1.63168
100.69 1.63168
100.7 1.63168
100.71 1.63168
100.72 1.63168
100.73 1.63168
100.74 1.63168
100.75 1.63168
100.76 1.63168
100.77 1.63168
100.78 1.63168
100.79 1.63168
100.8 1.63168
100.81 1.63168
100.82 1.63169
100.83 1.63169
100.84 1.63169
100.85 1.63169
100.86 1.63169
100.87 1.63169
100.88 1.63169
100.89 1.63169
100.9 1.63169
100.91 1.63169
100.92 1.63169
100.93 1.63169
100.94 1.63169
100.95 1.63169
100.96 1.63169
100.97 1.63169
100.98 1.63169
100.99 1.63169
101 1.63169
101.01 1.63169
101.02 1.63169
101.03 1.63169
101.04 1.63169
101.05 1.63169
101.06 1.63169
101.07 1.63169
101.08 1.63169
101.09 1.63169
101.1 1.63169
101.11 1.63169
101.12 1.63169
101.13 1.63169
101.14 1.63169
101.15 1.63169
101.16 1.63169
101.17 1.63169
101.18 1.63169
101.19 1.63169
101.2 1.63169
101.21 1.63169
101.22 1.63169
101.23 1.63169
101.24 1.63169
101.25 1.63169
101.26 1.63169
101.27 1.63169
101.28 1.63169
101.29 1.63169
101.3 1.63169
101.31 1.63169
101.32 1.63169
101.33 1.63169
101.34 1.63169
101.35 1.63169
101.36 1.63169
101.37 1.63169
101.38 1.63169
101.39 1.63169
101.4 1.63169
101.41 1.63169
101.42 1.63169
101.43 1.63169
101.44 1.63169
101.45 1.63169
101.46 1.63169
101.47 1.63169
101.48 1.63169
101.49 1.63169
101.5 1.63169
101.51 1.63169
101.52 1.63169
101.53 1.63169
101.54 1.63169
101.55 1.63169
101.56 1.63169
101.57 1.63169
101.58 1.63169
101.59 1.63169
101.6 1.63169
101.61 1.63169
101.62 1.63169
101.63 1.63169
101.64 1.63169
101.65 1.63169
101.66 1.63169
101.67 1.63169
101.68 1.63169
101.69 1.63169
101.7 1.63169
101.71 1.63169
101.72 1.63169
101.73 1.63169
101.74 1.63169
101.75 1.63169
101.76 1.63169
101.77 1.63169
101.78 1.63169
101.79 1.63169
101.8 1.63169
101.81 1.63169
101.82 1.63169
101.83 1.63169
101.84 1.63169
101.85 1.63169
101.86 1.63168
101.87 1.63168
101.88 1.63168
101.89 1.63168
101.9 1.63168
101.91 1.63168
101.92 1.63168
101.93 1.63168
101.94 1.63168
101.95 1.63168
101.96 1.63168
101.97 1.63168
101.98 1.63168
101.99 1.63168
102 1.63168
102.01 1.63168
102.02 1.63168
102.03 1.63168
102.04 1.63168
102.05 1.63168
102.06 1.63168
102.07 1.63168
102.08 1.63168
102.09 1.63168
102.1 1.63168
102.11 1.63168
102.12 1.63168
102.13 1.63168
102.14 1.63168
102.15 1.63168
102.16 1.63168
102.17 1.63168
102.18 1.63168
102.19 1.63168
102.2 1.63168
102.21 1.63168
102.22 1.63168
102.23 1.63168
102.24 1.63168
102.25 1.63168
102.26 1.63168
102.27 1.63168
102.28 1.63168
102.29 1.63168
102.3 1.63168
102.31 1.63168
102.32 1.63168
102.33 1.63168
102.34 1.63168
102.35 1.63168
102.36 1.63168
102.37 1.63168
102.38 1.63168
102.39 1.63168
102.4 1.63168
102.41 1.63168
102.42 1.63168
102.43 1.63168
102.44 1.63168
102.45 1.63168
102.46 1.63168
102.47 1.63168
102.48 1.63168
102.49 1.63168
102.5 1.63168
102.51 1.63168
102.52 1.63168
102.53 1.63168
102.54 1.63168
102.55 1.63168
102.56 1.63168
102.57 1.63168
102.58 1.63168
102.59 1.63168
102.6 1.63168
102.61 1.63168
102.62 1.63168
102.63 1.63168
102.64 1.63168
102.65 1.63168
102.66 1.63168
102.67 1.63168
102.68 1.63168
102.69 1.63168
102.7 1.63168
102.71 1.63168
102.72 1.63168
102.73 1.63168
102.74 1.63168
102.75 1.63168
102.76 1.63168
102.77 1.63168
102.78 1.63168
102.79 1.63168
102.8 1.63168
102.81 1.63168
102.82 1.63168
102.83 1.63168
102.84 1.63168
102.85 1.63168
102.86 1.63168
102.87 1.63168
102.88 1.63168
102.89 1.63168
102.9 1.63168
102.91 1.63168
102.92 1.63168
102.93 1.63168
102.94 1.63168
102.95 1.63168
102.96 1.63168
102.97 1.63168
102.98 1.63168
102.99 1.63168
103 1.63168
103.01 1.63168
103.02 1.63168
103.03 1.63168
103.04 1.63168
103.05 1.63168
103.06 1.63168
103.07 1.63168
103.08 1.63168
103.09 1.63168
103.1 1.63168
103.11 1.63168
103.12 1.63168
103.13 1.63168
103.14 1.63168
103.15 1.63168
103.16 1.63168
103.17 1.63168
103.18 1.63168
103.19 1.63168
103.2 1.63168
103.21 1.63168
103.22 1.63168
103.23 1.63168
103.24 1.63168
103.25 1.63168
103.26 1.63168
103.27 1.63168
103.28 1.63168
103.29 1.63168
103.3 1.63168
103.31 1.63168
103.32 1.63168
103.33 1.63168
103.34 1.63168
103.35 1.63168
103.36 1.63168
103.37 1.63168
103.38 1.63168
103.39 1.63168
103.4 1.63168
103.41 1.63168
103.42 1.63168
103.43 1.63168
103.44 1.63168
103.45 1.63168
103.46 1.63168
103.47 1.63168
103.48 1.63168
103.49 1.63168
103.5 1.63168
103.51 1.63168
103.52 1.63168
103.53 1.63168
103.54 1.63168
103.55 1.63168
103.56 1.63168
103.57 1.63168
103.58 1.63168
103.59 1.63168
103.6 1.63168
103.61 1.63168
103.62 1.63168
103.63 1.63168
103.64 1.63168
103.65 1.63168
103.66 1.63168
103.67 1.63168
103.68 1.63168
103.69 1.63168
103.7 1.63168
103.71 1.63168
103.72 1.63168
103.73 1.63168
103.74 1.63168
103.75 1.63168
103.76 1.63168
103.77 1.63168
103.78 1.63168
103.79 1.63168
103.8 1.63168
103.81 1.63168
103.82 1.63168
103.83 1.63168
103.84 1.63168
103.85 1.63168
103.86 1.63168
103.87 1.63168
103.88 1.63168
103.89 1.63168
103.9 1.63168
103.91 1.63168
103.92 1.63168
103.93 1.63168
103.94 1.63168
103.95 1.63168
103.96 1.63168
103.97 1.63168
103.98 1.63168
103.99 1.63168
104 1.63168
104.01 1.63168
104.02 1.63168
104.03 1.63168
104.04 1.63168
104.05 1.63168
104.06 1.63168
104.07 1.63168
104.08 1.63168
104.09 1.63168
104.1 1.63168
104.11 1.63168
104.12 1.63168
104.13 1.63168
104.14 1.63168
104.15 1.63168
104.16 1.63168
104.17 1.63168
104.18 1.63168
104.19 1.63168
104.2 1.63168
104.21 1.63168
104.22 1.63168
104.23 1.63168
104.24 1.63168
104.25 1.63168
104.26 1.63168
104.27 1.63168
104.28 1.63168
104.29 1.63168
104.3 1.63168
104.31 1.63168
104.32 1.63168
104.33 1.63168
104.34 1.63168
104.35 1.63168
104.36 1.63168
104.37 1.63168
104.38 1.63168
104.39 1.63168
104.4 1.63168
104.41 1.63168
104.42 1.63168
104.43 1.63168
104.44 1.63168
104.45 1.63168
104.46 1.63168
104.47 1.63168
104.48 1.63168
104.49 1.63168
104.5 1.63168
104.51 1.63168
104.52 1.63168
104.53 1.63168
104.54 1.63168
104.55 1.63168
104.56 1.63168
104.57 1.63168
104.58 1.63168
104.59 1.63168
104.6 1.63168
104.61 1.63168
104.62 1.63168
104.63 1.63168
104.64 1.63168
104.65 1.63168
104.66 1.63168
104.67 1.63168
104.68 1.63168
104.69 1.63168
104.7 1.63168
104.71 1.63168
104.72 1.63168
104.73 1.63168
104.74 1.63168
104.75 1.63168
104.76 1.63168
104.77 1.63168
104.78 1.63168
104.79 1.63168
104.8 1.63168
104.81 1.63168
104.82 1.63168
104.83 1.63168
104.84 1.63169
104.85 1.63169
104.86 1.63169
104.87 1.63169
104.88 1.63169
104.89 1.63169
104.9 1.63169
104.91 1.63169
104.92 1.63169
104.93 1.63169
104.94 1.63169
104.95 1.63169
104.96 1.63169
104.97 1.63169
104.98 1.63169
104.99 1.63169
105 1.63169
105.01 1.63169
105.02 1.63169
105.03 1.63169
105.04 1.63169
105.05 1.63169
105.06 1.63169
105.07 1.63169
105.08 1.63169
105.09 1.63169
105.1 1.63169
105.11 1.63169
105.12 1.63169
105.13 1.63169
105.14 1.63169
105.15 1.63169
105.16 1.63169
105.17 1.63169
105.18 1.63169
105.19 1.63169
105.2 1.63169
105.21 1.63169
105.22 1.63169
105.23 1.63169
105.24 1.63169
105.25 1.63169
105.26 1.63169
105.27 1.63169
105.28 1.63169
105.29 1.63169
105.3 1.63169
105.31 1.63169
105.32 1.63169
105.33 1.63169
105.34 1.63169
105.35 1.63169
105.36 1.63169
105.37 1.63169
105.38 1.63169
105.39 1.63169
105.4 1.63169
105.41 1.63169
105.42 1.63169
105.43 1.63169
105.44 1.63169
105.45 1.63169
105.46 1.63169
105.47 1.63169
105.48 1.63169
105.49 1.63169
105.5 1.63169
105.51 1.63169
105.52 1.63169
105.53 1.63169
105.54 1.63169
105.55 1.63169
105.56 1.63169
105.57 1.63169
105.58 1.63169
105.59 1.63169
105.6 1.63169
105.61 1.63169
105.62 1.63169
105.63 1.63169
105.64 1.63169
105.65 1.63169
105.66 1.63169
105.67 1.63169
105.68 1.63169
105.69 1.63169
105.7 1.63169
105.71 1.63169
105.72 1.63169
105.73 1.63169
105.74 1.63169
105.75 1.63169
105.76 1.63169
105.77 1.63169
105.78 1.63169
105.79 1.63169
105.8 1.63169
105.81 1.63169
105.82 1.63169
105.83 1.63169
105.84 1.63169
105.85 1.63169
105.86 1.63169
105.87 1.63169
105.88 1.63169
105.89 1.63169
105.9 1.63169
105.91 1.63169
105.92 1.63169
105.93 1.63169
105.94 1.63169
105.95 1.63169
105.96 1.63169
105.97 1.63169
105.98 1.63169
105.99 1.63169
106 1.63169
106.01 1.63169
106.02 1.63169
106.03 1.63169
106.04 1.63169
106.05 1.63169
106.06 1.63169
106.07 1.63169
106.08 1.63169
106.09 1.63169
106.1 1.63169
106.11 1.63169
106.12 1.63169
106.13 1.63169
106.14 1.63169
106.15 1.63169
106.16 1.63169
106.17 1.63169
106.18 1.63169
106.19 1.63169
106.2 1.63169
106.21 1.63169
106.22 1.63169
106.23 1.63169
106.24 1.63169
106.25 1.63169
106.26 1.63169
106.27 1.63169
106.28 1.63169
106.29 1.63169
106.3 1.63169
106.31 1.63169
106.32 1.63169
106.33 1.63169
106.34 1.63169
106.35 1.63169
106.36 1.63169
106.37 1.63168
106.38 1.63168
106.39 1.63168
106.4 1.63168
106.41 1.63168
106.42 1.63168
106.43 1.63168
106.44 1.63168
106.45 1.63168
106.46 1.63168
106.47 1.63168
106.48 1.63168
106.49 1.63168
106.5 1.63168
106.51 1.63168
106.52 1.63168
106.53 1.63168
106.54 1.63168
106.55 1.63168
106.56 1.63168
106.57 1.63168
106.58 1.63168
106.59 1.63168
106.6 1.63168
106.61 1.63168
106.62 1.63168
106.63 1.63168
106.64 1.63168
106.65 1.63168
106.66 1.63168
106.67 1.63168
106.68 1.63168
106.69 1.63168
106.7 1.63168
106.71 1.63168
106.72 1.63168
106.73 1.63168
106.74 1.63168
106.75 1.63168
106.76 1.63168
106.77 1.63168
106.78 1.63168
106.79 1.63168
106.8 1.63168
106.81 1.63168
106.82 1.63168
106.83 1.63168
106.84 1.63168
106.85 1.63168
106.86 1.63168
106.87 1.63168
106.88 1.63168
106.89 1.63168
106.9 1.63168
106.91 1.63168
106.92 1.63168
106.93 1.63168
106.94 1.63168
106.95 1.63168
106.96 1.63168
106.97 1.63168
106.98 1.63168
106.99 1.63168
107 1.63168
107.01 1.63168
107.02 1.63168
107.03 1.63168
107.04 1.63168
107.05 1.63168
107.06 1.63168
107.07 1.63168
107.08 1.63168
107.09 1.63168
107.1 1.63168
107.11 1.63168
107.12 1.63168
107.13 1.63168
107.14 1.63168
107.15 1.63168
107.16 1.63168
107.17 1.63168
107.18 1.63168
107.19 1.63168
107.2 1.63168
107.21 1.63168
107.22 1.63168
107.23 1.63168
107.24 1.63168
107.25 1.63168
107.26 1.63168
107.27 1.63168
107.28 1.63168
107.29 1.63168
107.3 1.63168
107.31 1.63168
107.32 1.63168
107.33 1.63168
107.34 1.63168
107.35 1.63168
107.36 1.63168
107.37 1.63168
107.38 1.63168
107.39 1.63168
107.4 1.63168
107.41 1.63168
107.42 1.63168
107.43 1.63168
107.44 1.63168
107.45 1.63168
107.46 1.63168
107.47 1.63168
107.48 1.63168
107.49 1.63168
107.5 1.63168
107.51 1.63168
107.52 1.63168
107.53 1.63168
107.54 1.63168
107.55 1.63168
107.56 1.63168
107.57 1.63168
107.58 1.63168
107.59 1.63168
107.6 1.63168
107.61 1.63168
107.62 1.63168
107.63 1.63168
107.64 1.63168
107.65 1.63168
107.66 1.63168
107.67 1.63168
107.68 1.63168
107.69 1.63168
107.7 1.63168
107.71 1.63168
107.72 1.63168
107.73 1.63168
107.74 1.63168
107.75 1.63168
107.76 1.63168
107.77 1.63168
107.78 1.63168
107.79 1.63168
107.8 1.63168
107.81 1.63168
107.82 1.63168
107.83 1.63168
107.84 1.63168
107.85 1.63168
107.86 1.63168
107.87 1.63168
107.88 1.63168
107.89 1.63168
107.9 1.63168
107.91 1.63168
107.92 1.63168
107.93 1.63168
107.94 1.63168
107.95 1.63168
107.96 1.63168
107.97 1.63168
107.98 1.63168
107.99 1.63168
108 1.63168
108.01 1.63168
108.02 1.63168
108.03 1.63168
108.04 1.63168
108.05 1.63168
108.06 1.63168
108.07 1.63168
108.08 1.63168
108.09 1.63168
108.1 1.63168
108.11 1.63168
108.12 1.63168
108.13 1.63168
108.14 1.63168
108.15 1.63168
108.16 1.63168
108.17 1.63168
108.18 1.63168
108.19 1.63168
108.2 1.63168
108.21 1.63168
108.22 1.63168
108.23 1.63168
108.24 1.63168
108.25 1.63168
108.26 1.63168
108.27 1.63168
108.28 1.63168
108.29 1.63168
108.3 1.63168
108.31 1.63168
108.32 1.63168
108.33 1.63168
108.34 1.63168
108.35 1.63168
108.36 1.63168
108.37 1.63168
108.38 1.63168
108.39 1.63168
108.4 1.63168
108.41 1.63168
108.42 1.63168
108.43 1.63168
108.44 1.63168
108.45 1.63168
108.46 1.63168
108.47 1.63168
108.48 1.63168
108.49 1.63168
108.5 1.63168
108.51 1.63168
108.52 1.63168
108.53 1.63168
108.54 1.63168
108.55 1.63168
108.56 1.63168
108.57 1.63168
108.58 1.63168
108.59 1.63168
108.6 1.63168
108.61 1.63168
108.62 1.63168
108.63 1.63168
108.64 1.63168
108.65 1.63168
108.66 1.63168
108.67 1.63168
108.68 1.63168
108.69 1.63168
108.7 1.63168
108.71 1.63168
108.72 1.63168
108.73 1.63168
108.74 1.63168
108.75 1.63168
108.76 1.63168
108.77 1.63168
108.78 1.63168
108.79 1.63168
108.8 1.63168
108.81 1.63168
108.82 1.63168
108.83 1.63168
108.84 1.63168
108.85 1.63168
108.86 1.63168
108.87 1.63168
108.88 1.63168
108.89 1.63168
108.9 1.63168
108.91 1.63168
108.92 1.63168
108.93 1.63168
108.94 1.63168
108.95 1.63168
108.96 1.63168
108.97 1.63168
108.98 1.63168
108.99 1.63168
109 1.63168
109.01 1.63168
109.02 1.63168
109.03 1.63168
109.04 1.63168
109.05 1.63168
109.06 1.63168
109.07 1.63168
109.08 1.63168
109.09 1.63168
109.1 1.63168
109.11 1.63168
109.12 1.63168
109.13 1.63168
109.14 1.63168
109.15 1.63168
109.16 1.63168
109.17 1.63168
109.18 1.63168
109.19 1.63168
109.2 1.63168
109.21 1.63168
109.22 1.63168
109.23 1.63168
109.24 1.63168
109.25 1.63168
109.26 1.63168
109.27 1.63168
109.28 1.63168
109.29 1.63168
109.3 1.63168
109.31 1.63168
109.32 1.63168
109.33 1.63168
109.34 1.63168
109.35 1.63168
109.36 1.63168
109.37 1.63168
109.38 1.63168
109.39 1.63168
109.4 1.63168
109.41 1.63169
109.42 1.63169
109.43 1.63169
109.44 1.63169
109.45 1.63169
109.46 1.63169
109.47 1.63169
109.48 1.63169
109.49 1.63169
109.5 1.63169
109.51 1.63169
109.52 1.63169
109.53 1.63169
109.54 1.63169
109.55 1.63169
109.56 1.63169
109.57 1.63169
109.58 1.63169
109.59 1.63169
109.6 1.63169
109.61 1.63169
109.62 1.63169
109.63 1.63169
109.64 1.63169
109.65 1.63169
109.66 1.63169
109.67 1.63169
109.68 1.63169
109.69 1.63169
109.7 1.63169
109.71 1.63169
109.72 1.63169
109.73 1.63169
109.74 1.63169
109.75 1.63169
109.76 1.63169
109.77 1.63169
109.78 1.63169
109.79 1.63169
109.8 1.63169
109.81 1.63169
109.82 1.63169
109.83 1.63169
109.84 1.63169
109.85 1.63169
109.86 1.63169
109.87 1.63169
109.88 1.63169
109.89 1.63169
109.9 1.63169
109.91 1.63169
109.92 1.63169
109.93 1.63169
109.94 1.63169
109.95 1.63169
109.96 1.63169
109.97 1.63169
109.98 1.63169
109.99 1.63169
110 1.63169
110.01 1.63169
110.02 1.63169
