0 0.641684 -0.115053 0.108406 0.914393 -0.303624 -0.324707 -0.0400684 0.820115 -0.0738815 0.229119 -0.958981 0.858301 -0.749217 0.409074 0.815375 0.231659 0.926125 -0.396872 -0.0068365 0.37825 -0.251164 -0.219416 -0.97938 -0.624369 -0.0577845 -0.803349 0.00329175 -0.537994 0.200249 0.617222 9.62526 -1.7258 1.3313 1.93579 -4.55437 -4.87061 -0.601026 12.3017 -1.10822 1.22912 0.0410192 1.8583 0.250783 -59.0926 0.907687 -0.384171 13.8919 -5.95307 1.24487 1.53369 -3.76747 8.29321 -14.6907 -9.36553 -0.866768 0.196651 1.00329 -153.799 0.600124 0.808611 1.45769 2.55896 1.26557 1.20071 -1.07672 -0.604556 -0.403852 1.64677 1.02688 0.87202 0.738953 0.950376 0.915089 -98.9116 0.460998 -0.440236 0.606945 -1.92347 1.25084 1.288 1.67115 9.37219 0.95735 -0.912283 0.295956 0.984256 1.0021 -84.3284 0.455573 0.5636
1 0.641684 -0.115053 0.108406 0.914393 -0.303624 -0.324707 -0.0400684 0.820115 -0.0738815 0.229119 -0.958981 0.858301 -0.749217 0.409074 0.815375 0.231659 0.926125 -0.396872 -0.0068365 0.37825 -0.251164 -0.219416 -0.97938 -0.624369 -0.0577845 -0.803349 0.00329175 -0.537994 0.200249 0.617222 9.62526 -1.7258 1.3313 1.93579 -4.55437 -4.87061 -0.601026 12.3017 -1.10822 1.22912 0.0410192 1.8583 0.250783 -59.0926 0.907687 -0.384171 13.8919 -5.95307 1.24487 1.53369 -3.76747 8.29321 -14.6907 -9.36553 -0.866768 0.196651 1.00329 -153.799 0.600124 0.808611 2.37577 2.36806 1.30195 1.31699 -0.234784 -0.637708 -1.1785 0.593635 0.605799 0.877015 0.650543 0.943002 0.887872 -93.852 0.488663 -0.45601 0.651072 -0.980921 1.22081 1.34393 1.67279 9.83464 0.769996 -0.437789 0.482994 1.04282 1.03373 -86.7992 0.465612 0.581291
2 0.641684 -0.115053 0.108406 0.914393 -0.303624 -0.324707 -0.0400684 0.820115 -0.0738815 0.229119 -0.958981 0.858301 -0.749217 0.409074 0.815375 0.231659 0.926125 -0.396872 -0.0068365 0.37825 -0.251164 -0.219416 -0.97938 -0.624369 -0.0577845 -0.803349 0.00329175 -0.537994 0.200249 0.617222 9.62526 -1.7258 1.3313 1.93579 -4.55437 -4.87061 -0.601026 12.3017 -1.10822 1.22912 0.0410192 1.8583 0.250783 -59.0926 0.907687 -0.384171 13.8919 -5.95307 1.24487 1.53369 -3.76747 8.29321 -14.6907 -9.36553 -0.866768 0.196651 1.00329 -153.799 0.600124 0.808611 2.28283 2.58949 1.35014 1.29208 0.217953 -1.02388 -0.188184 1.85428 0.758109 0.803937 0.586441 0.999138 0.795457 -95.2938 0.504084 -0.407003 1.15645 -0.620133 1.17485 1.30197 2.92234 9.76364 -0.41838 -1.07902 1.20097 1.01636 1.08861 -86.5153 0.435319 0.543714
3 0.641684 -0.115053 0.108406 0.914393 -0.303624 -0.324707 -0.0400684 0.820115 -0.0738815 0.229119 -0.958981 0.858301 -0.749217 0.409074 0.815375 0.231659 0.926125 -0.396872 -0.0068365 0.37825 -0.251164 -0.219416 -0.97938 -0.624369 -0.0577845 -0.803349 0.00329175 -0.537994 0.200249 0.617222 9.62526 -1.7258 1.3313 1.93579 -4.55437 -4.87061 -0.601026 12.3017 -1.10822 1.22912 0.0410192 1.8583 0.250783 -59.0926 0.907687 -0.384171 13.8919 -5.95307 1.24487 1.53369 -3.76747 8.29321 -14.6907 -9.36553 -0.866768 0.196651 1.00329 -153.799 0.600124 0.808611 1.17479 3.10892 1.30353 1.37378 -0.670692 -1.92313 -0.127492 2.63417 0.505114 0.807143 0.571031 1.03614 0.732897 -91.4704 0.525752 -0.447438 1.74776 0.62334 1.19681 1.3055 1.3915 9.54223 0.537115 -0.848224 -0.653385 1.02339 1.07053 -90.1752 0.441985 0.533714
4 -0.835185 -0.164766 0.688927 -1 -0.256876 -0.342318 -0.436022 0.865935 -0.720532 -0.998372 0.167684 0.408827 -0.706532 -0.633081 0.596961 0.255808 0.153707 0.562769 -0.164095 0.400121 -0.970501 0.251045 0.711769 -0.638089 -0.187031 -0.233612 0.954308 -0.400416 0.171418 0.0311775 -12.5278 -2.47149 1.7667 0.5 -3.85314 -5.13477 -6.54033 12.989 -10.808 0.00162808 1.16768 1.40883 0.293468 -163.308 0.798481 -0.372096 2.3056 8.44154 1.12693 1.55009 -14.5575 10.8807 10.6765 -9.57134 -2.80546 0.766388 1.95431 -140.042 0.585709 0.515589 0.962793 2.2332 1.28474 1.37433 -1.09805 -1.64955 -0.612507 2.33669 0.359132 0.771856 0.621798 1.12809 0.746752 -92.6113 0.557329 -0.451234 2.50437 1.20067 1.21847 1.30627 1.13609 9.90176 0.837322 -0.201759 -0.881543 0.991751 0.98381 -82.3409 0.451678 0.614384
5 -0.835185 -0.164766 0.688927 -1 -0.256876 -0.342318 -0.436022 0.865935 -0.720532 -0.998372 0.167684 0.408827 -0.706532 -0.633081 0.596961 0.255808 0.153707 0.562769 -0.164095 0.400121 -0.970501 0.251045 0.711769 -0.638089 -0.187031 -0.233612 0.954308 -0.400416 0.171418 0.0311775 -12.5278 -2.47149 1.7667 0.5 -3.85314 -5.13477 -6.54033 12.989 -10.808 0.00162808 1.16768 1.40883 0.293468 -163.308 0.798481 -0.372096 2.3056 8.44154 1.12693 1.55009 -14.5575 10.8807 10.6765 -9.57134 -2.80546 0.766388 1.95431 -140.042 0.585709 0.515589 0.886615 1.23634 1.29737 1.33131 -0.266467 -1.9654 0.783507 3.54481 0.54319 0.72148 0.627787 1.14979 0.638938 -88.8037 0.547422 -0.429709 1.85718 1.42932 1.19073 1.29266 1.51282 9.89426 -0.0366741 1.69323 -0.219043 1.02321 0.930023 -86.5142 0.455366 0.650816
6 -0.849229 -0.074716 0.638335 -0.856182 -0.312691 -0.178258 -0.474686 0.783919 -0.755203 -0.870923 0.413238 0.530223 -0.885909 -0.510537 0.568725 0.0790734 0.0783162 0.527777 0.146091 0.404716 -0.940238 0.517122 0.702266 -0.481726 -0.307922 -0.205307 0.862953 -0.29418 0.181188 0.0278722 -12.7384 -1.12074 1.72875 0.607863 -4.69036 -2.67388 -7.12029 11.7588 -11.328 0.129077 1.41324 1.53022 0.114091 -151.054 0.784363 -0.460463 1.17474 7.91665 1.35957 1.55354 -14.1036 12.3442 10.534 -7.22589 -4.61882 0.794693 1.86295 -129.418 0.590594 0.513936 1.07687 0.850129 1.30637 1.318 0.589764 -1.64266 0.683096 4.04178 0.3606 0.604449 0.68756 1.14096 0.669954 -90.9206 0.581085 -0.430905 1.56692 1.5911 1.16476 1.32064 0.525825 9.88931 0.545586 1.72431 -1.10247 1.09235 1.04612 -84.3026 0.499088 0.622385
7 -0.849229 -0.074716 0.638335 -0.856182 -0.312691 -0.178258 -0.474686 0.783919 -0.755203 -0.870923 0.413238 0.530223 -0.885909 -0.510537 0.568725 0.0790734 0.0783162 0.527777 0.146091 0.404716 -0.940238 0.517122 0.702266 -0.481726 -0.307922 -0.205307 0.862953 -0.29418 0.181188 0.0278722 -12.7384 -1.12074 1.72875 0.607863 -4.69036 -2.67388 -7.12029 11.7588 -11.328 0.129077 1.41324 1.53022 0.114091 -151.054 0.784363 -0.460463 1.17474 7.91665 1.35957 1.55354 -14.1036 12.3442 10.534 -7.22589 -4.61882 0.794693 1.86295 -129.418 0.590594 0.513936 0.426789 0.705557 1.37757 1.29584 0.133246 -2.1462 -0.543608 3.9921 0.279582 0.643916 0.639846 1.13555 0.535673 -97.2601 0.611626 -0.406539 0.927238 3.3337 1.18497 1.3437 -0.0757255 9.98621 0.638104 1.6687 -1.43068 1.02204 1.04974 -79.9913 0.498534 0.603784
8 0.418062 -0.54706 0.126811 0.896523 -0.342861 -0.593744 0.00584194 0.642518 -0.202101 0.421125 -0.640982 0.60859 -0.867022 0.197886 0.556968 0.0369434 0.873064 -0.448633 -0.174108 0.284078 -0.401307 -0.596087 -1 -0.52892 0.230484 -1 -0.0872233 -0.628794 0.0421098 0.519416 6.27093 -8.20591 1.34511 1.92239 -5.14291 -8.90616 0.0876291 9.63778 -3.03151 1.42113 0.359018 1.60859 0.132978 -80.2114 0.778484 -0.481528 13.096 -6.72949 1.11942 1.46306 -6.01961 6.22152 -15 -7.93379 3.45725 0 0.912777 -162.879 0.521055 0.759708 1.19467 1.36706 1.4554 1.29209 -1.09846 -2.05415 -1.75978 4.81958 -1.06796 0.609729 0.655099 1.21661 0.595811 -99.6091 0.639997 -0.441425 -0.515475 4.18625 1.19659 1.43312 -0.764451 10.0085 2.01913 1.26941 -0.479587 0.8564 1.02292 -93.6006 0.508181 0.622928
9 0.418062 -0.54706 0.126811 0.896523 -0.342861 -0.593744 0.00584194 0.642518 -0.202101 0.421125 -0.640982 0.60859 -0.867022 0.197886 0.556968 0.0369434 0.873064 -0.448633 -0.174108 0.284078 -0.401307 -0.596087 -1 -0.52892 0.230484 -1 -0.0872233 -0.628794 0.0421098 0.519416 6.27093 -8.20591 1.34511 1.92239 -5.14291 -8.90616 0.0876291 9.63778 -3.03151 1.42113 0.359018 1.60859 0.132978 -80.2114 0.778484 -0.481528 13.096 -6.72949 1.11942 1.46306 -6.01961 6.22152 -15 -7.93379 3.45725 0 0.912777 -162.879 0.521055 0.759708 1.01339 0.927409 1.48415 1.27042 -1.18711 -2.86691 -1.47161 4.88653 -2.74495 0.650438 0.607015 1.28541 0.583484 -96.887 0.614506 -0.449106 0.596459 3.11156 1.22002 1.40941 -0.915146 9.73908 1.10452 1.20632 -0.852275 0.850196 1.12458 -95.9168 0.50807 0.618583
10 0.428708 -0.536039 0.152595 0.899944 -0.351916 -0.636567 -0.0464724 0.620604 -0.183957 0.455987 -0.660183 0.565544 -0.842424 0.181044 0.509143 0.0441715 0.906425 -0.403045 -0.177086 0.317025 -0.375273 -0.592097 -0.990747 -0.515474 0.193369 -1 -0.0889138 -0.62982 0.0262443 0.487873 6.43062 -8.04058 1.36445 1.92496 -5.27874 -9.5485 -0.697086 9.30906 -2.75935 1.45599 0.339817 1.56554 0.157576 -81.8956 0.754571 -0.477914 13.5964 -6.04567 1.11719 1.48777 -5.6291 6.24347 -14.8612 -7.7321 2.90054 0 0.911086 -162.982 0.513122 0.743936 1.03787 0.767513 1.52789 1.31425 -1.10514 -3.83897 -2.5277 6.43242 -1.35233 0.640474 0.609655 1.32316 0.611235 -90.935 0.621485 -0.417968 1.81421 1.71514 1.2668 1.4359 -0.447042 9.15642 -0.467081 0.602359 0.53752 0.877397 1.1625 -96.4862 0.534355 0.574719
11 0.428708 -0.536039 0.152595 0.899944 -0.351916 -0.636567 -0.0464724 0.620604 -0.183957 0.455987 -0.660183 0.565544 -0.842424 0.181044 0.509143 0.0441715 0.906425 -0.403045 -0.177086 0.317025 -0.375273 -0.592097 -0.990747 -0.515474 0.193369 -1 -0.0889138 -0.62982 0.0262443 0.487873 6.43062 -8.04058 1.36445 1.92496 -5.27874 -9.5485 -0.697086 9.30906 -2.75935 1.45599 0.339817 1.56554 0.157576 -81.8956 0.754571 -0.477914 13.5964 -6.04567 1.11719 1.48777 -5.6291 6.24347 -14.8612 -7.7321 2.90054 0 0.911086 -162.982 0.513122 0.743936 2.18195 0.756561 1.4741 1.31264 -1.04255 -4.35601 -1.49217 6.48216 -3.8053 0.562323 0.501023 1.31877 0.595584 -88.1381 0.651041 -0.441305 1.89298 2.35817 1.28624 1.43244 -0.56499 9.20458 -0.688454 0.944395 0.151896 0.851647 1.1516 -99.1267 0.518843 0.603742
12 0.428708 -0.536039 0.152595 0.899944 -0.351916 -0.636567 -0.0464724 0.620604 -0.183957 0.455987 -0.660183 0.565544 -0.842424 0.181044 0.509143 0.0441715 0.906425 -0.403045 -0.177086 0.317025 -0.375273 -0.592097 -0.990747 -0.515474 0.193369 -1 -0.0889138 -0.62982 0.0262443 0.487873 6.43062 -8.04058 1.36445 1.92496 -5.27874 -9.5485 -0.697086 9.30906 -2.75935 1.45599 0.339817 1.56554 0.157576 -81.8956 0.754571 -0.477914 13.5964 -6.04567 1.11719 1.48777 -5.6291 6.24347 -14.8612 -7.7321 2.90054 0 0.911086 -162.982 0.513122 0.743936 1.82735 0.749918 1.47584 1.37328 -0.393354 -4.54747 -1.82508 5.39588 -4.37784 0.680602 0.43783 1.33104 0.576814 -92.0145 0.588804 -0.436058 3.8178 4.40037 1.25723 1.35268 0.095407 8.84189 -2.85693 0.0366369 -0.0458807 0.905674 1.07768 -110.377 0.488349 0.613425
13 0.428708 -0.536039 0.152595 0.899944 -0.351916 -0.636567 -0.0464724 0.620604 -0.183957 0.455987 -0.660183 0.565544 -0.842424 0.181044 0.509143 0.0441715 0.906425 -0.403045 -0.177086 0.317025 -0.375273 -0.592097 -0.990747 -0.515474 0.193369 -1 -0.0889138 -0.62982 0.0262443 0.487873 6.43062 -8.04058 1.36445 1.92496 -5.27874 -9.5485 -0.697086 9.30906 -2.75935 1.45599 0.339817 1.56554 0.157576 -81.8956 0.754571 -0.477914 13.5964 -6.04567 1.11719 1.48777 -5.6291 6.24347 -14.8612 -7.7321 2.90054 0 0.911086 -162.982 0.513122 0.743936 0.834018 0.311698 1.48419 1.36189 -1.1282 -4.72929 -1.73096 6.194 -4.561 0.68756 0.39972 1.34065 0.520998 -89.7924 0.622907 -0.452909 4.66888 4.74331 1.25753 1.34262 -0.974731 8.79924 -3.27746 0.30763 0.29897 0.927377 1.03079 -106.094 0.478979 0.621406
14 0.396846 -0.528311 0.16395 0.986728 -0.304103 -0.695601 -0.0101179 0.683213 -0.21251 0.391852 -0.751326 0.550991 -0.841637 0.152315 0.506802 0.1272 0.892945 -0.416096 -0.172558 0.382926 -0.352872 -0.521388 -1 -0.491698 0.251598 -0.983031 -0.0383677 -0.627543 0.0772324 0.530624 5.95269 -7.92466 1.37296 1.99005 -4.56154 -10.434 -0.151768 10.2482 -3.18764 1.39185 0.248674 1.55099 0.158363 -84.7685 0.753401 -0.4364 13.3942 -6.24144 1.12058 1.53719 -5.29308 6.63237 -15 -7.37547 3.77397 0.0169688 0.961632 -162.754 0.538616 0.765312 0.0241258 -0.322185 1.4394 1.34802 -1.1312 -5.24849 -0.133031 5.70034 -3.9223 0.674719 0.384795 1.27937 0.479966 -97.3902 0.613634 -0.463292 5.914 4.88568 1.272 1.31332 -1.01728 8.84414 -3.19915 -0.618074 1.3884 0.903202 1.05606 -114.514 0.465696 0.653961
15 0.396846 -0.528311 0.16395 0.986728 -0.304103 -0.695601 -0.0101179 0.683213 -0.21251 0.391852 -0.751326 0.550991 -0.841637 0.152315 0.506802 0.1272 0.892945 -0.416096 -0.172558 0.382926 -0.352872 -0.521388 -1 -0.491698 0.251598 -0.983031 -0.0383677 -0.627543 0.0772324 0.530624 5.95269 -7.92466 1.37296 1.99005 -4.56154 -10.434 -0.151768 10.2482 -3.18764 1.39185 0.248674 1.55099 0.158363 -84.7685 0.753401 -0.4364 13.3942 -6.24144 1.12058 1.53719 -5.29308 6.63237 -15 -7.37547 3.77397 0.0169688 0.961632 -162.754 0.538616 0.765312 0.440056 -1.5363 1.45658 1.34149 -0.577768 -5.5541 -0.30114 6.43428 -3.81629 0.643018 0.414967 1.30025 0.464537 -96.8209 0.610669 -0.439002 5.50477 4.02845 1.30603 1.38872 -0.930832 8.70915 -5.41014 1.14489 2.34406 0.823634 0.982379 -110.284 0.475725 0.669443
16 0.396846 -0.528311 0.16395 0.986728 -0.304103 -0.695601 -0.0101179 0.683213 -0.21251 0.391852 -0.751326 0.550991 -0.841637 0.152315 0.506802 0.1272 0.892945 -0.416096 -0.172558 0.382926 -0.352872 -0.521388 -1 -0.491698 0.251598 -0.983031 -0.0383677 -0.627543 0.0772324 0.530624 5.95269 -7.92466 1.37296 1.99005 -4.56154 -10.434 -0.151768 10.2482 -3.18764 1.39185 0.248674 1.55099 0.158363 -84.7685 0.753401 -0.4364 13.3942 -6.24144 1.12058 1.53719 -5.29308 6.63237 -15 -7.37547 3.77397 0.0169688 0.961632 -162.754 0.538616 0.765312 0.831325 -1.06902 1.43206 1.35789 -0.350961 -6.25529 -0.0523009 6.44828 -3.51597 0.648202 0.431947 1.28881 0.441952 -99.7015 0.580614 -0.358916 4.51508 3.62778 1.31691 1.32991 -1.47481 8.94156 -8.39505 0.619582 1.45814 0.711207 0.967853 -109.656 0.481665 0.690997
17 0.396846 -0.528311 0.16395 0.986728 -0.304103 -0.695601 -0.0101179 0.683213 -0.21251 0.391852 -0.751326 0.550991 -0.841637 0.152315 0.506802 0.1272 0.892945 -0.416096 -0.172558 0.382926 -0.352872 -0.521388 -1 -0.491698 0.251598 -0.983031 -0.0383677 -0.627543 0.0772324 0.530624 5.95269 -7.92466 1.37296 1.99005 -4.56154 -10.434 -0.151768 10.2482 -3.18764 1.39185 0.248674 1.55099 0.158363 -84.7685 0.753401 -0.4364 13.3942 -6.24144 1.12058 1.53719 -5.29308 6.63237 -15 -7.37547 3.77397 0.0169688 0.961632 -162.754 0.538616 0.765312 0.554883 -1.17833 1.39606 1.40158 -0.170493 -5.89326 0.125388 7.10439 -4.57283 0.673945 0.378456 1.32862 0.458651 -97.0901 0.610188 -0.332608 5.49489 2.55238 1.32771 1.32311 -2.21393 8.89669 -8.59764 -0.529164 1.33461 0.730365 1.00088 -111.812 0.489297 0.706605
18 0.396846 -0.528311 0.16395 0.986728 -0.304103 -0.695601 -0.0101179 0.683213 -0.21251 0.391852 -0.751326 0.550991 -0.841637 0.152315 0.506802 0.1272 0.892945 -0.416096 -0.172558 0.382926 -0.352872 -0.521388 -1 -0.491698 0.251598 -0.983031 -0.0383677 -0.627543 0.0772324 0.530624 5.95269 -7.92466 1.37296 1.99005 -4.56154 -10.434 -0.151768 10.2482 -3.18764 1.39185 0.248674 1.55099 0.158363 -84.7685 0.753401 -0.4364 13.3942 -6.24144 1.12058 1.53719 -5.29308 6.63237 -15 -7.37547 3.77397 0.0169688 0.961632 -162.754 0.538616 0.765312 1.03359 -1.18728 1.37987 1.3556 -0.00630258 -6.34014 -0.312375 7.40185 -5.28049 0.798691 0.390751 1.32474 0.469449 -104.397 0.604641 -0.326205 5.64777 2.01852 1.31868 1.31073 -2.00296 8.71732 -10.6542 -0.829289 1.23707 0.598398 1.03795 -113.739 0.496246 0.745525
19 0.396846 -0.528311 0.16395 0.986728 -0.304103 -0.695601 -0.0101179 0.683213 -0.21251 0.391852 -0.751326 0.550991 -0.841637 0.152315 0.506802 0.1272 0.892945 -0.416096 -0.172558 0.382926 -0.352872 -0.521388 -1 -0.491698 0.251598 -0.983031 -0.0383677 -0.627543 0.0772324 0.530624 5.95269 -7.92466 1.37296 1.99005 -4.56154 -10.434 -0.151768 10.2482 -3.18764 1.39185 0.248674 1.55099 0.158363 -84.7685 0.753401 -0.4364 13.3942 -6.24144 1.12058 1.53719 -5.29308 6.63237 -15 -7.37547 3.77397 0.0169688 0.961632 -162.754 0.538616 0.765312 0.626911 -1.12221 1.37116 1.3587 -0.0839572 -7.24725 -0.0348202 8.08691 -5.50375 0.745176 0.319472 1.37694 0.412514 -105.143 0.609081 -0.346775 5.40454 0.61727 1.27426 1.2718 -2.95029 8.66045 -11.3599 -0.164694 2.35152 0.547442 1.05332 -121.734 0.447918 0.730886
20 0.406939 -0.522285 0.158197 0.952547 -0.307559 -0.704241 -0.0112883 0.690247 -0.218628 0.386858 -0.759595 0.566861 -0.859043 0.154131 0.497022 0.125003 0.893213 -0.416561 -0.170113 0.38432 -0.336048 -0.524297 -1 -0.49293 0.247412 -0.975928 -0.035899 -0.635174 0.0743501 0.536026 6.10409 -7.83427 1.36865 1.96441 -4.61338 -10.5636 -0.169325 10.3537 -3.27942 1.38686 0.240405 1.56686 0.140957 -84.5869 0.748511 -0.437498 13.3982 -6.24842 1.12242 1.53824 -5.04073 6.61637 -15 -7.39395 3.71119 0.0240722 0.964101 -163.517 0.537175 0.768013 0.440746 -1.07394 1.34202 1.30111 -0.000420501 -8.30885 0.307632 8.84712 -5.19057 0.810001 0.311225 1.40043 0.373662 -98.4727 0.61049 -0.333478 6.37238 -0.699474 1.25045 1.31397 -3.07437 8.76531 -11.0706 1.08901 2.34229 0.426513 1.02623 -119.725 0.452341 0.729784
21 0.406939 -0.522285 0.158197 0.952547 -0.307559 -0.704241 -0.0112883 0.690247 -0.218628 0.386858 -0.759595 0.566861 -0.859043 0.154131 0.497022 0.125003 0.893213 -0.416561 -0.170113 0.38432 -0.336048 -0.524297 -1 -0.49293 0.247412 -0.975928 -0.035899 -0.635174 0.0743501 0.536026 6.10409 -7.83427 1.36865 1.96441 -4.61338 -10.5636 -0.169325 10.3537 -3.27942 1.38686 0.240405 1.56686 0.140957 -84.5869 0.748511 -0.437498 13.3982 -6.24842 1.12242 1.53824 -5.04073 6.61637 -15 -7.39395 3.71119 0.0240722 0.964101 -163.517 0.537175 0.768013 0.253775 -2.65331 1.377 1.2613 -0.337753 -8.91152 0.35178 9.3984 -4.26162 0.881956 0.30509 1.42619 0.344713 -97.8546 0.615568 -0.337092 7.55817 -1.77045 1.2063 1.32635 -3.68483 8.57238 -11.3955 1.51755 1.82927 0.362308 1.00016 -125.294 0.519226 0.743184
22 0.406939 -0.522285 0.158197 0.952547 -0.307559 -0.704241 -0.0112883 0.690247 -0.218628 0.386858 -0.759595 0.566861 -0.859043 0.154131 0.497022 0.125003 0.893213 -0.416561 -0.170113 0.38432 -0.336048 -0.524297 -1 -0.49293 0.247412 -0.975928 -0.035899 -0.635174 0.0743501 0.536026 6.10409 -7.83427 1.36865 1.96441 -4.61338 -10.5636 -0.169325 10.3537 -3.27942 1.38686 0.240405 1.56686 0.140957 -84.5869 0.748511 -0.437498 13.3982 -6.24842 1.12242 1.53824 -5.04073 6.61637 -15 -7.39395 3.71119 0.0240722 0.964101 -163.517 0.537175 0.768013 -0.6651 -2.31001 1.39093 1.2704 0.269008 -8.70031 0.332695 9.36715 -4.5474 0.854797 0.303088 1.44171 0.416829 -101.453 0.603245 -0.334773 8.16092 -1.25526 1.23291 1.3253 -3.74475 8.46728 -11.5574 2.03986 2.00146 0.37268 0.971751 -130.654 0.52786 0.754034
23 0.428605 -0.4537 0.739735 0.852055 -0.397861 -0.0461743 -0.0889534 0.672801 -0.973066 0.427989 -0.912796 0.172258 -0.307552 -0.465151 -0.549342 0.358831 0.946426 -0.34422 -0.147621 0.129667 -0.502816 -0.448535 -0.962371 0.824867 -0.960391 -0.740772 0.0650385 0.622902 0.108306 0.929463 6.42907 -6.80549 1.8048 1.88904 -5.96792 -0.692615 -1.3343 10.092 -14.596 1.42799 0.0872044 1.17226 0.692448 -146.515 0.225329 -0.320584 14.1964 -5.16329 1.13928 1.34725 -7.54225 7.03306 -14.4356 12.373 -14.4059 0.259228 1.06504 -37.7098 0.554153 0.964731 -0.467869 -2.97413 1.35069 1.23645 0.542702 -9.21842 -0.194813 8.64815 -4.54977 0.954669 0.228765 1.4193 0.369695 -107.705 0.607373 -0.342879 8.46184 -0.811922 1.2389 1.34322 -4.28465 8.39776 -11.6812 2.68032 0.689579 0.457739 0.974299 -126.931 0.509826 0.747856
24 0.428605 -0.4537 0.739735 0.852055 -0.397861 -0.0461743 -0.0889534 0.672801 -0.973066 0.427989 -0.912796 0.172258 -0.307552 -0.465151 -0.549342 0.358831 0.946426 -0.34422 -0.147621 0.129667 -0.502816 -0.448535 -0.962371 0.824867 -0.960391 -0.740772 0.0650385 0.622902 0.108306 0.929463 6.42907 -6.80549 1.8048 1.88904 -5.96792 -0.692615 -1.3343 10.092 -14.596 1.42799 0.0872044 1.17226 0.692448 -146.515 0.225329 -0.320584 14.1964 -5.16329 1.13928 1.34725 -7.54225 7.03306 -14.4356 12.373 -14.4059 0.259228 1.06504 -37.7098 0.554153 0.964731 -1.85607 -4.30209 1.35473 1.2927 0.442079 -8.95902 -1.07249 8.03418 -6.04373 1.00946 0.251563 1.44553 0.364991 -109.651 0.596704 -0.326525 6.79221 -1.17594 1.24134 1.36809 -3.35367 8.21408 -10.4366 4.83392 -0.358403 0.525761 1.01124 -123.916 0.479292 0.767744
25 0.428605 -0.4537 0.739735 0.852055 -0.397861 -0.0461743 -0.0889534 0.672801 -0.973066 0.427989 -0.912796 0.172258 -0.307552 -0.465151 -0.549342 0.358831 0.946426 -0.34422 -0.147621 0.129667 -0.502816 -0.448535 -0.962371 0.824867 -0.960391 -0.740772 0.0650385 0.622902 0.108306 0.929463 6.42907 -6.80549 1.8048 1.88904 -5.96792 -0.692615 -1.3343 10.092 -14.596 1.42799 0.0872044 1.17226 0.692448 -146.515 0.225329 -0.320584 14.1964 -5.16329 1.13928 1.34725 -7.54225 7.03306 -14.4356 12.373 -14.4059 0.259228 1.06504 -37.7098 0.554153 0.964731 -3.06109 -2.92262 1.34065 1.34489 -0.122201 -9.18611 -1.67504 7.83207 -6.81175 1.01654 0.238507 1.46846 0.349839 -107.516 0.615965 -0.346145 8.91696 -1.56325 1.22372 1.32214 -3.05872 7.99889 -11.0123 4.9005 0.0745206 0.444269 1.05214 -127.723 0.491268 0.777777
26 0.428605 -0.4537 0.739735 0.852055 -0.397861 -0.0461743 -0.0889534 0.672801 -0.973066 0.427989 -0.912796 0.172258 -0.307552 -0.465151 -0.549342 0.358831 0.946426 -0.34422 -0.147621 0.129667 -0.502816 -0.448535 -0.962371 0.824867 -0.960391 -0.740772 0.0650385 0.622902 0.108306 0.929463 6.42907 -6.80549 1.8048 1.88904 -5.96792 -0.692615 -1.3343 10.092 -14.596 1.42799 0.0872044 1.17226 0.692448 -146.515 0.225329 -0.320584 14.1964 -5.16329 1.13928 1.34725 -7.54225 7.03306 -14.4356 12.373 -14.4059 0.259228 1.06504 -37.7098 0.554153 0.964731 -3.54925 -3.60153 1.35112 1.33238 -1.44821 -9.11995 -2.33273 8.67191 -7.9592 1.08793 0.172255 1.46848 0.378608 -109.353 0.58487 -0.319119 10.3931 -1.0938 1.23426 1.30652 -3.27608 7.79341 -12.3585 5.83315 0.421566 0.547928 1.07079 -119.292 0.508098 0.785561
27 0.420061 -0.473939 0.774452 0.877644 -0.445988 -0.0536704 -0.0990551 0.741759 -0.972297 0.425471 -0.864577 0.172521 -0.302529 -0.461159 -0.545619 0.368828 0.922826 -0.308647 -0.157798 0.131942 -0.513057 -0.403972 -0.915956 0.851329 -0.929435 -0.750855 0.103668 0.632047 0.119045 0.906551 6.30091 -7.10908 1.83084 1.90823 -6.68982 -0.805056 -1.48583 11.1264 -14.5845 1.42547 0.135423 1.17252 0.697471 -146.116 0.22719 -0.315586 13.8424 -4.62971 1.13165 1.34896 -7.69586 7.27816 -13.7393 12.7699 -13.9415 0.249145 1.10367 -36.7953 0.559523 0.953275 -3.95888 -3.71821 1.36601 1.33316 -2.30743 -8.67004 -2.12828 8.50831 -8.25707 1.10225 0.15114 1.41936 0.452612 -112.553 0.563408 -0.337992 9.79039 -1.05582 1.22993 1.28404 -3.80788 7.73774 -11.7883 7.1616 -1.37676 0.575904 1.0658 -113.958 0.507764 0.815028
28 0.420061 -0.473939 0.774452 0.877644 -0.445988 -0.0536704 -0.0990551 0.741759 -0.972297 0.425471 -0.864577 0.172521 -0.302529 -0.461159 -0.545619 0.368828 0.922826 -0.308647 -0.157798 0.131942 -0.513057 -0.403972 -0.915956 0.851329 -0.929435 -0.750855 0.103668 0.632047 0.119045 0.906551 6.30091 -7.10908 1.83084 1.90823 -6.68982 -0.805056 -1.48583 11.1264 -14.5845 1.42547 0.135423 1.17252 0.697471 -146.116 0.22719 -0.315586 13.8424 -4.62971 1.13165 1.34896 -7.69586 7.27816 -13.7393 12.7699 -13.9415 0.249145 1.10367 -36.7953 0.559523 0.953275 -3.72669 -4.3152 1.39174 1.25834 -2.25494 -8.55259 -1.19991 9.16755 -8.71322 1.14539 0.167972 1.41404 0.463351 -111.727 0.602645 -0.344884 10.7843 -2.78259 1.27048 1.24416 -4.14295 7.73664 -12.2431 7.38257 -1.31721 0.63014 1.00037 -109.03 0.499276 0.816021
29 0.420061 -0.473939 0.774452 0.877644 -0.445988 -0.0536704 -0.0990551 0.741759 -0.972297 0.425471 -0.864577 0.172521 -0.302529 -0.461159 -0.545619 0.368828 0.922826 -0.308647 -0.157798 0.131942 -0.513057 -0.403972 -0.915956 0.851329 -0.929435 -0.750855 0.103668 0.632047 0.119045 0.906551 6.30091 -7.10908 1.83084 1.90823 -6.68982 -0.805056 -1.48583 11.1264 -14.5845 1.42547 0.135423 1.17252 0.697471 -146.116 0.22719 -0.315586 13.8424 -4.62971 1.13165 1.34896 -7.69586 7.27816 -13.7393 12.7699 -13.9415 0.249145 1.10367 -36.7953 0.559523 0.953275 -3.70607 -4.62004 1.45266 1.27026 -3.0826 -9.67418 -1.34049 8.75555 -8.53955 1.11636 0.197449 1.43847 0.457582 -111.352 0.623053 -0.304859 10.7022 -2.72947 1.35273 1.28193 -5.36981 7.77631 -12.7403 6.30386 -1.98625 0.506291 0.959457 -108.52 0.493349 0.802028
30 -0.316638 -0.0675227 0.75531 0.77555 -0.474067 -0.797527 -0.0686136 0.545543 -0.970681 0.650937 -0.625399 0.188307 0.24586 -0.465151 0.690868 0.358831 0.93655 -0.257795 0.0412287 0.239176 -0.250902 -0.458769 -1 0.83477 -0.939761 -1 0.444539 0.771853 -0.297652 0.99237 -4.74956 -1.01284 1.81648 1.83166 -7.11101 -11.9629 -1.0292 8.18314 -14.5602 1.65094 0.374601 1.18831 1.24586 -146.515 0.845434 -0.320584 14.0483 -3.86692 1.28092 1.42938 -3.76352 6.97677 -15 12.5216 -14.0964 0 1.44454 -22.8147 0.351174 0.996185 -4.07949 -3.65025 1.4823 1.3076 -3.18394 -9.28466 -0.748042 9.67754 -9.32106 1.16173 0.193238 1.37425 0.431439 -110.544 0.594128 -0.311562 10.9928 -3.70514 1.34171 1.2899 -5.79803 7.77984 -13.2129 6.83277 -3.47486 0.441934 0.962049 -106.75 0.486968 0.799285
31 0.481927 -0.473939 -0.0159616 -0.915888 -0.467686 -0.102176 -0.26967 0.60169 -0.972297 0.425471 -0.864577 0.172521 -0.324425 -0.49448 0.333773 0.233133 0.941575 -0.321181 -0.178877 0.0919991 -0.433722 -0.403972 -0.915956 0.884927 -0.89177 -0.755111 -0.0213419 0.621042 0.33682 0.906551 7.2289 -7.10908 1.23803 0.563084 -7.01529 -1.53265 -4.04505 9.02535 -14.5845 1.42547 0.135423 1.17252 0.675575 -149.448 0.666886 -0.383433 14.1236 -4.81772 1.11584 1.319 -6.50583 7.27816 -13.7393 13.2739 -13.3766 0.244889 0.978658 -37.8958 0.66841 0.953275 -3.96204 -4.37523 1.5242 1.3248 -3.93985 -8.8002 -0.486653 8.25446 -9.27536 1.21362 0.196558 1.34152 0.53649 -114.859 0.553676 -0.294235 11.7306 -3.83867 1.29532 1.28067 -5.65624 7.57869 -13.1877 6.3419 -4.12097 0.383797 0.987384 -95.5176 0.485205 0.802481
32 0.481927 -0.473939 -0.0159616 -0.915888 -0.467686 -0.102176 -0.26967 0.60169 -0.972297 0.425471 -0.864577 0.172521 -0.324425 -0.49448 0.333773 0.233133 0.941575 -0.321181 -0.178877 0.0919991 -0.433722 -0.403972 -0.915956 0.884927 -0.89177 -0.755111 -0.0213419 0.621042 0.33682 0.906551 7.2289 -7.10908 1.23803 0.563084 -7.01529 -1.53265 -4.04505 9.02535 -14.5845 1.42547 0.135423 1.17252 0.675575 -149.448 0.666886 -0.383433 14.1236 -4.81772 1.11584 1.319 -6.50583 7.27816 -13.7393 13.2739 -13.3766 0.244889 0.978658 -37.8958 0.66841 0.953275 -3.0032 -4.69911 1.43613 1.22914 -3.82302 -8.41304 0.489039 8.48586 -9.85168 1.21841 0.193858 1.33209 0.520466 -114.533 0.57869 -0.277772 11.2622 -4.26526 1.28917 1.31273 -5.89334 7.89057 -12.773 7.82799 -6.02169 0.335435 0.974005 -77.7339 0.509282 0.817311
33 0.481927 -0.473939 -0.0159616 -0.915888 -0.467686 -0.102176 -0.26967 0.60169 -0.972297 0.425471 -0.864577 0.172521 -0.324425 -0.49448 0.333773 0.233133 0.941575 -0.321181 -0.178877 0.0919991 -0.433722 -0.403972 -0.915956 0.884927 -0.89177 -0.755111 -0.0213419 0.621042 0.33682 0.906551 7.2289 -7.10908 1.23803 0.563084 -7.01529 -1.53265 -4.04505 9.02535 -14.5845 1.42547 0.135423 1.17252 0.675575 -149.448 0.666886 -0.383433 14.1236 -4.81772 1.11584 1.319 -6.50583 7.27816 -13.7393 13.2739 -13.3766 0.244889 0.978658 -37.8958 0.66841 0.953275 -3.12749 -3.29971 1.44538 1.33133 -3.70692 -8.16062 -0.142805 9.07645 -10.1775 1.24561 0.17361 1.31969 0.516498 -121.059 0.556174 -0.266649 10.8907 -5.00758 1.30883 1.35986 -6.62982 7.95241 -12.0739 7.26492 -7.02487 0.303854 0.980464 -64.728 0.511962 0.778024
34 0.481927 -0.473939 -0.0159616 -0.915888 -0.467686 -0.102176 -0.26967 0.60169 -0.972297 0.425471 -0.864577 0.172521 -0.324425 -0.49448 0.333773 0.233133 0.941575 -0.321181 -0.178877 0.0919991 -0.433722 -0.403972 -0.915956 0.884927 -0.89177 -0.755111 -0.0213419 0.621042 0.33682 0.906551 7.2289 -7.10908 1.23803 0.563084 -7.01529 -1.53265 -4.04505 9.02535 -14.5845 1.42547 0.135423 1.17252 0.675575 -149.448 0.666886 -0.383433 14.1236 -4.81772 1.11584 1.319 -6.50583 7.27816 -13.7393 13.2739 -13.3766 0.244889 0.978658 -37.8958 0.66841 0.953275 -1.64852 -3.85901 1.48997 1.30951 -3.18353 -7.4824 0.628673 8.73309 -9.26287 1.23727 0.149547 1.31684 0.572395 -125.793 0.536533 -0.268517 9.79259 -4.64177 1.32019 1.38002 -6.56803 7.69066 -11.5437 6.30906 -6.52924 0.335621 0.957021 -63.8096 0.511238 0.778019
35 0.432692 -0.45642 -0.0469501 -0.998114 -0.598473 -0.183952 -0.364312 0.57917 -1 0.412167 -0.857457 0.147474 -0.371617 -0.429738 0.319791 0.256394 0.80084 -0.226682 -0.0549966 0.171549 -0.462573 -0.337311 -0.889537 0.882411 -0.860796 -0.758073 0.00367568 0.642891 0.346596 0.885139 6.49039 -6.84631 1.21479 0.501415 -8.97709 -2.75929 -5.46469 8.68756 -15 1.41217 0.142543 1.14747 0.628383 -142.974 0.659895 -0.371803 12.0126 -3.40023 1.20875 1.37866 -6.93859 7.64479 -13.3431 13.2362 -12.9119 0.241927 1.00368 -35.7109 0.673298 0.942569 -2.44302 -4.61652 1.46284 1.19155 -3.18839 -7.64501 0.0924967 9.09014 -9.93758 1.26512 0.138764 1.31295 0.550994 -131.173 0.572308 -0.285758 9.48075 -4.40632 1.3024 1.39808 -6.80131 7.89313 -12.4527 6.31125 -6.92067 0.302865 0.965321 -61.2672 0.535092 0.775947
36 0.432692 -0.45642 -0.0469501 -0.998114 -0.598473 -0.183952 -0.364312 0.57917 -1 0.412167 -0.857457 0.147474 -0.371617 -0.429738 0.319791 0.256394 0.80084 -0.226682 -0.0549966 0.171549 -0.462573 -0.337311 -0.889537 0.882411 -0.860796 -0.758073 0.00367568 0.642891 0.346596 0.885139 6.49039 -6.84631 1.21479 0.501415 -8.97709 -2.75929 -5.46469 8.68756 -15 1.41217 0.142543 1.14747 0.628383 -142.974 0.659895 -0.371803 12.0126 -3.40023 1.20875 1.37866 -6.93859 7.64479 -13.3431 13.2362 -12.9119 0.241927 1.00368 -35.7109 0.673298 0.942569 -1.90265 -5.1258 1.52413 1.21696 -1.97897 -6.92959 1.0917 8.81907 -10.9176 1.29913 0.125945 1.35072 0.520105 -138.386 0.552227 -0.334379 9.88668 -4.22827 1.27086 1.44282 -6.67468 7.96365 -12.8822 7.13238 -7.68846 0.247791 0.970356 -65.2918 0.537253 0.775663
