40 4 4

1.2147874186459872714038965568761 0.50141453947716985162230685091345 1.2147874186459872714038965568761 0.50141453947716985162230685091345 1.2147874186459872714038965568761 0.50141453947716985162230685091345 1.2147874186459872714038965568761 0.50141453947716985162230685091345 1.2147874186459872714038965568761 0.50141453947716985162230685091345 1.2147874186459872714038965568761 0.50141453947716985162230685091345 1.2147874186459872714038965568761 0.50141453947716985162230685091345 1.2147874186459872714038965568761 0.50141453947716985162230685091345 1.2147874186459872714038965568761 0.50141453947716985162230685091345 1.2147874186459872714038965568761 0.50141453947716985162230685091345 1.2147874186459872714038965568761 0.50141453947716985162230685091345 1.2147874186459872714038965568761 0.50141453947716985162230685091345 1.2147874186459872714038965568761 0.50141453947716985162230685091345 1.2147874186459872714038965568761 0.50141453947716985162230685091345 1.2147874186459872714038965568761 0.50141453947716985162230685091345 1.2147874186459872714038965568761 0.50141453947716985162230685091345 1.2147874186459872714038965568761 0.50141453947716985162230685091345 1.2147874186459872714038965568761 0.50141453947716985162230685091345 1.2087525291231242530187728334568 1.378661707118071344524423693656 1.2087525291231242530187728334568 1.378661707118071344524423693656 

6.4903850177193582737800170434639 -6.846306909278952801400919270236 6.4903850177193582737800170434639 -6.846306909278952801400919270236 6.4903850177193582737800170434639 -6.846306909278952801400919270236 6.4903850177193582737800170434639 -6.846306909278952801400919270236 6.4903850177193582737800170434639 -6.846306909278952801400919270236 6.4903850177193582737800170434639 -6.846306909278952801400919270236 6.4903850177193582737800170434639 -6.846306909278952801400919270236 6.4903850177193582737800170434639 -6.846306909278952801400919270236 6.4903850177193582737800170434639 -6.846306909278952801400919270236 6.4903850177193582737800170434639 -6.846306909278952801400919270236 6.4903850177193582737800170434639 -6.846306909278952801400919270236 6.4903850177193582737800170434639 -6.846306909278952801400919270236 6.4903850177193582737800170434639 -6.846306909278952801400919270236 6.4903850177193582737800170434639 -6.846306909278952801400919270236 6.4903850177193582737800170434639 -6.846306909278952801400919270236 6.4903850177193582737800170434639 -6.846306909278952801400919270236 6.4903850177193582737800170434639 -6.846306909278952801400919270236 6.4903850177193582737800170434639 -6.846306909278952801400919270236 12.012595418798378332780885102693 -3.4002298233856542708508641226217 12.012595418798378332780885102693 -3.4002298233856542708508641226217 

1 1 1 1 1 1 1 1 1 1 1 1 1 1 1 1 1 1 1 1 1 1 1 1 1 1 1 1 1 1 1 1 1 1 1 1 1 1 1 1 

0.45737002042931040879381043851026 0.43032561472166586113985431438778 0.48260662703896251013446772049065 -0.14544949570924486925704854911601 -0.028187799513427425068812226527371 -0.41926797149668820763324106337677 0.37186189781495460060511959454743 0.14188106481073470277465276012663 0.017933355419865515401056654809508 0.1874564605240972570143753728189 -0.36464540467813866264634725666838 0.34439402997698354003119902699837 -0.16551845598291531347356908554502 0.24765357782489316740281992679229 0.47562015055474826663584053676459 0.47990381530481562855072752427077 0.12010252132085263987448797706747 0.40590454167961353970639493127237 0.16958064384273285885029736164142 0.31647513984538389042455719391 -0.40494372598125771833821318068658 0.23046182316283780888710452927626 0.40537395742972104351053985737963 -0.011234320006908049549565475899726 -0.27572217899175466282457591660204 0.13627414993768283135722185761551 0.13131029514191217000274036763585 0.21419610907984720782337717537303 -0.25212962634494973102050607849378 -0.25880798499975721238541837010416 0.034729962020521032428632679511793 0.4811797141941169808632139393012 -0.43692416042877557647017283670721 -0.062662314419943077048458235367434 0.35374810120731037255126238960656 -0.069865365778033317045725425487035 0.18623895881988061784539922882686 0.18478364389612511597960065046209 0.12452324415767712650904286419973 -0.38436432643065432390727664824226 

1  1 -8.9770880200780762692147618508898  
4  2 -2.7592865930208900770992386242142  1 -5.4646850249528879928107016894501  3 4.3437785584452761611373716732487  5 4.3437785584452761611373716732487  
1  3 -8.9770880200780762692147618508898  
4  4 -2.7592865930208900770992386242142  3 -5.4646850249528879928107016894501  1 8.6875571168905523222747433464974  2 -15  
1  5 -8.9770880200780762692147618508898  
3  6 -2.7592865930208900770992386242142  5 -5.4646850249528879928107016894501  1 8.6875571168905523222747433464974  
1  7 -8.9770880200780762692147618508898  
4  8 -2.7592865930208900770992386242142  7 -5.4646850249528879928107016894501  9 4.3437785584452761611373716732487  11 4.3437785584452761611373716732487  
1  9 -8.9770880200780762692147618508898  
4  10 -2.7592865930208900770992386242142  9 -5.4646850249528879928107016894501  7 8.6875571168905523222747433464974  8 -15  
1  11 -8.9770880200780762692147618508898  
3  12 -2.7592865930208900770992386242142  11 -5.4646850249528879928107016894501  7 8.6875571168905523222747433464974  
1  13 -8.9770880200780762692147618508898  
4  14 -2.7592865930208900770992386242142  13 -5.4646850249528879928107016894501  15 4.3437785584452761611373716732487  17 4.3437785584452761611373716732487  
1  15 -8.9770880200780762692147618508898  
4  16 -2.7592865930208900770992386242142  15 -5.4646850249528879928107016894501  13 8.6875571168905523222747433464974  14 -15  
1  17 -8.9770880200780762692147618508898  
3  18 -2.7592865930208900770992386242142  17 -5.4646850249528879928107016894501  13 8.6875571168905523222747433464974  
1  19 -8.9770880200780762692147618508898  
4  20 -2.7592865930208900770992386242142  19 -5.4646850249528879928107016894501  21 4.3437785584452761611373716732487  23 4.3437785584452761611373716732487  
1  21 -8.9770880200780762692147618508898  
4  22 -2.7592865930208900770992386242142  21 -5.4646850249528879928107016894501  19 8.6875571168905523222747433464974  20 -15  
1  23 -8.9770880200780762692147618508898  
3  24 -2.7592865930208900770992386242142  23 -5.4646850249528879928107016894501  19 8.6875571168905523222747433464974  
1  25 -8.9770880200780762692147618508898  
4  26 -2.7592865930208900770992386242142  25 -5.4646850249528879928107016894501  27 4.3437785584452761611373716732487  29 4.3437785584452761611373716732487  
1  27 -8.9770880200780762692147618508898  
4  28 -2.7592865930208900770992386242142  27 -5.4646850249528879928107016894501  25 8.6875571168905523222747433464974  26 -15  
1  29 -8.9770880200780762692147618508898  
3  30 -2.7592865930208900770992386242142  29 -5.4646850249528879928107016894501  25 8.6875571168905523222747433464974  
1  31 -8.9770880200780762692147618508898  
4  32 -2.7592865930208900770992386242142  31 -5.4646850249528879928107016894501  33 4.3437785584452761611373716732487  35 4.3437785584452761611373716732487  
1  33 -8.9770880200780762692147618508898  
4  34 -2.7592865930208900770992386242142  33 -5.4646850249528879928107016894501  31 8.6875571168905523222747433464974  32 -15  
1  35 -8.9770880200780762692147618508898  
3  36 -2.7592865930208900770992386242142  35 -5.4646850249528879928107016894501  31 8.6875571168905523222747433464974  
2  37 -6.9385927091711288028363924240693  39 -13.343057029875998509282908344176  
3  38 7.6447908115976961340720663429238  39 13.236162711710619532823329791427  40 -12.911945056894467143138172104955  
2  39 -6.9385927091711288028363924240693  37 -13.343057029875998509282908344176  
3  40 7.6447908115976961340720663429238  37 13.236162711710619532823329791427  38 -12.911945056894467143138172104955  

1  7 1.1474744172584603330022900991025  
3  4 1.4121666118569844439178950779024  6 1.4121666118569844439178950779024  8 0.14254347734425043547901168494718  
1  5 1.1474744172584603330022900991025  
2  2 1.4121666118569844439178950779024  6 0.14254347734425043547901168494718  
3  3 1.1474744172584603330022900991025  9 1.1474744172584603330022900991025  7 0.62838345311924326264119144980214  
3  2 1.4121666118569844439178950779024  4 0.14254347734425043547901168494718  10 0.14254347734425043547901168494718  
3  1 1.1474744172584603330022900991025  5 0.62838345311924326264119144980214  13 1.1474744172584603330022900991025  
4  2 0.14254347734425043547901168494718  10 1.4121666118569844439178950779024  12 1.4121666118569844439178950779024  14 0.14254347734425043547901168494718  
2  5 1.1474744172584603330022900991025  11 1.1474744172584603330022900991025  
3  6 0.14254347734425043547901168494718  8 1.4121666118569844439178950779024  12 0.14254347734425043547901168494718  
3  9 1.1474744172584603330022900991025  15 1.1474744172584603330022900991025  13 0.62838345311924326264119144980214  
3  8 1.4121666118569844439178950779024  10 0.14254347734425043547901168494718  16 0.14254347734425043547901168494718  
3  7 1.1474744172584603330022900991025  11 0.62838345311924326264119144980214  19 1.1474744172584603330022900991025  
4  8 0.14254347734425043547901168494718  16 1.4121666118569844439178950779024  18 1.4121666118569844439178950779024  20 0.14254347734425043547901168494718  
2  11 1.1474744172584603330022900991025  17 1.1474744172584603330022900991025  
3  12 0.14254347734425043547901168494718  14 1.4121666118569844439178950779024  18 0.14254347734425043547901168494718  
3  15 1.1474744172584603330022900991025  21 1.1474744172584603330022900991025  19 0.62838345311924326264119144980214  
3  14 1.4121666118569844439178950779024  16 0.14254347734425043547901168494718  22 0.14254347734425043547901168494718  
3  13 1.1474744172584603330022900991025  17 0.62838345311924326264119144980214  25 1.1474744172584603330022900991025  
4  14 0.14254347734425043547901168494718  22 1.4121666118569844439178950779024  24 1.4121666118569844439178950779024  26 0.14254347734425043547901168494718  
2  17 1.1474744172584603330022900991025  23 1.1474744172584603330022900991025  
3  18 0.14254347734425043547901168494718  20 1.4121666118569844439178950779024  24 0.14254347734425043547901168494718  
3  21 1.1474744172584603330022900991025  27 1.1474744172584603330022900991025  25 0.62838345311924326264119144980214  
3  20 1.4121666118569844439178950779024  22 0.14254347734425043547901168494718  28 0.14254347734425043547901168494718  
3  19 1.1474744172584603330022900991025  23 0.62838345311924326264119144980214  31 1.1474744172584603330022900991025  
4  20 0.14254347734425043547901168494718  28 1.4121666118569844439178950779024  30 1.4121666118569844439178950779024  32 0.14254347734425043547901168494718  
2  23 1.1474744172584603330022900991025  29 1.1474744172584603330022900991025  
3  24 0.14254347734425043547901168494718  26 1.4121666118569844439178950779024  30 0.14254347734425043547901168494718  
3  27 1.1474744172584603330022900991025  33 1.1474744172584603330022900991025  31 0.62838345311924326264119144980214  
3  26 1.4121666118569844439178950779024  28 0.14254347734425043547901168494718  34 0.14254347734425043547901168494718  
2  25 1.1474744172584603330022900991025  29 0.62838345311924326264119144980214  
3  26 0.14254347734425043547901168494718  34 1.4121666118569844439178950779024  36 1.4121666118569844439178950779024  
2  29 1.1474744172584603330022900991025  35 1.1474744172584603330022900991025  
3  30 0.14254347734425043547901168494718  32 1.4121666118569844439178950779024  36 0.14254347734425043547901168494718  
1  33 1.1474744172584603330022900991025  
2  32 1.4121666118569844439178950779024  34 0.14254347734425043547901168494718  
1  38 0.24192749685575820617344788843184  
2  37 0.24192749685575820617344788843184  40 1.0036756801624733270728029310703  
1  40 0.24192749685575820617344788843184  
2  39 0.24192749685575820617344788843184  38 1.0036756801624733270728029310703  
